1.0884
1.5345
1.58792
0.618019
1.20208
0.917379
0.793801
1.49689
0.947609
0.751231
1.24635
1.48242
0.672424
1.25779
1.04918
0.821947
1.45396
1.07808
1.1876
0.933169
0.653425
1.02191
0.816531
1.04066
1.10682
0.924278
0.948404
1.28376
0.775152
0.847628
1.12142
0.715334
0.665959
1.66677
0.735109
0.971347
1.06394
0.701853
0.646001
1.3711
0.549112
1.29266
0.611075
0.726996
0.961755
0.834469
0.87206
1.22863
0.552057
0.589413
1.06116
0.738598
1.38839
1.41255
1.07941
1.08608
0.929929
0.431522
0.951014
0.608106
1.16662
0.775979
0.763869
0.825569
0.860467
0.850585
0.873843
0.739048
1.15002
0.977496
1.24743
0.775981
0.59028
1.11415
0.926661
1.58333
0.985158
1.50213
0.940938
0.773553
0.759988
0.946242
1.62364
1.71552
1.14432
1.62436
1.22144
0.897202
1.33441
2.89946
1.04673
0.993304
1.16175
0.864843
1.09226
1.21713
0.78269
0.851183
0.435443
0.502476
0.820888
1.13962
0.849909
1.12255
0.62574
0.595676
0.743884
1.24368
0.952171
0.785346
0.944062
1.05115
1.15956
0.738123
0.871454
0.647503
1.15656
0.699669
1.43673
0.869711
1.01514
1.46634
0.934595
0.25804
1.66808
0.92218
0.881502
0.742934
0.752039
0.576606
1.62977
0.61439
0.476494
0.799301
0.864798
0.787516
1.26172
1.51237
0.815228
0.800972
0.749547
0.845912
0.437157
1.37445
1.28326
1.25322
0.615856
0.813471
0.858432
1.17443
0.417102
1.35822
1.04542
0.987905
1.34166
0.542826
1.81014
0.575448
1.27717
0.688839
1.34354
0.983771
1.3199
0.933582
1.52074
0.690782
0.708169
0.840998
1.13723
0.781939
0.937275
0.783563
0.876108
1.16183
1.24887
1.3577
0.88862
1.27645
1.04668
0.748481
1.22622
1.05832
0.466554
1.27431
1.00777
0.350733
1.24006
1.01584
1.34006
0.824742
1.46594
0.559616
0.980231
1.04915
0.599339
1.01091
0.701289
1.03436
1.34089
0.924712
1.12779
0.838926
0.68969
1.07264
1.29262
0.759567
0.625211
1.37729
1.28199
1.14808
0.764293
0.922725
0.594463
0.645547
0.896908
1.18079
0.742886
0.781933
0.959632
1.06979
1.86397
1.21162
0.812406
0.726454
0.854953
1.10756
1.07969
0.896764
1.01838
1.10238
1.24072
1.54974
0.690311
0.740296
1.1022
1.07187
1.19519
0.688718
1.07312
0.578952
0.880926
1.07564
0.626607
1.11277
1.54295
1.05557
0.855061
1.19255
0.682877
1.12899
1.04677
0.697389
0.651102
0.948154
0.734709
1.57736
1.47346
1.18594
0.801242
1.22816
1.23395
0.962943
0.773867
1.22072
1.08072
1.0415
0.934617
0.821904
1.27017
0.887763
0.905977
1.05307
0.304686
0.759402
0.911917
0.301663
1.05884
0.811049
1.22232
0.533568
1.48391
0.953362
0.930905
0.74014
1.00711
1.20062
1.80617
0.524518
0.719632
1.50861
0.957902
1.2216
1.2026
1.58076
1.12701
0.746565
0.488831
0.849488
1.23836
0.839604
0.895932
1.2345
1.06102
0.624187
0.763369
1.59125
0.841838
0.782481
1.65493
0.582437
0.991179
1.00835
0.821057
0.845039
0.870273
1.24758
1.13239
0.667707
0.99296
1.37015
1.58966
0.773385
0.850584
0.9224
0.844384
0.719495
1.08928
0.882463
0.856122
1.18229
1.04404
0.635769
1.24589
1.12174
1.41752
0.889878
0.440721
0.832135
1.53842
0.95354
1.08578
0.662985
0.997794
0.940507
0.716321
1.10294
1.1494
1.22434
1.49403
1.28573
0.702411
0.596298
0.993056
1.52221
1.19975
0.541461
1.40739
0.9246
0.739686
0.486472
0.970062
0.983861
1.01925
0.701992
0.525442
0.622942
0.930851
0.948653
0.620156
0.71109
1.08798
0.978497
0.863192
0.504364
0.705083
1.00237
1.83675
0.66933
1.61316
0.651032
1.03341
1.08929
0.648286
1.27818
1.19706
1.22266
1.11007
0.40438
0.490401
1.11864
0.643132
0.668061
0.879408
1.13844
0.815915
1.01266
0.650445
1.34596
1.17452
0.786035
1.2779
1.04237
1.45856
0.990586
0.950887
0.84662
1.21917
1.01027
1.29409
0.487627
0.924697
1.20894
1.27203
0.871673
0.873862
0.877204
0.608301
0.840166
0.903096
0.805116
0.937285
0.830749
0.962352
0.822801
0.694495
0.609356
0.915551
0.983197
1.2516
0.736394
1.2794
0.355829
0.814415
0.632967
1.08241
0.976104
1.45044
0.743801
0.78918
1.69851
0.860121
1.50629
1.51563
1.27509
0.946217
1.04004
1.26327
0.657351
0.672182
1.26591
0.993596
0.720657
0.952734
0.616898
0.693445
0.830193
1.26008
1.54694
0.78831
1.27551
1.04017
0.875397
1.03584
0.781511
0.942179
0.92819
0.846759
1.48728
1.25469
0.655515
1.42895
0.830953
1.33228
1.07417
0.897698
1.10249
1.03703
1.75502
0.628903
1.51867
0.754132
1.19121
1.05852
1.50598
1.11684
0.964164
0.775559
0.74542
0.926438
0.872809
0.730542
0.755271
0.834724
1.01789
0.733893
1.09148
0.712325
1.47968
0.700323
1.56458
0.944438
1.1746
0.442845
1.07233
0.759425
0.483654
0.519561
1.1519
0.727661
0.852968
1.05703
0.931425
0.985915
0.667635
0.79968
1.13167
1.66219
0.62058
0.775333
1.0259
1.68484
1.36625
1.51894
0.800248
1.0081
0.458332
1.25949
0.540802
1.14653
1.1578
0.648657
1.74337
1.27741
0.798874
0.826413
1.20121
0.656512
1.47876
0.643933
0.969609
0.736909
1.24717
0.728918
0.351109
0.696806
1.33328
1.18327
1.19223
1.37346
0.267732
0.643364
0.542356
1.17635
1.20596
1.25329
0.614769
1.06584
1.08277
1.46121
1.39466
1.22969
1.07496
1.12386
0.591415
0.719
1.47908
1.00913
1.58527
0.505266
1.47869
0.915012
0.587394
0.975553
1.16575
1.80724
1.141
1.08274
0.390166
0.895167
0.51767
0.705413
0.914482
1.62934
1.1247
0.704696
0.838088
0.719606
0.855228
0.924595
0.653633
0.79747
1.05061
0.750883
0.908923
0.989155
1.02672
1.38239
0.655115
0.805985
0.679328
0.638948
1.03355
0.96018
0.581332
0.374948
0.782791
1.63988
0.897682
0.745136
1.52201
1.1874
0.681932
1.40806
0.680813
0.715221
1.07138
0.732775
0.391442
1.4175
1.05529
1.07637
0.629775
0.739886
0.873037
0.790806
1.14084
0.74511
0.678135
1.189
0.632811
0.640572
0.546719
0.91703
1.83702
0.90236
1.52796
1.36408
1.01653
1.17339
1.33408
1.72964
1.132
1.25935
0.90506
0.711767
1.35214
1.57922
0.930254
0.800862
1.27359
0.663248
1.46693
1.66249
1.02783
1.2751
1.33129
0.732222
0.865627
0.765772
0.724772
0.936475
0.547401
1.28237
0.588521
0.65736
1.33866
1.4269
1.00561
1.20785
0.897795
0.847572
1.41487
0.836478
0.561504
0.766531
0.795194
0.749505
0.461607
1.12307
0.577965
0.983098
0.999813
1.77613
1.03013
1.04174
0.932305
0.731974
1.1172
1.2559
1.3529
0.710491
0.584972
1.15023
1.01456
1.534
0.616435
0.764162
0.60416
0.742123
0.86793
0.579462
0.880336
0.868
1.06005
1.57905
0.892414
0.618047
0.60782
0.383873
1.34792
1.05059
0.807157
0.94808
0.56942
1.09322
0.320189
1.65302
0.606765
1.13844
0.770836
0.707192
1.04787
1.1572
0.516897
1.4121
1.20838
1.10406
0.697136
0.989809
0.582416
0.956129
0.862948
1.04132
1.12144
0.802586
0.995155
1.178
1.06909
1.58855
0.820568
0.802884
0.486455
1.04513
0.788808
1.95961
0.641948
0.64176
1.44977
1.33453
0.532465
0.649498
1.16784
0.760617
0.906806
0.574209
0.927912
0.658262
0.666873
1.15841
0.989129
0.89047
0.952197
0.729602
1.5418
0.762233
0.594907
0.641378
1.17225
0.789419
1.07366
1.25417
1.63384
0.678087
1.43592
0.917041
0.927883
1.26529
0.610346
0.595395
1.54778
1.05662
0.747585
1.47551
0.916721
0.753731
1.26424
0.692979
0.665166
0.924608
0.877555
0.997363
0.685325
1.1058
1.4381
0.914338
0.482775
0.546998
0.598013
1.03574
0.976625
1.13961
0.924052
0.922161
1.03358
0.784
1.04906
0.877354
1.14923
1.10261
0.95609
0.904465
1.0457
1.52545
0.980257
1.10492
0.469318
0.852452
2.23404
0.550876
1.33924
0.731323
0.75499
0.667269
1.33026
1.24472
0.991462
0.760821
1.22648
0.3455
1.40795
1.05411
1.09438
1.82064
0.580082
0.710413
0.612632
1.58119
0.770689
0.749824
1.08702
1.36649
1.1854
1.33303
1.20973
1.02149
0.98504
1.10532
1.01011
0.519376
0.594144
0.750999
1.35909
0.801014
0.846705
1.70265
0.778681
1.13579
1.27107
0.878509
1.19409
0.861675
0.877232
0.823743
1.11153
1.19098
1.53083
0.722731
0.773939
1.00911
0.72553
1.60199
0.349247
1.09673
0.563882
0.860318
0.714925
0.693472
1.19825
0.787477
0.661441
0.76595
1.48424
1.05672
1.07949
0.830737
1.19057
0.606748
1.02381
1.29208
1.26025
1.06743
0.311654
0.820329
1.47288
0.679834
0.763433
0.915029
0.956992
1.37759
0.829367
0.833749
0.553706
0.742203
0.892066
1.46005
1.12203
0.818486
1.2475
0.730155
0.907662
0.641487
1.2602
0.700957
1.03051
0.586259
1.18558
0.626332
0.604499
1.07291
0.56217
0.930422
0.840803
0.902923
0.698266
0.554065
0.719897
0.661257
0.9759
1.10834
1.02938
1.35538
1.64071
1.01706
0.684056
1.0953
0.608722
0.938276
0.81995
1.3223
0.847473
0.682587
0.608216
0.777485
0.911488
1.16734
1.17147
1.11018
1.38935
1.09643
1.00351
1.08666
1.07602
1.01519
1.08062
0.861311
0.717385
0.879678
1.49213
0.84046
1.72572
0.914817
0.793556
0.866176
1.00919
0.866751
1.14454
1.47415
0.764308
1.00324
1.19345
0.734859
1.06668
0.84416
1.29981
0.505473
1.00069
0.899341
0.749478
1.17597
1.29316
0.825005
0.654341
0.92356
0.726162
0.933318
0.958806
1.21945
1.02862
0.937848
0.74305
0.95601
0.67665
1.24471
0.560512
1.08836
0.744861
1.14042
0.441093
0.882225
1.21091
