1.09378
1.11829
0.941856
0.965883
0.821823
0.968676
0.898349
1.04396
1.41666
0.894781
0.887946
0.957453
0.921746
0.956256
0.940574
1.00447
1.02607
1.03256
0.980461
0.966645
1.02138
0.855897
1.06742
0.99311
1.01539
1.03443
1.02282
0.78625
1.0875
1.02527
1.00319
0.994667
0.971007
1.01197
1.06598
0.911334
0.80343
0.991176
0.959237
0.911458
1.05781
0.918508
0.874378
0.982305
1.10021
0.967836
0.984753
1.16062
0.991107
0.962069
0.812938
0.965736
1.09413
1.02447
0.911089
1.04406
1.07964
0.94777
0.906978
0.904658
0.917645
0.934183
0.849577
1.12597
1.16739
1.05153
0.988894
0.813429
1.12212
0.858906
0.881698
0.895771
0.942306
1.04358
0.968336
0.845956
0.914791
1.08657
0.937472
0.878108
0.993776
1.10067
0.946078
1.0061
1.03301
1.07186
0.96273
0.852774
1.05906
0.919454
0.930761
0.827089
0.842126
1.03292
0.991805
1.07752
1.00302
0.956962
0.895016
0.894576
