1.7584
2.03765
1.15833
0.349579
0.138039
1.86578
1.04218
0.677837
0.321345
3.76535
1.00713
0.719614
1.7647
3.0761
1.37206
0.0710936
0.337776
0.271956
1.27002
1.13924
0.325073
0.551646
0.24928
2.70399
2.18039
1.00805
1.14221
1.45727
0.239843
0.739532
0.749018
2.27139
0.159193
0.269538
0.519862
3.5245
1.23483
0.312336
0.401568
2.01122
0.3114
1.14609
1.36814
1.55351
0.3589
1.23795
0.223445
0.197344
0.942955
1.15446
1.00134
1.74973
0.792709
0.830314
1.85766
2.10772
0.480076
0.629919
2.54466
1.64974
0.780356
1.0327
0.3851
0.898623
0.265343
1.52408
1.89546
0.210537
2.35926
0.299609
2.79256
0.452418
0.633843
0.798195
0.568865
2.05667
0.404751
0.242619
1.13307
0.272631
1.53412
2.77791
0.024662
1.82229
1.11081
1.19009
0.749866
1.17511
0.700269
1.57507
1.37623
0.4485
1.26313
1.1666
1.68353
0.855276
0.865487
0.151897
0.210128
2.58306
0.849121
0.628262
0.874108
0.326847
0.588785
0.817878
1.85814
1.07374
0.666978
0.692825
0.575282
2.09358
0.131626
0.959659
0.322506
0.669178
1.63938
1.50263
1.08219
0.309901
2.13871
0.357482
0.741166
1.77263
0.524102
1.70805
0.885451
0.758602
0.148206
1.12108
1.12297
0.69314
1.31869
0.299394
1.30783
0.304945
0.561135
1.55215
3.52186
0.478722
1.61926
0.235703
0.124114
1.56799
0.328703
0.161936
0.898121
1.32596
0.149576
1.70254
0.555085
1.14766
1.11353
1.14599
1.64482
1.61772
0.126888
0.244568
0.221824
1.36567
1.44705
0.296771
0.777841
0.519766
0.288371
1.22494
1.572
1.47122
1.8871
2.17856
0.222273
0.464427
2.09549
0.581784
0.311575
0.246399
0.382549
0.834807
2.11956
1.27342
0.375189
0.191717
2.00677
2.4738
0.272239
0.477056
0.343365
1.12945
1.11802
0.44138
0.366284
0.835054
0.735709
0.551462
0.741495
0.787929
0.757491
0.81522
4.00844
0.486427
0.86173
0.808157
0.667561
0.252686
0.155426
0.997996
1.17594
0.457169
2.37215
1.46005
0.548999
0.269899
1.05072
0.166917
1.01884
0.98786
0.231168
0.380546
0.276104
1.7593
1.14451
1.13363
0.449686
1.04076
1.0402
0.394554
1.61909
0.611944
0.652717
0.894038
0.538266
0.133686
2.13127
1.1077
0.449377
0.453654
1.965
1.22591
0.41977
2.0788
0.61319
0.502984
0.817561
0.28517
0.541378
0.728606
0.579911
0.831284
0.491524
0.315743
0.20474
1.23068
0.880549
2.30211
0.687744
0.57347
0.790291
0.3598
1.73762
0.231804
2.13763
0.779265
0.722259
1.53253
1.77026
0.794467
3.47721
0.491435
1.3354
0.964236
0.844242
1.42216
1.49435
0.166009
1.47031
1.11857
1.432
1.42108
0.502017
0.956716
0.618802
1.00243
1.42167
0.747812
0.858939
0.40254
0.528227
0.753016
0.431549
0.0422799
1.5221
0.684282
0.833342
1.06517
0.65018
0.81821
0.251488
0.920148
0.6425
0.408182
1.20287
2.50842
0.95953
0.327038
0.83522
0.85634
0.544939
0.450109
1.38709
0.64142
0.927428
0.847977
0.593394
0.354635
1.09591
0.57981
0.48678
1.59175
0.466474
1.00303
0.711854
1.46045
1.41961
0.277487
0.432942
0.272091
0.496565
0.760537
0.998689
1.72504
0.478926
1.08026
0.932361
1.21954
0.658134
1.43106
0.659891
0.781622
0.134264
0.688405
1.38638
0.694456
1.11806
1.17162
1.37957
0.957005
1.42323
0.792902
0.87886
0.835482
0.933194
1.2426
3.31749
0.558872
0.184997
0.453911
0.697712
0.974918
1.33189
0.421475
0.0941737
0.172691
0.290299
0.451312
1.94292
0.133294
0.529145
3.53141
0.276186
1.10072
0.764823
0.730877
1.01408
1.62362
0.499908
0.21414
0.99496
1.67369
2.54017
2.49368
0.954816
0.379787
1.30297
0.831827
1.45639
0.918916
0.449565
1.47803
1.27491
3.38921
0.406606
0.971996
1.55245
0.909951
0.863685
0.32314
0.915438
0.315748
0.930397
1.38304
0.430875
0.338568
1.2801
1.16244
0.587962
1.39793
1.11476
0.823143
0.760455
0.634931
2.96286
0.330593
0.166571
1.27635
3.38181
2.24605
0.218458
1.70189
1.28952
3.12169
1.17727
1.02376
0.824212
1.48502
1.21134
2.25911
0.590711
2.47127
2.26676
0.533925
0.663361
1.94783
0.485429
0.627132
2.38343
0.293526
0.434494
0.527367
1.96388
1.26675
0.856039
1.86036
2.08499
1.80042
0.0702499
5.97244
2.93361
0.371301
1.46047
3.75947
0.102338
1.44615
1.02111
1.35285
1.3112
0.107177
1.24742
1.66483
0.837839
1.10927
1.0845
1.44059
1.39912
0.359345
1.52517
0.332256
1.32329
1.62443
0.975369
0.068864
0.124563
1.89443
0.724532
0.814812
1.90299
1.49474
0.642636
2.98828
0.565926
0.394058
1.07622
0.791018
0.699143
0.806651
0.54042
1.3056
0.389343
0.782177
0.919581
0.859214
0.111266
0.136855
0.267014
0.145955
1.51613
0.651164
0.83775
0.146736
0.353635
0.523096
0.396967
0.635872
1.41194
1.43961
0.220056
1.03345
0.692727
0.738948
1.7637
1.46929
1.67802
0.494248
1.02331
0.855421
0.198544
2.27559
1.35098
0.845319
0.847821
0.293015
0.559078
0.512783
0.521088
0.606415
0.929336
1.01525
0.61724
0.469756
0.0147354
0.861403
0.32527
0.224704
0.774697
1.33037
1.06438
1.00042
0.666242
0.849752
2.47197
1.23002
1.3816
0.251037
1.62901
0.771151
0.728054
0.369013
0.867597
0.662086
0.318626
1.7094
1.34762
0.510826
1.04585
1.31931
0.496698
0.322264
2.54819
0.343792
1.13619
0.905331
0.982879
0.423311
1.02282
0.850009
2.51877
0.694475
0.924568
0.127843
0.733482
1.21025
1.45003
0.229879
0.775736
0.780571
1.12106
1.12667
0.432058
0.887865
0.408858
0.38206
1.99572
0.304659
0.561721
0.523576
2.3971
0.738951
0.374942
0.269886
1.48237
0.632195
1.31904
2.0074
1.84096
0.391131
1.62514
0.496786
1.61956
1.14093
0.636949
0.454329
0.703563
0.487009
0.78491
1.29005
1.81017
0.580466
2.00759
2.07529
2.27489
0.393484
0.400516
1.11474
0.288066
1.0791
1.79056
0.377639
0.0792145
0.59307
0.0949153
0.145361
0.666371
1.06727
1.28429
2.73164
2.59084
0.698861
0.401438
1.81613
0.532557
1.16191
0.900972
0.0918699
1.06526
0.811094
1.53831
0.17678
0.775974
1.87075
0.452981
0.438184
2.40471
0.033354
0.366778
0.38466
0.57069
0.300891
0.440163
0.820687
0.59981
0.721477
0.844494
1.07595
1.5799
2.67663
1.97185
0.444445
0.414068
1.25297
0.138159
0.822305
0.441845
0.82586
0.488224
0.165799
0.46074
1.12997
0.876185
0.151578
1.40312
0.435653
0.513401
1.06093
0.675849
1.36803
0.705783
0.682276
0.347181
1.89784
0.580364
0.429921
1.22245
0.421123
2.40165
1.95303
0.310363
3.45934
1.59578
1.32641
0.392953
0.787381
0.579174
0.956764
1.41064
0.372715
0.756847
0.509821
0.466354
1.48706
0.37248
1.16915
0.856147
1.02586
0.500002
0.759665
0.606063
0.148732
2.065
0.84797
0.468165
0.699695
0.513711
0.321493
0.290236
0.409359
0.650985
3.29981
2.53854
0.360797
0.222566
0.450562
1.15851
1.74601
0.76384
1.61522
1.13273
1.41881
1.5992
1.36051
0.639293
1.2483
0.622822
0.252984
0.925847
0.507847
0.769782
0.185896
0.311801
0.86771
0.349045
2.3529
0.76949
0.224617
0.579211
0.991045
1.7278
1.60897
0.823709
2.04978
0.887185
0.502492
0.52518
0.11729
0.836513
0.146594
0.459932
0.627118
1.83417
2.17767
0.718054
1.43407
1.27958
1.81093
1.37376
0.342089
0.420732
1.88516
0.859626
0.399252
0.654093
1.14139
1.3365
1.86617
0.484704
1.94839
1.07254
0.119369
0.764989
0.693255
0.771
0.365516
0.777931
3.15664
1.14593
1.2093
2.76092
0.528972
0.824406
0.303305
0.257927
0.962629
0.311938
0.471562
2.33537
1.60577
1.66122
0.482926
1.57036
0.750136
0.277438
0.363334
2.18071
2.05105
0.907273
0.382482
1.1962
2.67467
0.899155
0.800417
0.487318
0.0572915
2.71709
1.6834
0.185394
0.906469
1.10715
0.610442
1.32521
0.623857
0.898996
1.20941
2.47133
1.78937
0.421696
1.07368
1.84764
0.0922465
1.75121
0.490978
0.281051
0.838418
0.556638
0.423523
1.00626
1.2707
0.283713
0.434986
0.583731
0.812047
1.75293
0.621296
1.80574
1.20275
0.376514
1.52633
0.774811
1.2075
0.679497
0.181227
0.732246
1.10923
0.797202
0.458075
2.24911
0.718461
0.463528
0.654415
1.07511
0.0616701
0.857312
1.26931
0.422727
2.64821
0.673021
0.570214
0.066366
1.21144
0.778525
3.28022
0.284454
0.254522
0.339786
0.970848
0.374105
2.37123
2.18838
1.34396
1.40891
0.556839
2.03967
1.43913
1.56203
0.370063
1.2751
0.485571
0.750328
1.39657
3.4762
0.4164
0.12546
0.967636
0.337819
0.902967
0.218747
0.388416
3.38547
0.45799
0.294341
0.619714
0.531959
1.8384
1.14028
1.91799
1.45704
0.634963
0.980815
1.11355
0.680595
0.235306
1.77257
1.48957
0.534037
0.168884
0.608372
0.531097
0.490381
0.898174
0.887745
2.01833
1.86508
0.702208
0.850182
0.664524
0.830117
1.2947
1.39931
0.164748
0.412773
0.163846
0.454002
0.558296
2.1222
0.638339
0.858167
2.30362
0.277976
1.81617
0.404511
1.63315
0.584057
0.64134
1.47109
1.22272
0.963333
1.5726
1.47056
0.976147
0.316815
0.936961
1.21099
0.682797
4.13794
0.754988
0.856169
0.901063
0.679538
0.302698
0.13607
0.961616
1.09853
0.299169
0.408006
0.446362
0.641374
1.9769
1.42852
0.74203
0.0221363
1.23329
0.138817
3.10949
0.278562
0.348579
1.22553
0.148432
0.995588
1.19266
1.06643
1.0638
0.15041
1.58128
1.15323
0.531491
0.538602
0.66311
0.620014
1.19955
0.481033
1.05495
1.43929
0.99697
1.3095
1.07171
2.12594
1.04825
1.14906
2.06419
0.541058
0.590498
0.790873
0.636941
1.11283
0.492646
3.30478
0.250737
0.477973
0.631096
0.610349
0.408419
1.17347
1.37129
0.229934
1.58515
0.537563
0.79188
0.303923
1.95533
0.721068
0.356496
1.45853
0.87178
1.70882
2.25187
1.11286
0.581529
0.808011
1.05048
0.493788
0.853503
0.678636
0.721429
1.21119
0.129521
0.950996
0.0218318
0.812515
0.238677
1.25766
1.55604
1.45645
2.37764
1.50622
1.9822
0.120422
0.512791
2.28832
0.522483
0.934102
2.08255
1.15102
1.05022
1.07439
0.501427
0.614439
0.200374
1.43083
1.0334
1.05794
0.990401
0.667071
0.864817
0.503609
0.158208
1.39352
0.309206
0.607774
0.22683
0.609515
1.48067
0.812917
0.0978071
0.372375
1.57686
0.357953
1.32318
0.854171
1.05001
0.964104
2.14748
1.20457
0.537795
0.57843
0.141344
1.48942
0.966961
0.538275
0.738562
0.87676
0.808098
0.375314
1.11093
1.35166
2.5315
0.279169
0.302721
0.333112
0.480746
1.09491
0.626229
1.8357
1.31137
2.83138
1.18913
1.27648
2.0876
1.93527
0.847168
1.23164
0.812351
2.15134
1.01563
1.10461
0.389
0.176361
0.611525
1.78054
0.703572
0.943007
0.342376
0.830567
0.812751
0.60087
0.469757
1.37484
0.915312
0.913989
0.129398
1.09917
1.01422
3.07568
0.219361
0.840822
0.408065
0.403065
1.98664
1.75983
0.0658992
1.37816
0.434881
0.0653887
2.53949
0.929816
1.05
0.485114
0.368454
2.25851
0.916263
0.85698
1.06867
1.75827
0.911737
2.77683
0.626539
1.0282
1.08466
0.687355
1.11637
1.05371
3.36328
0.398797
1.81653
0.718838
0.86768
1.2077
0.203577
0.453756
0.0252088
0.178329
0.403741
2.45255
0.641651
1.68703
2.30532
0.42173
0.672604
0.424286
1.44248
1.11923
0.177293
0.933649
1.6867
1.07722
2.37073
1.01716
0.96954
0.541292
0.623943
0.205303
0.37613
0.75304
1.48517
0.260669
1.77698
0.709712
2.44906
0.169159
0.450336
0.708247
0.588879
0.719131
0.428168
0.792315
1.94959
0.644522
0.259501
0.758704
2.2169
0.462339
1.10386
0.189236
1.40588
0.643328
0.472315
0.513838
0.702536
0.801015
1.16431
1.03501
1.43195
0.814009
1.1186
2.85773
1.12743
1.18522
2.03078
0.513592
1.01655
1.04761
0.876107
0.747174
1.5904
0.582527
0.6167
0.134004
1.90257
1.0395
0.756465
0.465032
2.17682
1.93752
0.626887
0.242593
0.554417
1.51439
0.68301
0.419979
0.953789
0.407261
0.439798
3.35294
0.491179
0.48066
0.733205
2.35778
0.9561
0.706096
0.436644
0.374923
0.497926
1.47394
0.703517
0.920328
1.34941
0.51643
0.280088
0.189252
1.504
0.177694
2.26162
0.135956
0.661501
0.926942
0.228041
0.313384
1.21269
0.992487
1.31377
2.65423
1.32601
1.23251
1.36028
0.681683
0.88492
2.60563
2.96188
0.233194
1.52853
0.117633
1.7351
1.81898
0.729485
0.622904
0.815936
0.731013
0.995082
0.841276
0.484663
1.12511
2.04578
1.17335
1.31189
1.9314
2.05388
0.262691
0.61874
1.30305
0.912723
0.702305
1.49202
0.509029
1.19864
0.225713
0.976599
0.847095
1.36264
0.45729
1.60408
1.73463
1.45943
0.457103
0.848345
0.471266
1.25154
1.85602
1.006
0.818801
0.361171
1.05427
0.806127
0.572237
2.41371
0.825452
0.843651
0.882689
0.539082
1.58221
0.436928
1.42246
0.449042
1.47504
0.326054
3.52257
0.682869
1.21486
0.512237
0.418304
1.06392
0.535545
0.543486
1.04223
1.25364
2.45059
1.25292
0.412663
0.185177
0.228531
0.631667
0.867587
0.522159
1.32898
1.91497
0.144341
0.189863
0.347424
0.428374
0.413427
1.44593
0.81996
0.496097
0.718453
0.316575
0.127503
0.76967
2.08036
1.04075
0.541298
0.734936
0.11024
0.15244
0.302462
0.208238
0.536942
0.648798
2.09392
1.41968
0.594875
0.568162
0.486319
1.45985
0.264178
1.27673
1.24681
1.02003
0.343014
0.543038
2.95872
0.755246
0.558178
0.0493412
0.824001
0.481073
1.77153
0.643509
1.90745
1.2109
1.88616
1.07696
0.4801
0.611797
1.30014
1.29781
0.742531
0.540895
0.611203
1.12281
1.63708
0.855718
0.829493
0.810651
0.743813
0.461022
0.735988
0.384719
1.66111
0.708038
1.54568
1.23029
0.465295
2.02677
0.93426
1.34648
1.2831
3.58878
1.25594
1.01942
1.88361
0.687809
0.495999
0.584174
0.478637
0.375971
0.874573
0.408111
0.477368
1.01144
0.826667
1.08986
0.214114
1.10965
2.23751
2.89189
1.20253
1.4252
0.742361
0.40772
1.0117
0.622166
0.429199
1.6788
0.661689
2.71614
0.598489
1.65203
2.9225
0.651513
0.188479
0.904033
3.00073
0.495622
1.58014
1.92329
1.21687
1.48105
0.0535868
1.26802
1.61555
1.09197
0.419152
0.949868
0.65875
0.613086
0.40633
0.358053
0.206722
0.660758
0.812291
0.946256
0.570189
0.933318
0.889306
0.908372
0.25399
1.25017
0.709856
2.2031
1.77467
1.14068
0.386634
0.33286
2.02372
0.314126
0.467068
1.08549
1.31016
0.891147
0.725797
1.21042
2.91589
1.2086
0.622473
0.215106
2.09599
0.904569
0.601834
0.719392
0.983303
0.749743
0.485905
0.650386
0.268118
0.966783
0.229217
2.22573
0.185686
0.975783
0.200426
2.15395
1.5789
1.27263
1.92979
1.02097
0.825731
0.512237
0.941782
0.373035
1.5564
0.975232
0.602196
0.8435
0.429529
1.06195
2.40191
1.55203
1.55193
1.16069
1.60809
0.948666
0.851009
0.324323
0.521439
0.266747
0.334741
2.38758
1.30279
0.238528
0.692255
0.216213
2.17924
0.736663
1.10475
0.804864
0.0866744
1.92458
0.378764
0.552694
1.16257
0.390253
0.12653
0.683295
1.3014
1.72372
0.813813
0.882857
1.84461
0.361588
0.448494
0.854114
0.745224
1.19095
0.593275
2.85432
1.19822
1.25841
0.946276
1.15301
1.10605
0.347327
1.15933
0.504939
0.593399
0.733539
0.0706448
0.204194
2.43188
1.56621
0.691865
1.74136
0.738442
1.11651
1.06514
2.18927
2.25963
0.721605
0.577939
3.0408
1.34832
0.284123
0.433231
1.412
0.802872
0.934697
2.18239
0.264879
0.500617
0.373235
0.931798
0.565387
0.867663
0.506897
0.452303
2.21975
1.15535
0.796611
0.389259
0.889676
0.991028
0.513083
1.32492
0.811704
0.666471
0.281294
1.09292
1.37699
0.33855
1.69726
0.940681
1.41712
0.215177
0.614687
1.7102
0.455126
1.26515
0.536117
0.933406
1.29803
0.24791
2.55331
1.27868
0.938243
0.832113
0.309112
0.239636
2.03058
0.674105
1.8918
0.384101
0.633508
0.358243
0.386938
1.5004
0.299756
0.598076
1.48902
1.45203
1.28964
1.4007
1.55897
2.41387
0.622705
0.719963
0.293175
1.46061
0.79688
1.16816
0.677614
2.98434
0.64899
0.561664
0.767765
0.426802
2.04417
0.689343
0.372503
0.428554
0.307992
0.405214
0.737975
1.4082
0.741845
1.0769
0.195746
1.02018
0.767375
0.167666
0.273916
5.46299
0.219089
0.340759
0.406181
1.50366
2.298
0.576955
1.64155
0.544264
1.38512
1.28102
1.87844
0.269179
0.659438
0.133112
0.374754
0.835047
0.202498
2.39565
0.969526
0.586253
0.734767
1.50668
0.324496
1.08871
1.04788
0.685195
0.855287
0.766969
0.169537
1.10462
0.25706
0.702049
0.851156
1.94289
1.76153
0.998156
1.54476
1.38379
1.31362
0.506705
0.644204
1.96716
2.06339
1.14747
0.299481
1.33135
0.945614
2.18131
2.21899
0.792888
1.54324
0.622957
1.79864
1.67283
0.790962
1.58664
0.132347
1.08033
0.527454
0.185283
0.917635
0.531609
0.220899
0.573613
0.737734
0.287918
0.207867
0.293434
2.27188
1.90418
0.89587
0.921165
2.08687
2.91954
0.787581
0.736626
1.59629
0.232628
1.9004
1.53282
0.20486
0.912969
0.100623
1.03101
0.457843
2.64361
1.17726
0.946717
0.745652
1.52372
0.628739
0.826722
0.463549
2.64097
0.0630213
1.3395
0.208015
1.01513
0.169527
0.966251
0.482393
0.302827
0.270074
0.201034
1.17603
2.16704
0.931109
0.304404
0.489171
0.95859
0.411289
0.551841
1.45389
0.159231
2.34305
1.85024
0.521946
0.290924
1.47343
0.959697
0.548263
0.277559
0.83367
1.43218
0.418287
0.293196
0.14127
0.761128
0.80613
0.625488
0.802186
0.496263
0.715568
1.0183
0.0823976
1.03057
0.471594
0.572172
2.2784
0.301516
0.434953
0.49854
0.687735
2.08201
1.04003
0.268076
0.297815
0.197493
0.138994
2.1984
0.283689
1.36558
0.580744
0.575378
0.750057
0.80086
1.08212
0.901316
1.14024
1.51536
1.67454
0.85278
0.955815
0.616345
0.793003
1.02786
0.607986
0.851106
0.564257
1.26475
0.304403
0.311954
1.34679
0.226742
0.331927
0.471889
0.280973
1.09084
0.774513
0.907199
0.853819
1.43719
0.250049
1.61821
0.852585
2.96121
0.180316
2.77983
1.51935
1.74306
1.21518
0.296937
0.322659
1.26102
0.250846
0.0714798
1.84954
1.61413
2.23731
2.29335
1.38273
0.977048
0.298442
0.215014
0.381929
1.32951
1.19917
0.299192
2.07858
0.260589
0.284883
1.94133
0.919229
1.1172
1.1838
2.01188
0.282645
0.433491
0.28072
0.232692
0.471614
2.6394
0.366645
1.04093
1.87229
1.98982
2.37718
0.716142
0.176619
0.725527
0.528979
1.1554
3.69672
0.624868
0.107327
0.373389
1.59287
1.17657
0.658161
1.74938
0.180905
0.211524
0.119964
0.281651
1.22786
0.129995
0.137569
0.600687
0.801443
0.782312
1.22717
0.706953
0.703821
0.246353
2.70888
0.423595
0.374785
0.588818
1.43146
0.396998
0.787942
0.218433
0.184971
1.06988
1.07908
0.231578
1.0645
0.499837
1.6376
0.963521
2.14698
0.725124
1.47283
0.319482
1.0278
0.557862
0.122348
0.24292
2.2475
0.908941
0.195833
1.46325
0.617426
2.01847
0.768308
0.295331
0.930202
0.0848957
1.74184
0.199958
0.434337
1.84348
1.14861
2.51045
0.792947
1.79161
0.367957
2.00576
0.665936
1.04134
0.178982
1.34402
1.62709
0.253203
0.526883
0.160233
1.77941
1.10461
2.34215
1.00307
0.481009
0.934287
1.18056
1.46321
1.15276
0.921648
1.57746
1.88629
0.351107
2.55629
1.54197
1.0467
0.543184
0.187099
1.63398
0.419768
1.9502
0.505562
0.230054
1.64885
0.306031
1.49385
0.307339
0.595855
1.53002
1.51807
0.690932
2.72017
0.501462
0.665221
0.177394
0.839653
1.82559
1.33469
0.874037
1.69356
0.592867
0.845077
2.83936
0.499584
0.539684
1.02328
0.0358273
0.386017
0.453325
0.643908
0.788562
0.354343
0.385936
2.45074
0.986498
0.670033
2.58002
0.77677
1.03138
1.51072
0.233956
1.97904
1.57925
1.05717
0.859129
1.0914
0.150096
1.79842
0.459323
1.02782
0.253577
0.869107
1.43148
0.78733
0.64505
0.660713
0.85639
0.564537
1.65933
0.719145
0.948922
0.437347
0.777276
0.158814
0.834549
1.46337
0.366907
1.26248
0.273529
1.71513
1.00233
0.641519
0.413502
0.743
1.03723
0.432241
0.061709
0.966156
1.52825
0.844076
0.832464
1.14923
0.660261
1.20039
0.954236
0.900604
0.597555
0.354997
1.34635
0.225957
0.957915
0.254132
1.15255
2.2212
0.48129
0.644572
1.6739
0.495828
0.818412
0.422569
1.53873
0.713229
0.216832
0.581116
0.433197
0.855557
0.413354
0.909039
0.435634
1.40669
1.39419
0.95201
0.593996
0.23087
1.87169
0.710901
0.315451
1.20933
0.808616
1.00056
1.93238
0.295325
1.54952
1.48023
1.19155
0.166497
0.82504
1.40708
0.0918107
1.4138
2.1325
0.546968
1.57551
0.728211
0.0279419
0.616414
0.322804
0.673299
0.138686
1.3642
0.178481
0.615332
0.994621
0.919446
0.249412
0.0410313
1.82877
0.731584
0.31404
1.45312
0.18591
0.413363
1.105
2.25464
0.393906
0.438197
1.98886
1.06697
0.992594
3.50211
1.29789
0.851116
1.16065
0.440413
1.23725
0.87456
0.687281
0.612196
0.307716
0.850928
0.653919
0.82012
0.959907
0.661026
0.951495
2.03512
1.18486
2.08757
2.23351
1.18601
0.185974
2.04417
0.353323
0.53113
0.834239
2.66502
1.55234
0.27345
2.20639
2.54298
0.843793
0.829043
2.10782
1.25453
3.23385
0.415591
0.751856
0.399072
1.5751
0.511802
1.34123
1.10945
1.31177
0.45684
0.835048
0.404157
0.66982
1.27897
2.01222
0.758983
2.30607
0.943834
1.27848
1.02899
0.653493
0.629463
0.789589
0.856788
0.357423
0.361086
0.533944
0.713877
0.935051
0.816953
0.141822
1.26131
2.08498
1.86771
0.973745
0.316583
3.13353
0.0181922
0.826023
0.673653
0.507973
1.91828
0.483068
0.350455
0.34351
0.688385
0.884172
0.971345
1.39702
0.822749
0.421939
0.91253
0.886031
0.543543
0.320448
1.29091
0.836946
0.466995
0.743088
0.129288
1.7279
0.126718
0.290974
1.42412
0.581255
0.668615
1.34742
0.868665
1.01965
2.39604
0.795991
0.80773
2.22837
2.24846
1.65414
1.13094
0.691492
0.776971
0.188501
1.15365
1.79131
0.58301
0.0322565
1.72583
2.24513
0.400342
0.403363
1.67453
1.02162
1.70098
0.575784
0.93802
0.458501
0.299366
2.10531
1.52887
1.25387
0.503409
1.33547
0.557571
0.705244
0.719688
0.416922
1.49542
0.570278
0.915958
0.234244
2.74768
0.509743
0.303273
0.55684
0.384833
1.36782
1.0498
1.28166
0.287263
0.696956
0.604037
2.03688
0.608662
1.5347
0.626353
1.06227
1.86962
2.34344
1.20505
0.719571
0.960176
1.49223
1.89643
1.07504
0.713144
0.508691
0.09732
0.883379
0.934755
1.38064
1.77081
0.769911
2.28864
1.83055
1.48747
0.266661
0.521032
0.0490525
1.66098
0.893929
0.802919
1.43858
1.86499
0.170957
1.52818
2.26201
0.900007
0.509714
0.150944
0.411153
1.44698
0.424804
2.05461
3.18126
0.59139
0.765101
0.267906
0.706771
2.6264
0.348447
0.197116
0.411501
1.6017
1.69013
1.2005
0.195172
3.84545
1.84385
1.98795
0.287465
0.303927
0.227711
0.337462
2.18682
1.94444
0.896524
1.20865
1.35692
0.0712481
0.479338
1.23937
0.455393
1.52532
1.06178
1.8598
0.030421
2.7549
0.249129
0.70649
0.736037
1.82789
0.499662
1.52252
0.774288
0.870857
1.73735
2.11905
2.02836
3.34709
0.762808
0.128244
0.666486
0.679559
0.636828
1.51871
0.595355
1.90433
0.165594
1.26264
0.701643
0.488935
0.801096
0.623484
0.380229
1.49203
0.721532
0.240022
0.893286
1.13683
0.40567
1.43292
0.55653
1.10024
0.26564
0.38894
1.17237
0.479914
2.05718
0.494136
0.772031
0.256348
0.778802
1.35139
0.114801
0.559302
2.02509
0.951312
0.125853
0.748889
1.1396
0.520291
1.18673
0.578102
0.895609
0.800676
0.966529
1.61775
0.808866
2.41704
0.377509
0.556716
0.146981
0.171219
1.58288
0.221088
1.01688
1.52674
1.1098
0.485435
0.299978
1.05175
0.4022
1.32226
0.939285
1.29337
0.943295
3.66719
0.55524
1.28579
0.799773
0.340024
0.933885
0.142149
0.609062
3.83838
1.08502
1.48516
0.805259
0.244173
1.50811
0.383487
1.88938
0.697035
0.500792
1.49111
1.53015
0.788139
1.56284
0.24662
0.267656
0.31283
0.108836
1.27828
0.119171
0.738866
1.98739
1.84438
0.671829
0.758381
1.77091
0.229744
0.213368
0.824715
0.938408
0.527877
0.478348
0.121116
0.352523
0.75054
0.132262
0.274997
0.809309
0.630696
0.608838
2.15227
2.47786
0.355837
0.164689
0.457927
0.234731
1.30604
0.174195
1.46541
0.800428
0.387207
2.05622
0.747191
0.273798
0.773589
0.896029
0.671718
0.442928
2.50089
1.08746
0.848049
1.09498
0.668654
0.957983
0.86273
1.09639
0.855925
0.477352
1.63718
0.942833
0.455105
0.555426
0.894438
0.490375
0.862057
0.780931
1.16077
1.08514
0.109499
0.388346
2.27257
0.630727
0.364427
2.00225
2.01882
1.14439
2.12093
1.10183
1.925
0.703275
0.822611
0.190585
0.825556
0.560875
0.693478
0.992445
0.180061
1.75305
0.257626
1.33419
0.50474
0.53147
2.02557
0.733539
1.62448
1.62931
1.66554
1.02818
2.47667
2.26882
0.688168
0.881367
1.39325
1.59967
1.22701
0.271115
1.70931
1.54113
2.84611
1.3856
0.561811
0.560112
1.14767
0.34605
1.44832
0.621531
0.591867
1.47255
0.90624
0.347543
0.0852397
0.301158
0.739562
0.818159
1.18997
1.22047
1.74369
0.911269
1.23203
0.96985
0.508336
0.209379
0.319987
0.696459
0.544184
2.06932
2.59407
0.364479
0.160611
0.197637
1.0602
1.69808
1.87676
0.956327
0.415223
0.289939
0.313425
0.367297
1.8574
2.42892
4.10283
0.275701
1.18358
0.725797
0.752527
0.821334
1.48266
1.0653
2.26523
0.633502
1.04418
0.727933
1.145
0.44376
0.738385
1.54309
1.02633
0.772381
0.0518843
4.13164
0.20334
0.316046
0.489256
0.865743
0.722231
0.623926
0.524498
0.362485
1.04942
0.545273
3.85195
1.11838
1.37476
0.503437
1.00837
0.293988
0.162195
0.327707
1.4274
1.48278
0.0581824
2.40029
0.662479
0.244317
0.159514
0.397031
1.11319
0.66418
1.35064
1.33701
1.87943
0.796108
1.48023
0.743091
2.19019
0.446334
0.270132
0.14213
0.5958
0.221378
0.612611
0.114614
0.133564
0.673378
1.04444
0.955354
0.546704
0.573967
0.363564
1.57656
1.81866
1.41216
0.425616
1.43341
0.984617
1.02159
0.733332
0.183577
2.99325
2.33502
0.484952
1.97019
0.714353
0.45664
2.57977
1.00236
0.14351
0.329714
2.81193
0.0909943
0.185506
0.288076
0.596452
0.177635
0.170255
0.601081
1.34929
0.695317
0.400879
0.652479
0.86059
0.478012
0.4903
0.230399
0.719204
0.425755
1.64303
2.39567
0.698101
0.495251
0.725304
2.01965
2.40833
0.381241
1.78654
0.470131
1.30694
0.787082
1.91576
1.15918
0.873849
0.390528
0.155373
0.494916
1.0722
1.66433
0.847477
1.65626
0.088946
1.43433
1.42508
0.668141
0.435601
1.45071
2.19427
0.707195
0.70632
1.67513
2.02315
1.07439
1.57017
0.218399
1.93905
2.17128
2.11536
0.852172
1.54017
1.20392
0.436828
0.088513
0.555444
1.63023
0.553547
2.54708
1.21849
0.525655
0.779841
0.601621
2.49371
0.782137
1.39747
0.257464
0.360007
0.159997
0.868161
1.09358
0.549359
0.256121
0.827777
0.430713
1.87043
3.02987
0.57265
1.49172
0.674665
0.426721
2.13496
0.771257
1.03804
0.855221
0.609405
1.19811
2.46577
2.79783
0.177541
0.344611
0.279067
0.261247
1.46386
1.88189
0.866838
1.44994
2.16616
1.02863
0.561927
0.542396
1.33175
1.68399
0.454992
1.00105
0.45886
0.684872
0.493369
0.298816
1.86511
0.870342
0.202263
0.424594
1.51546
1.61855
1.64214
0.835667
1.42094
0.311477
0.533001
1.13375
3.69901
2.15412
1.51631
0.465884
0.719379
0.80159
1.68003
2.03813
1.6296
0.131014
1.32992
1.06155
1.26162
0.590876
0.65436
0.4273
0.0710464
0.207248
0.404094
0.874379
0.310329
2.46745
0.419585
0.133431
0.304035
1.15965
0.327061
0.664171
0.278914
0.124935
0.643692
1.10405
1.37547
0.50053
0.258362
0.465437
1.94057
1.40751
2.5949
2.20544
0.701133
1.95564
0.689603
1.26415
0.516393
0.578103
2.35499
0.909849
0.376654
1.84436
0.737945
0.324086
0.240434
0.874975
0.394228
0.634459
1.00423
1.28255
0.416586
1.4488
0.727737
0.149074
0.855834
0.855009
0.681282
1.17419
0.682426
0.883238
0.126777
0.40713
1.26162
2.0102
0.817255
0.840554
1.0341
0.460829
0.418285
0.514398
0.548855
0.862547
0.633583
1.34
0.602365
0.22415
1.51191
2.43512
0.36421
0.717664
0.765626
0.594495
0.495639
0.538722
1.35993
1.00937
0.350223
0.202259
1.90178
1.08098
1.0767
0.346552
0.808869
1.06168
1.65197
1.38681
0.763314
0.257449
1.39075
1.33527
0.986649
3.48679
0.642577
0.863368
0.932557
0.314415
0.397742
0.95777
0.784072
0.821579
0.848178
0.26269
1.28202
0.786733
0.850306
1.2406
0.627051
0.621855
0.634738
0.272389
0.651618
0.455393
0.21909
1.11035
0.75829
1.84264
1.05211
0.578263
0.575948
1.11877
0.492478
1.83372
0.669643
0.347631
1.45743
0.629511
0.546427
0.778999
0.439257
0.512465
0.312174
0.61267
0.145787
0.717645
0.0864619
1.60349
0.818116
0.64931
0.305136
0.537901
1.10857
1.23278
2.11623
2.04086
1.70095
0.507833
0.440457
0.928807
2.04052
0.570796
1.47871
0.53865
0.257173
0.873668
0.577484
0.582842
1.35386
1.25586
3.55289
0.864607
0.319562
1.3167
0.417492
3.25741
0.625859
0.116554
1.41832
1.09931
0.711618
0.0638518
0.839256
0.552236
1.15947
4.03684
0.452517
0.351984
0.162783
1.5202
0.6112
0.757904
0.375639
0.108856
0.473211
2.02792
0.590482
1.04407
0.484453
1.00629
1.05154
1.77055
1.14423
0.184015
0.85617
1.17954
0.299923
0.728485
0.544636
0.124872
0.338539
0.220676
1.12013
1.96377
1.51455
2.04384
0.44522
0.421286
0.861556
0.986903
0.372733
2.63399
0.983245
2.08651
0.37952
0.65661
1.27594
0.8352
0.51215
0.792857
0.609869
0.398799
1.68416
0.797244
0.552837
0.643008
0.0221799
0.346424
0.922818
1.13429
1.22547
0.736181
1.14949
0.873737
0.50726
0.315255
1.10829
0.457703
1.17323
1.69834
1.82364
0.551289
0.59599
1.03472
0.687594
0.344275
1.06297
0.901309
0.304453
1.1873
0.267064
0.730546
0.298686
1.47549
0.261708
2.52616
1.38297
0.408013
0.789374
0.7506
0.679102
0.536965
0.832102
0.149796
0.68731
0.649938
0.883712
0.58746
0.529032
0.417563
0.850873
0.348666
0.290651
0.296986
1.26229
1.85035
0.884882
3.02297
1.61123
2.04973
1.33516
1.16602
1.70947
1.46454
0.26271
0.135441
0.939635
1.89721
1.2962
1.66641
1.77491
1.00508
0.71834
0.750005
1.49867
2.22092
1.63249
0.468057
0.253674
0.349731
2.33907
1.67213
0.693127
0.124278
1.66965
1.34684
2.03305
1.92395
1.07329
1.29258
1.22229
1.15827
0.985404
2.65134
0.42318
1.36953
3.21877
2.7583
0.604123
1.16057
0.19078
0.946202
1.33044
0.117677
1.45781
1.25442
2.1364
1.77094
0.343555
0.771404
0.319323
1.32008
0.858745
0.394214
1.06516
0.77858
0.462137
0.847432
1.10823
2.58089
0.858807
1.36533
1.47373
4.14905
0.774392
0.530705
0.968208
0.655874
1.17425
1.79062
0.778978
0.25155
1.14032
0.43149
0.604613
0.849161
0.978724
0.938405
0.631416
0.785411
1.77717
2.23556
1.20613
0.583779
0.682968
0.290734
0.552629
1.91981
0.873439
0.198601
1.5143
2.82848
1.8375
1.63702
0.432632
2.77096
1.63434
1.30279
0.689051
1.19273
1.61546
0.339091
0.675484
1.18961
3.57038
0.700308
0.2397
0.788454
2.83516
1.68166
0.539391
0.81178
0.71448
0.549694
0.421774
0.58988
1.38528
0.793796
0.475042
0.723423
0.821442
1.51443
1.22002
0.652291
1.38252
0.116496
0.45753
0.604707
0.999578
0.425026
0.474211
1.12034
1.29448
0.691009
0.263913
0.116417
2.31656
0.44268
0.344645
0.888572
0.731476
0.329633
0.472414
1.40864
1.68312
1.84583
1.00185
0.601415
0.961996
0.433034
0.700662
0.245499
0.0756391
0.85051
0.528167
1.03007
0.802419
0.587747
4.96031
0.606418
0.37012
0.168718
0.409546
1.96944
2.44107
0.862613
1.45181
0.192763
0.571201
3.38116
0.486463
0.396441
0.618172
2.59192
1.88113
0.389955
0.558054
0.363311
1.72828
1.18211
0.681826
0.533446
0.641171
0.918181
1.37167
0.938105
0.368736
2.03744
1.46075
1.83419
0.237668
1.50429
1.28136
0.435356
0.500581
1.18473
0.780359
0.130199
0.407126
1.10474
0.822276
0.343175
0.946259
0.5442
0.4007
0.695559
1.24594
0.926292
0.175597
1.61543
0.743045
0.515605
1.18194
0.451655
1.36149
0.0558871
0.69655
0.11345
0.661082
0.91053
0.469726
0.153249
1.08941
1.43417
1.23904
1.56517
0.287565
0.422485
0.379919
0.223065
1.02064
0.843722
0.884379
0.695907
0.403892
1.73689
1.19442
1.07611
0.963296
1.39095
0.978393
0.590314
0.937803
1.90777
1.92912
0.73217
3.37378
1.32656
0.453801
1.20371
2.1151
0.0514723
0.207124
1.3336
1.28126
1.49783
0.888896
0.524639
0.424972
0.759302
1.48755
1.46506
0.928651
0.677444
0.71241
0.518925
0.822438
0.97523
1.73821
0.951073
1.55418
0.367297
1.99956
2.01104
0.289137
1.16748
0.812311
0.618494
2.70646
1.71621
0.612603
1.11071
1.36951
0.663306
0.714973
0.151072
0.653593
1.30536
0.648608
0.287475
0.335561
0.347855
0.814467
1.08576
2.56291
0.784329
0.503677
0.771891
1.1448
1.18691
1.5058
0.463398
2.81292
0.919005
1.69482
1.4069
0.836354
0.685357
0.12139
1.03539
0.965369
0.274672
0.748486
1.06713
0.123873
1.30165
0.579664
0.365616
0.244493
0.514084
0.13294
1.76367
0.583897
0.0357011
1.20708
0.146584
1.73735
0.790331
0.704774
0.913083
0.820686
1.11078
1.49799
0.347627
0.347836
0.503234
0.200623
0.428026
1.14123
0.677297
1.89191
0.263214
0.611136
1.25302
1.47166
0.23449
0.769697
0.660835
0.655083
1.75857
1.09066
1.13509
1.45771
2.89642
0.549571
0.696321
2.29525
0.950137
0.736441
0.713632
0.877844
1.18401
1.09153
0.405342
0.858241
0.498114
0.237011
0.951062
0.408421
0.49466
0.786552
0.398405
0.215092
0.676784
0.34808
0.349409
0.330001
0.553891
0.857479
3.54942
0.476288
1.30255
0.271917
1.69019
0.90078
1.58847
0.80159
1.51925
1.09141
0.165322
0.754366
0.505431
0.77666
0.864956
0.74936
1.40944
0.939989
0.347592
0.98885
0.347804
0.747893
0.414964
0.690699
2.52577
0.206377
0.982461
1.06078
0.342675
0.191721
0.315564
0.553395
0.197592
1.3327
4.54218
0.264551
0.985558
1.14013
0.889199
1.30742
0.354339
0.137389
0.345477
0.894508
1.52022
2.19118
0.200176
0.886099
0.801708
0.426342
0.253673
1.46585
0.906604
0.629919
0.146761
0.925041
1.10986
0.724384
0.321912
0.860235
0.217858
2.79233
1.04702
0.443963
0.236536
1.03424
2.00017
2.07107
0.517744
0.289795
0.44997
0.656401
0.670575
1.25524
1.7791
1.87182
0.692001
1.46232
2.87179
1.39843
0.413174
1.03256
0.325965
0.455149
1.8986
0.926934
1.39025
0.849352
0.453123
0.391381
0.317221
0.315576
2.00838
1.32588
0.692864
0.245676
1.37066
1.31396
0.933249
0.808129
0.447819
0.512375
0.210508
0.066091
1.33338
2.0135
0.575662
0.792014
1.72975
0.178956
0.324892
0.418796
1.66235
1.10239
0.843599
1.86853
0.0447195
1.34734
0.811164
0.276414
1.39356
1.15886
1.96722
0.438308
0.736498
0.713546
1.5756
0.548977
1.45216
0.531966
0.995114
1.84122
0.155312
1.47271
2.44307
0.619241
0.531655
0.823322
0.711485
0.603054
1.12278
0.133606
2.77455
0.189817
3.31373
2.14719
1.63455
0.657456
0.304489
1.3414
0.932778
1.25376
0.270413
0.726042
1.55995
0.164575
0.717006
0.846846
0.122397
0.369438
0.737415
0.496388
0.706637
1.76915
0.755145
0.0611756
2.40658
0.233573
0.069768
1.62534
1.6342
0.180304
0.434432
3.68437
0.437122
2.4604
2.23577
0.980387
0.406512
0.375612
0.608305
0.436497
1.38281
0.6661
0.903025
0.436551
0.207958
0.995168
1.24692
0.998182
2.55697
1.46301
0.98377
0.973669
1.71318
1.01367
1.75451
1.21763
0.311968
0.42735
0.806581
0.333268
0.783156
0.780973
0.485135
0.968579
0.481968
0.530834
0.494731
0.985288
0.938763
1.42251
1.99791
1.27577
0.574586
1.03904
0.697389
0.216296
0.890125
0.801972
1.44345
0.672767
0.725718
0.154067
0.930894
1.20929
0.349814
0.226984
0.162859
0.404436
1.51663
0.936395
1.61924
0.718253
1.0663
1.17121
0.257477
0.0780652
0.526626
0.706923
0.615273
0.449976
1.03557
0.119978
1.46639
0.778042
0.949608
2.47803
0.852515
1.44275
2.26085
0.307275
0.082251
0.949712
1.34251
1.32731
0.410968
0.421851
0.416241
2.62848
0.192425
1.05234
0.471506
1.06928
0.723395
0.250466
1.24128
0.363586
0.230594
0.349901
4.97711
1.04452
1.10688
0.595714
0.357412
1.83188
0.606871
0.419287
0.220881
1.05443
0.327401
0.594298
0.777531
0.841364
0.220889
0.829324
0.958775
0.356538
0.740148
0.948574
1.43882
0.0567807
2.67691
0.14098
0.132419
1.66124
0.577879
1.43458
0.723393
0.835464
0.949003
2.12954
0.730876
1.46878
0.909275
1.47863
0.478136
1.93601
1.39138
2.49433
0.905776
0.961038
2.41666
0.887522
0.790429
0.342945
0.602266
0.76727
1.2458
2.53551
1.65005
0.835969
0.91226
0.974681
0.885046
0.205765
1.59048
0.92924
0.437988
0.894181
0.532923
1.88075
0.893576
2.29712
0.952856
0.885225
1.86437
0.326885
1.16143
0.0438675
0.719588
0.891477
0.235366
0.215885
1.1973
0.22494
0.46659
0.872257
2.55481
0.707684
1.99567
0.601044
1.8797
1.98669
0.982033
0.510312
1.12452
0.679571
0.344971
1.1288
0.519472
0.463961
1.28072
1.58771
0.878967
1.36953
1.69041
1.85092
1.31891
0.950314
0.549072
1.56764
0.197662
0.663488
1.13563
0.587417
0.322474
1.05965
1.65989
1.56968
1.13255
0.977217
0.981884
0.707771
0.862586
0.597972
0.981485
0.315083
0.904279
0.132409
1.09778
0.409073
0.782286
1.46737
0.770511
0.7063
0.649194
1.02966
0.940625
0.855806
0.731552
1.44349
0.416307
0.461802
1.20158
1.03339
1.27696
1.01307
1.1476
0.426847
0.676541
0.56685
0.60879
1.36529
0.0918698
0.463301
0.821966
2.78656
1.19858
0.766638
2.55819
0.753028
1.91405
0.121919
2.47666
0.88504
0.21978
0.868286
0.170509
0.320781
0.979364
0.594914
0.348308
0.485933
0.119986
0.512519
0.638041
0.978511
0.747266
0.771518
0.705839
0.579997
0.185445
0.562718
1.42557
1.34992
0.350878
1.48963
1.36258
0.851018
1.04395
0.915578
0.709996
0.588294
0.145254
1.06111
0.564819
3.33859
0.73302
0.785481
0.846611
1.68509
0.570054
1.26386
0.0301389
0.113517
2.0378
1.16549
1.06188
0.562152
0.107549
2.0918
1.34451
0.908623
0.521815
1.39927
0.746848
0.343442
0.0181637
0.305421
1.29518
2.42294
1.20362
0.417227
1.25286
0.546878
1.50551
0.664303
0.898044
0.234993
1.06729
1.13838
2.40746
0.918663
0.834094
1.24136
2.22564
0.293288
1.12579
0.170448
1.12004
1.82511
0.539064
1.098
1.34423
0.747925
0.583173
0.748989
1.21841
0.260501
0.330551
1.62838
1.79064
2.98056
0.685936
1.10094
1.77024
1.08959
2.1726
0.0779669
1.90313
0.371035
0.376557
0.690351
0.79591
1.056
1.14222
1.84014
0.126296
0.483092
0.318817
0.242764
1.17562
0.396498
0.517117
1.84871
1.12394
0.375987
2.60612
3.16766
2.6241
1.31577
1.45654
0.264568
0.673006
0.339885
0.716453
0.76047
0.68068
1.88977
1.73877
0.946178
1.44082
0.651489
1.02519
1.14835
0.235658
0.595927
0.721114
0.420564
0.628011
1.65285
0.352405
0.0878781
1.52439
0.703077
0.311141
0.709861
1.10266
1.75037
0.591665
1.78444
1.42218
3.10776
1.1425
0.383036
0.909513
0.680781
0.668786
0.207024
1.42817
1.07321
1.58012
0.361787
1.9317
0.479493
0.234808
0.796319
1.48429
0.432898
1.03544
1.58701
1.59275
0.193185
0.7486
0.198088
0.223868
0.363759
1.62816
1.55638
0.651665
0.674667
2.52887
0.347089
1.29278
1.71433
0.116327
1.80004
1.651
0.97926
0.62976
1.92538
0.286485
1.41754
0.372313
0.460136
2.80796
4.04528
0.633807
0.0800604
0.393333
0.915233
0.877974
0.509625
0.48518
0.778889
0.408292
1.37008
1.05254
0.207255
0.895299
0.750499
0.157563
1.64036
1.53259
1.86238
1.10284
1.76779
1.17497
1.08668
0.403546
0.419272
0.768979
0.608917
1.1366
0.450841
0.480813
1.07195
1.1105
1.57874
1.12458
0.730411
0.890857
2.54604
2.07307
0.390454
1.18393
0.638939
0.761611
0.581756
2.42321
0.824573
1.33586
1.55657
1.18368
1.74118
1.22926
0.954447
0.7315
1.9155
1.04703
0.821847
1.53276
1.76622
1.3899
1.58876
0.336894
0.0256909
1.51168
0.484106
1.90218
0.40869
0.618547
1.08281
2.15467
0.7607
1.08549
0.442905
1.76956
0.882867
1.15221
0.787699
0.458233
0.287739
0.394291
0.107782
1.54484
0.262233
1.5556
0.0535474
0.311378
0.11229
0.937905
1.04987
1.30999
0.641155
0.312194
0.441782
0.405344
0.965199
1.72986
2.31699
1.37805
0.452932
1.18493
1.03522
1.02321
0.308771
1.32042
1.75896
0.575784
0.0920282
0.486336
1.61005
2.35034
0.771902
1.97049
1.81047
0.111392
0.842654
0.712087
1.64063
0.586648
1.60536
0.563093
1.34453
0.970319
1.19564
1.50055
1.23646
1.22271
1.03984
1.35582
0.576119
1.47355
1.20431
0.769629
0.368938
0.366662
3.49596
0.308748
1.49668
0.302419
1.46024
0.402181
0.417932
0.462534
1.56549
1.0471
0.578691
1.51373
0.695513
0.551122
0.448372
0.840647
0.62576
1.02631
1.17763
0.639851
0.45291
2.44643
0.610153
1.4083
0.599663
0.426141
1.76633
0.958495
2.20428
1.26824
1.11121
2.60657
0.661843
2.00627
0.764673
1.8849
0.268861
0.188414
0.50681
0.879299
0.307641
0.970324
0.796705
0.915729
0.57423
1.65882
1.52622
0.19137
1.09491
1.20282
0.454348
1.001
0.581322
0.388167
1.00973
2.10788
1.9211
1.82297
1.14828
0.423432
0.38661
0.17728
0.34088
0.418033
0.810278
3.57874
0.672712
0.289341
0.132581
0.752599
0.939971
0.244826
0.686275
0.195738
0.909626
0.721331
0.632917
1.2392
0.798516
0.697409
0.310179
0.85259
0.819599
0.894847
0.0367881
0.222132
0.882952
0.767587
1.5579
0.522822
2.23011
0.149816
2.55838
0.530145
0.784254
0.50271
1.58123
0.35083
0.718365
1.26483
1.02008
0.182188
0.432813
0.407297
0.754531
0.689681
0.281852
1.97836
0.12533
0.568508
1.06794
0.985725
1.49482
3.30418
0.453561
1.42636
0.73167
1.31063
1.36137
2.14962
0.499924
1.43837
1.04661
0.26291
0.397146
1.3365
0.561289
0.662219
1.19653
1.00351
1.31866
0.52101
0.442647
2.66701
0.439861
0.484559
0.341282
1.28499
0.483044
1.29084
1.30315
1.65985
0.486024
0.379202
1.08665
2.00458
0.198962
1.60597
1.56422
2.76691
1.58227
0.71432
0.504972
0.732772
0.741663
1.65317
0.650353
0.301311
1.99066
0.305427
0.668232
0.276945
0.0603087
0.247357
0.84555
0.47725
1.47977
0.928336
0.370739
4.2051
0.7969
1.2203
0.950767
0.191328
0.38431
1.27411
0.756675
0.480248
0.503826
1.27572
0.47615
0.832536
0.994037
0.238724
0.479247
0.163603
0.607759
0.157814
3.16672
1.80278
0.234213
0.72568
0.390996
1.63129
0.431809
0.739304
0.811543
4.37357
0.531727
0.0838696
0.835478
0.562488
1.21928
1.44572
1.80754
1.01655
0.439965
0.168159
0.736532
0.114275
0.12386
0.66887
0.623465
1.23806
0.299299
1.09441
1.20962
0.409773
0.69791
0.567685
0.913749
2.08034
0.686457
0.2121
1.8971
3.3498
0.26057
1.21771
0.575068
0.690206
2.40116
0.521631
0.239587
1.75757
0.957438
1.7938
0.416281
0.746406
0.178505
0.680493
2.70956
1.39133
1.09823
0.357897
0.258766
0.335978
0.202147
1.05107
1.80281
1.19886
0.52937
0.404337
1.10028
1.30547
0.538883
0.493543
0.272583
1.35522
0.547201
2.67238
1.02953
0.600538
1.22292
0.775608
1.15525
0.198465
0.333451
1.31834
0.499282
0.632396
1.03162
0.734125
0.742674
2.01173
1.24389
0.11223
0.944127
0.250365
0.380684
1.35009
0.967907
1.17312
1.32805
1.10872
0.779928
1.27644
0.369404
0.264061
0.441827
0.561364
1.38323
0.125096
0.43981
0.512992
1.81046
0.227627
0.442213
2.00938
0.874871
0.900377
0.762606
0.295357
0.0849686
0.767542
1.91254
0.171056
0.433598
0.257423
1.8775
0.926623
0.443661
1.15707
0.43736
1.2393
1.02416
0.0392745
0.681562
1.20047
1.56915
0.361986
1.05775
0.309565
0.745019
1.01701
0.264617
0.306831
0.817117
0.109294
1.27246
0.0531208
0.424438
0.407493
0.692267
2.02217
0.059716
0.706899
1.02993
1.06304
0.446709
1.89813
0.694165
0.937046
0.122912
1.22725
1.8895
0.198797
1.865
0.140562
1.44786
1.58077
1.19507
0.498658
0.89938
0.973026
0.279103
1.23249
1.19588
0.212789
3.85663
0.71695
0.597524
3.47424
2.30382
1.111
0.392223
1.56009
0.88529
0.826296
1.42138
0.30541
0.287971
1.64846
0.870438
0.308003
0.396145
1.69103
0.915909
0.963725
1.50972
0.46718
0.599813
1.53115
0.314197
0.131271
0.544955
0.63145
2.26809
0.494171
0.752709
0.799226
1.324
1.25422
0.568279
0.154026
1.64126
0.363348
0.672794
2.08495
1.84917
0.651744
0.673671
0.57819
1.15271
1.18105
1.15275
0.5961
0.490745
0.3844
0.788942
0.0798271
0.842241
0.848463
0.933764
0.336787
0.862987
0.438433
0.263221
1.60995
0.712833
1.61608
0.663212
1.15427
0.308368
0.815506
0.551792
2.19326
0.619752
1.11916
1.35272
0.871433
0.671755
1.76552
1.08815
1.4605
1.75753
1.47735
0.631501
0.486175
1.19832
1.47354
1.05382
0.881235
2.07648
1.46169
0.615796
0.224309
2.17474
1.53676
0.930556
1.12278
1.00624
1.16106
1.46127
0.266179
0.571777
0.521513
3.49936
0.16154
0.679102
0.283943
0.664416
2.06076
0.0972268
2.27375
1.83867
1.12108
0.573564
0.849398
0.693245
0.922081
1.66953
0.811445
0.696038
1.304
0.480943
0.830371
1.1225
1.33574
0.537003
0.433298
0.977679
0.412264
0.590299
1.17339
0.427785
1.79158
0.828467
0.19364
1.15692
2.55809
0.311268
1.33181
2.53692
0.72258
0.952116
0.507208
0.632305
0.83828
1.27239
1.70466
0.343616
2.70279
2.89184
0.985697
0.911344
0.865172
1.28771
0.57743
0.932429
0.785674
0.96257
0.616967
0.501059
1.10151
0.369411
0.744567
1.15037
1.7224
0.34413
1.63993
0.623951
0.547012
0.0308622
2.20418
1.99472
1.23088
0.453651
0.300856
0.35365
1.00806
1.2702
0.367105
0.753122
2.32421
0.144269
1.99261
1.55352
0.871347
2.80901
0.693161
0.442134
0.266884
0.939725
1.47964
0.169765
3.6356
0.270112
0.0434214
0.897323
0.542788
1.10098
1.55165
2.1196
0.652221
0.602367
0.517322
0.664996
1.07822
0.811391
0.983786
0.739631
0.631099
1.82978
1.1491
1.79111
0.246542
0.347252
0.690771
1.14513
0.167339
0.781754
4.30914
0.863333
0.377475
0.701572
0.892338
0.2423
0.426681
0.264473
1.33674
0.286213
0.10738
2.21342
1.0597
2.04978
1.58794
0.141223
0.192632
0.52513
0.583506
0.574333
0.206447
1.22763
1.15548
0.769626
2.28469
0.913661
1.08533
0.826544
0.789004
3.35609
1.25738
0.343827
0.719492
0.0652397
1.62511
1.17626
0.965571
0.292839
0.665465
0.222634
0.680051
0.952543
0.751013
0.799567
0.71216
1.65544
1.20392
0.246704
0.506836
1.48288
0.582549
0.847112
0.211433
0.45562
1.03601
2.09161
0.869631
0.213727
1.64411
0.708472
0.268214
0.699
1.47424
1.20206
0.613489
1.00783
2.34655
0.927324
0.693812
0.334585
2.19405
1.03535
0.88529
0.378228
0.768146
0.245783
1.21757
2.07951
1.14623
0.321811
0.0625276
0.893393
1.29129
0.552224
0.569191
1.18561
0.849142
1.62388
1.77117
0.387133
0.602912
0.0557992
0.566242
1.34528
1.18339
1.19839
1.4421
1.0544
0.447098
0.179931
1.18979
0.22092
0.764824
0.175381
0.846997
2.03096
0.974486
1.41399
1.15015
0.732113
0.490855
0.544278
0.806908
0.793261
0.687193
1.80634
1.64743
0.767881
0.677848
0.145359
0.34966
0.635107
0.397492
0.401836
0.995792
1.9728
0.439462
0.601234
0.836966
0.318805
1.00655
2.99455
0.897697
