0.6227
2.89409
1.24345
2.83185
1.4264
0.890263
0.606727
0.092432
0.115608
0.16047
1.39624
2.33532
0.810971
1.27339
0.135771
1.2199
0.167343
0.475346
2.90899
4.62172
1.74769
0.266567
0.0470343
1.39219
2.20747
1.32192
5.96609
0.186096
0.826389
1.91773
0.0342242
0.107963
0.233911
0.44164
0.22159
0.322321
1.02764
1.51241
1.3649
0.913592
0.295389
0.354758
0.383013
0.720279
0.321297
0.177263
3.85633
1.55165
2.55864
1.80215
0.8763
1.13979
1.5425
0.741912
0.869322
2.04521
0.188152
0.291534
1.3823
0.0967647
1.33846
0.159571
2.5719
1.97089
0.221679
0.0967073
0.282981
0.256095
0.481505
0.558218
3.92439
3.12462
0.567502
1.90215
0.554244
0.0704276
0.605625
0.197511
3.89483
0.127612
0.460819
0.161982
2.0966
0.195593
0.354767
2.38152
1.04819
2.05882
0.273253
0.444548
1.86108
0.614817
0.404527
0.0423638
0.0452204
0.349468
0.728378
1.15753
1.27019
1.03873
1.86903
0.133651
3.22055
0.278901
0.305853
1.27956
0.977509
0.68312
0.143949
3.57137
2.72979
1.48566
0.357205
0.602946
0.0829818
1.17686
3.57974
1.50959
1.79608
1.50339
0.258253
1.30246
1.43429
0.631109
0.543404
0.226796
0.024095
1.77315
0.317202
0.213484
0.412968
2.63519
3.28707
0.503852
0.137164
0.283911
3.5907
1.12782
0.506328
0.0928899
5.58221
0.00291225
0.467779
0.437057
1.21533
0.0523616
0.612641
0.983748
1.00888
0.128846
0.731636
3.3817
0.0314713
0.778032
0.0721812
0.413057
2.02144
0.244687
0.463609
0.0816528
2.37984
0.688393
5.17641
0.379414
0.0397514
0.00957262
2.18084
1.46375
1.20577
1.01584
0.649861
1.73031
1.13095
0.368777
1.98114
0.369085
0.061016
1.33952
0.928677
2.22146
1.0495
1.70296
0.226614
0.670387
0.954162
1.5721
1.35065
0.982558
1.07454
2.29252
1.54699
0.163562
0.73195
0.999024
0.0616025
0.242192
0.0722115
0.348044
2.40874
2.75738
1.69554
0.00269609
0.171033
1.08549
0.0840993
1.66412
0.378508
0.275185
1.06343
0.114142
1.38896
0.246801
0.251286
3.46499
1.66981
0.477658
0.399032
0.934923
0.624438
0.761212
0.218665
0.9319
0.651563
3.53561
0.178823
0.0844279
1.20804
0.711279
0.0523439
0.592667
0.605075
0.73328
0.260517
3.01824
0.914799
2.09047
1.16903
0.995351
0.36977
0.250033
2.25831
2.01911
0.079448
0.635516
1.26036
0.221972
0.0113961
3.53386
0.248348
0.799855
3.16309
0.253015
0.970184
0.800718
0.635461
0.881744
0.190567
0.105844
0.21358
2.02857
0.346848
1.89909
1.11276
0.273519
1.2074
1.42998
0.166691
0.432096
2.1054
0.510246
0.50164
0.108251
0.96214
0.160129
0.0265321
3.07776
3.4071
3.63663
0.732612
0.224831
0.420219
2.81829
0.327747
0.143659
0.128244
0.119985
2.48083
0.655139
0.630222
0.0271836
0.256024
0.0678477
1.31826
0.477983
2.56665
0.0852771
0.173039
0.126113
1.09698
2.30811
0.257022
0.853147
0.524409
1.7709
0.514366
1.7127
0.967018
1.32497
0.892246
2.3974
0.541506
2.69393
0.0788599
0.174917
0.153264
0.335872
0.27883
0.164819
0.53472
2.19662
2.00087
0.893225
0.256922
0.33662
0.28003
1.27565
0.0958497
0.943682
0.00824522
0.568496
1.5779
0.871988
1.77794
1.36607
1.54135
1.40108
2.15521
1.61899
1.44789
2.90924
0.354637
0.0899081
0.62953
0.299323
0.561263
3.62971
0.2539
0.909667
0.238147
0.385003
0.380416
0.112382
0.505082
0.260016
1.08877
0.580843
3.10681
1.13231
2.21787
0.328963
0.588138
0.162241
0.378084
0.0053505
0.960016
3.05352
2.08193
2.86568
0.0709833
0.473496
0.843841
0.110271
0.237357
0.449372
0.537073
1.72182
0.449725
1.78631
0.659983
0.222777
0.266365
0.466203
0.0444097
1.6257
0.964584
0.506834
0.449503
0.653422
0.811803
0.671187
0.202847
1.37301
1.45564
0.0593395
0.586346
1.04409
1.05764
6.95923
0.284626
0.688228
1.02429
0.69917
1.06768
0.548632
0.183949
1.15117
0.377635
0.127737
0.0955133
0.215338
0.629786
1.36621
1.68776
0.664121
0.503856
0.410482
2.59096
2.15335
1.70223
1.21788
0.949677
0.148321
0.339947
0.199852
1.16641
0.935032
0.152328
0.181507
0.616372
1.4213
0.011055
1.96467
0.329273
0.133064
0.636057
0.125035
0.0418208
0.510386
1.77161
1.747
0.51931
1.7697
0.991155
1.2761
0.0750053
0.824366
2.01636
0.0651547
1.95356
0.12683
0.707815
0.0812932
2.14137
1.09682
0.349986
0.873902
1.05504
0.25039
0.560301
1.22778
0.398172
0.678359
0.130203
0.13717
3.5944
0.668128
0.91188
1.30353
0.0485475
0.850206
0.809206
0.0981023
3.7785
0.151507
1.01103
1.44078
0.0463705
0.793169
3.10552
1.05208
0.551277
0.675104
0.225579
0.78039
0.97043
0.664692
0.475871
0.0944678
0.149604
0.933152
1.2049
0.252313
0.984755
0.175067
1.20188
0.460684
0.386503
0.596544
0.0775077
0.553977
0.0642067
0.345274
0.388119
2.07324
1.13008
0.631021
1.15913
3.44509
0.00987199
1.36562
0.648474
0.498466
0.513969
1.06661
0.328156
0.391444
2.29977
1.17547
0.114132
0.349476
4.20605
0.069214
0.034383
1.52415
0.121941
1.32258
0.408364
2.65669
1.96216
1.57837
1.1983
0.390637
2.66403
4.29038
0.724241
0.258628
2.1494
0.521397
1.7
0.228475
1.55884
0.129646
2.11464
0.729686
1.07872
1.90997
0.0387755
0.293243
2.47251
0.468106
1.43084
0.806311
1.17393
1.69008
0.704255
2.1379
0.299167
0.704868
0.525356
1.38808
0.457947
0.779657
0.420913
1.58394
1.51134
1.33199
0.486231
1.00939
1.59451
0.123365
0.250116
0.554965
0.0717552
0.984698
0.800806
0.705227
0.626002
0.237095
0.00596766
0.0785922
0.363635
2.68056
1.01225
0.35631
1.32695
0.339731
0.695923
1.43442
0.776203
0.524156
0.50658
1.12984
0.196989
0.305987
0.318291
1.522
0.403474
0.881527
0.442236
0.374129
1.39543
1.01031
0.812495
4.20435
1.2257
0.693361
0.147194
0.506881
1.59606
0.074377
0.297011
1.41567
0.606591
0.483287
0.457627
0.442591
2.16807
0.60611
0.0302085
1.25263
1.4706
0.384254
0.212002
1.48395
0.68602
0.500768
0.594692
0.114579
0.246461
1.94537
0.428376
0.731243
0.756267
0.217293
0.299722
2.88378
0.0457447
0.887203
1.89166
0.114405
1.07986
0.343852
1.27781
1.64309
1.6965
1.14271
0.262454
0.29252
0.724264
0.14162
0.0345328
0.509649
0.516131
0.476999
0.51554
1.00553
1.21792
0.779454
1.87339
1.57669
0.341127
0.616724
0.079455
2.08106
1.1159
0.748823
1.9479
0.491176
0.255843
1.06043
1.51656
1.34556
0.504163
0.815618
0.690552
0.872691
0.246003
0.0225244
0.623509
0.753302
2.42007
0.3527
1.21973
0.169185
1.87553
0.360597
1.1479
1.19534
1.13755
1.62159
1.46288
0.451126
2.61345
0.233012
0.46855
1.11725
1.55952
0.198196
0.333035
1.33793
0.697005
1.16938
0.243692
2.24151
5.41659
1.21838
0.186824
0.930919
0.192888
0.177107
0.85301
0.0548119
0.886784
0.50864
1.57347
0.376369
1.49534
1.16844
0.0300038
0.812947
0.111566
0.0767813
0.167074
0.178309
0.445552
0.135046
0.696228
0.206395
2.11198
1.77386
0.203702
0.0628859
0.796092
0.262199
2.93693
4.12588
0.532204
0.0201693
0.118999
2.08243
0.231269
1.29838
1.05369
0.408067
0.920444
1.10772
2.53851
0.70872
0.588613
0.411204
0.10959
0.31869
1.5354
0.454519
2.23252
1.11486
3.61503
1.4653
0.613077
4.37428
1.00243
0.907204
0.270587
0.488987
1.50527
1.10067
0.869807
0.793848
2.08585
0.826934
1.64282
0.195012
0.15412
0.745009
1.14878
1.80727
1.96917
0.580662
2.28051
4.49792
0.000347959
0.812864
0.77612
1.16787
2.98721
0.117694
0.148718
1.67118
0.975768
0.751601
0.351194
0.295086
1.40188
0.428993
0.614865
0.0166315
1.04664
0.814156
1.94378
0.822302
0.223856
0.637894
0.168855
0.508281
0.584193
1.976
1.99307
0.331808
0.57655
0.599374
0.0288297
2.76702
1.57515
0.654367
0.299066
1.34722
0.86017
0.660739
0.964627
0.305235
2.95413
2.97158
0.564555
0.096631
0.308286
0.0248554
0.738863
1.81384
4.00182
2.7618
3.12158
1.37052
0.108117
0.328799
1.57139
1.8324
0.697367
1.88167
2.40163
3.84174
2.17702
0.177521
0.559306
1.48822
1.17363
0.47479
1.51287
1.45717
1.20128
1.22141
3.02708
1.49114
1.142
0.0394222
3.15798
1.78456
1.744
2.78953
0.0659489
1.0019
0.314774
1.01195
1.68615
2.20951
0.711863
0.258995
0.502769
0.751494
3.50479
1.26207
0.460952
0.126099
0.793939
0.0750496
0.408809
0.645925
0.495694
3.43206
0.765506
1.76799
1.26406
0.448013
3.06813
0.65259
3.2947
0.875272
3.15946
0.441384
0.0388055
0.101694
11.4358
0.509135
4.97444
0.892774
0.575782
0.166821
2.06737
0.853582
6.76671
0.752231
0.0596926
0.144984
2.78834
0.103964
2.01873
0.0235
0.549412
2.15628
1.31889
1.30351
0.197738
0.016616
1.25153
1.2433
3.10295
0.226698
1.06498
0.6107
1.69713
0.521398
1.45945
0.709553
1.82202
1.05916
2.63496
0.163281
0.234945
0.483746
0.663434
2.38691
0.367343
0.297168
1.92704
0.71955
1.47131
1.77755
1.22007
0.730672
0.116631
0.0210967
0.00968636
0.23944
2.35547
1.43338
1.44452
0.00454661
0.119055
1.51057
1.0542
2.75178
0.765829
2.22365
0.596471
0.688802
4.59534
1.38122
0.623198
0.508655
0.23199
0.556125
1.52869
0.62375
0.00679946
1.57524
1.01207
0.386217
1.55758
0.0557255
1.04738
0.0334562
2.10258
0.508619
0.332355
0.446332
1.39836
0.165996
0.287398
1.55176
1.26922
0.449212
0.211318
0.0112134
0.0400877
0.233622
0.514845
0.0191817
0.0856834
0.206226
2.41848
0.613769
0.72009
0.582237
1.10906
0.566439
0.0802309
0.213241
0.201859
0.505411
0.0031317
1.04306
0.399007
0.394926
0.864257
0.407486
1.17804
1.64584
2.59481
0.284409
0.187624
0.252487
0.733454
1.33345
0.184517
1.20094
0.685399
0.792496
0.154634
3.37277
0.316025
2.62255
1.69761
1.65844
0.751718
0.236777
1.72838
0.318235
0.111383
1.59946
0.0894164
0.307671
1.68893
2.86226
1.29489
1.40708
1.38615
0.304493
1.46895
0.226691
0.103765
0.482265
0.61476
0.503395
0.0225122
1.00305
0.601507
0.44067
0.978733
0.234097
1.19454
0.664129
0.806613
1.22388
0.324191
0.910289
0.332786
0.606726
0.00400845
0.0254623
0.91136
0.811446
0.0655642
0.584975
0.412161
0.037246
0.668252
0.881143
2.61487
0.0458729
1.39639
0.732371
1.33011
0.670726
0.341103
0.991382
1.65885
0.0406524
0.210839
4.73309
0.0069626
2.45308
2.41952
0.343687
0.0844959
0.417578
0.283684
2.97434
1.38834
0.153966
0.47572
0.980387
0.346854
0.391173
0.320343
1.41485
1.21559
0.108583
0.271777
0.365476
3.08201
0.336801
2.24174
0.453507
0.507812
0.51384
0.496297
1.59541
1.91819
0.720432
0.135681
0.857715
0.51877
0.125757
1.45257
3.6438
0.635273
0.0523117
1.94104
0.331348
0.173537
1.63712
1.72658
0.239182
0.640668
0.205954
0.984376
1.06127
0.475683
1.22434
2.23681
2.80073
0.355603
1.03335
1.49842
0.350716
0.0617239
0.193961
0.45439
1.01257
1.74018
0.680324
2.45455
0.445505
0.0701287
0.389629
1.17095
0.380522
0.12437
1.43677
1.27367
0.96845
0.365008
1.88834
0.268413
0.595702
0.324604
1.45113
0.0974615
0.720255
0.644531
0.119588
3.55325
0.438199
0.453285
0.156034
0.983209
0.140232
0.541178
0.505973
4.73317
0.0610397
0.525335
0.952567
0.550921
0.198963
0.0492774
0.490495
2.0376
0.927134
0.709655
0.554736
0.28959
2.3485
2.01412
2.00068
1.94155
1.74037
0.0141449
0.768117
0.0230294
3.22725
0.0656898
0.927883
2.36638
0.872735
1.60695
0.674914
0.971075
0.302822
0.231063
0.677596
0.783533
0.623593
0.956958
0.0170589
0.0616077
1.50821
0.718775
1.86132
0.829699
2.79065
0.76477
0.396163
3.65121
0.363982
1.24095
2.90964
0.851608
3.69816
0.64249
0.144478
0.605031
0.196001
0.664238
1.56524
0.445104
0.131028
1.68218
0.476027
0.234784
3.34633
0.708982
0.0462966
0.106588
0.0518411
0.0996888
1.08645
0.0748445
0.114986
0.0569814
0.23374
0.536408
0.796334
1.62398
0.510557
1.80268
0.765909
0.239988
5.2233
0.268903
4.91277
0.276812
1.12091
0.554495
0.248381
1.09382
2.53845
0.760502
0.304613
0.673642
1.65018
0.537177
1.26477
0.0692958
0.114444
1.99013
0.140392
0.58789
1.0343
2.02328
1.05335
0.00992435
0.343636
1.43998
0.111969
2.9696
0.771897
0.728918
0.177044
0.835382
0.0409849
3.472
1.33743
0.00894302
0.0577649
0.343818
0.389738
0.550523
0.218797
0.655995
0.485384
0.0997109
0.50207
0.172262
0.708065
0.921231
0.720144
0.614964
0.584657
0.748456
0.694498
0.391483
1.29751
1.43472
0.717184
3.12619
0.0336024
2.96852
2.38474
1.39582
2.54788
0.0967778
0.792112
0.66346
0.164677
2.17277
0.333168
0.0297251
0.246593
1.5566
0.0880063
0.553533
0.330158
0.49882
1.1529
0.819877
0.156572
0.125333
0.206266
0.304024
0.617457
1.51298
0.746964
0.105812
1.64656
0.0635191
0.239636
1.09217
1.71407
0.567573
0.303732
0.997801
0.0289999
0.813122
1.30874
0.503691
0.848006
1.25927
1.47678
0.818596
0.592971
0.374381
0.990171
0.0648872
0.629474
3.17292
0.622762
0.2994
0.861328
0.246286
0.613556
1.20666
1.23824
0.752379
0.0898678
3.03743
1.76588
0.410238
3.49582
0.213967
0.406759
6.63114
0.287534
2.51799
0.673574
0.653373
1.99944
0.745474
0.0404322
0.487506
1.08726
0.0508153
1.10753
0.471547
1.44198
2.14502
0.676259
0.669128
0.0763023
1.28987
0.223826
0.542762
0.47688
0.850622
0.0820866
0.35698
2.61713
0.0422091
0.702752
0.00379422
2.3345
1.56771
0.144583
0.735255
1.31646
0.457722
0.542282
0.598028
0.921301
0.252713
0.959413
0.14967
0.147794
0.267274
3.86272
0.711843
0.984097
0.648069
0.288262
0.120718
1.27867
0.839631
0.187792
0.614049
0.0289366
0.441431
0.139041
0.143255
0.675463
0.288806
1.01316
1.52594
5.07368
3.54913
1.52795
0.626135
0.0954584
0.0242155
0.420917
0.573176
0.327948
1.12533
1.19168
2.19548
1.29655
1.28636
0.241316
1.20273
2.02771
1.90922
0.35625
1.2551
1.58253
1.92597
1.27243
0.952252
1.76876
0.744503
0.534083
2.23889
0.257717
0.68466
0.560984
0.00674218
0.499226
1.6808
0.170891
0.226894
0.788801
0.796204
0.74336
0.104816
0.266977
0.245908
0.377694
0.754555
0.980866
0.379448
0.318642
1.2221
3.4837
1.35619
0.182789
0.262287
0.186947
0.536633
0.621789
0.00963092
1.97246
1.93407
1.52153
0.874793
2.34314
0.0369492
1.61047
2.76697
1.33259
0.335533
1.43884
0.38548
0.619504
0.744956
0.305403
0.112485
0.122096
1.04787
0.625156
0.289619
0.00356844
0.371975
0.547888
0.459253
0.794983
2.57528
1.09305
3.59654
0.758788
0.177743
1.25837
2.68212
0.186032
1.36571
1.19344
1.06677
2.55508
1.56207
1.18545
0.0773564
0.606822
0.793404
0.0480609
2.67348
1.09684
1.47555
0.2437
0.581987
0.216517
0.782028
0.526157
1.89517
0.387617
1.72688
0.946125
2.60054
1.13181
0.743359
0.22605
2.76619
1.13059
0.511754
1.63332
0.151393
0.0873449
0.735691
0.794286
0.398252
0.988257
1.03776
0.504242
0.637324
0.0937093
0.31957
1.23629
4.89531
1.41796
1.0615
1.23036
1.26776
1.15084
0.816543
4.7053
0.0406731
1.01727
0.0948981
1.55391
0.391416
0.215194
0.412159
0.103695
0.12582
1.79944
0.14678
0.477095
0.202333
0.74079
1.40551
3.26523
2.23568
0.975856
1.48354
1.83891
0.0460775
0.919774
3.12407
0.0166496
0.952792
0.547481
0.512324
0.042553
0.68453
0.0421373
1.41089
2.95052
1.46544
2.63665
1.5836
0.230949
0.753896
0.011068
0.145283
2.24712
1.71407
3.63528
0.503813
1.2945
1.22252
0.378315
0.85302
0.121616
0.0302711
0.084312
2.78335
2.65082
2.20817
1.15863
0.252004
0.118784
0.466018
1.34692
0.532021
1.68228
0.879881
0.341002
2.39792
0.252505
0.752137
0.495578
0.454464
1.34353
1.8494
0.569415
3.84841
1.09425
3.45343
0.125317
0.761137
0.082256
1.44758
0.699782
3.6488
0.046471
0.127259
0.0572346
1.6819
1.82053
0.892972
0.0889843
0.160183
0.401918
0.972236
0.704601
0.85699
0.256286
0.457804
0.389243
1.68393
0.328599
1.09947
1.44194
0.351089
0.216337
0.235172
0.6348
0.761326
0.406137
0.553363
1.07073
0.785853
2.72
0.153838
1.08875
0.141454
3.47003
0.811815
1.59369
0.348009
0.405019
0.760612
2.29205
0.832882
0.716741
1.65051
0.764494
0.854488
0.504506
0.108373
0.254081
0.932433
0.532059
1.20905
1.00941
0.612328
0.982077
0.764864
0.151286
0.475152
4.02307
0.354468
1.08245
0.47957
0.447486
1.06875
0.240084
1.26592
0.884295
0.0603669
0.0629733
1.62892
0.0856992
0.244731
2.29389
0.477092
0.368361
1.51857
3.77786
0.229129
1.11691
0.280515
0.859912
0.0720922
0.0606397
0.998861
1.42402
0.527802
1.02925
4.97606
1.58438
0.389414
0.179495
0.29761
0.211434
0.302235
0.377337
0.641771
1.29993
0.234105
0.514105
4.1899
0.552566
0.954076
3.42267
0.848402
1.83951
2.11918
0.698628
0.11244
1.00124
1.15514
2.92421
1.39261
1.48565
3.00386
0.120206
0.289261
0.450865
1.24957
1.30064
0.421205
0.549937
1.25337
0.247283
1.85114
0.942
3.9803
2.9721
0.548512
0.284288
0.22181
0.0291096
1.02942
0.905854
0.16891
0.506728
0.307388
1.49855
0.0538859
0.383607
0.47588
0.300953
3.48839
3.28255
0.510682
0.405298
0.315168
0.273513
0.61703
0.622397
0.277473
0.786445
0.275891
3.40091
1.40794
0.872622
1.51901
2.31697
0.263661
2.65041
0.36323
0.906695
1.2539
0.707729
0.924989
1.30211
0.391994
0.969196
0.0150869
0.455525
2.22771
1.31742
0.762693
2.21645
0.0626226
1.00545
0.101116
0.236652
1.01611
0.200629
0.865883
0.19631
0.68878
0.291983
0.794334
1.00201
1.67149
0.104004
0.349925
3.68673
2.3645
1.36566
0.235278
1.16914
0.744953
0.955411
0.0136274
1.31542
1.62322
0.0370111
2.37766
0.21174
1.2583
1.54032
0.174951
0.154546
0.388598
0.436947
0.210285
0.117407
0.825183
0.0828201
1.07702
0.0395722
2.52142
1.72298
1.04583
0.230854
1.30641
0.40992
0.542829
4.06442
0.535858
0.0200942
1.74455
1.88778
0.609444
0.199578
2.38276
0.883537
0.457476
0.710637
1.21351
0.0691665
0.642889
2.29929
1.6871
0.758342
1.55966
0.367002
1.53658
1.60861
1.43795
1.50317
1.59255
0.359743
0.221814
0.411816
1.426
0.447919
0.153158
2.26882
0.367909
0.997684
6.51466
1.76122
1.38957
0.120409
1.21056
0.501782
0.736561
1.06556
0.224899
1.13418
0.165917
0.439478
0.0670241
0.205116
0.402202
1.52103
0.666096
1.53096
0.0557056
0.542631
0.664997
0.151015
0.586387
0.306337
0.893061
0.389687
0.280484
3.67331
1.55325
1.30378
0.804733
0.679328
0.0400874
0.00418521
1.65876
0.807821
0.147555
0.130079
0.922506
5.29648
0.235264
0.32186
0.371822
0.325336
1.03373
1.41733
0.144515
0.15235
1.31635
0.674825
0.798695
1.58662
1.68222
0.450631
1.2825
0.845097
0.256098
0.0447217
2.58471
0.577859
1.72566
0.580798
0.677317
0.385665
0.468186
0.609018
0.448728
0.877493
0.99589
0.244138
1.29209
1.107
0.398199
0.563867
1.85519
0.254701
2.83079
0.0477896
0.808031
1.18591
0.611956
2.00705
0.72957
1.41384
3.91663
0.335259
1.33721
0.75929
0.553506
1.74462
0.497648
3.63074
0.132216
0.949899
0.741598
0.439398
0.931132
0.650614
0.955753
0.318129
0.441404
1.78426
0.920485
0.0648073
1.83036
4.77919
0.426147
0.0753272
0.83802
0.117926
0.145687
1.1165
0.730017
0.490681
0.233351
0.583487
1.13545
1.2115
2.1728
0.569783
0.00952437
0.450343
0.389557
2.78074
0.956835
0.118291
0.541712
1.04205
0.542181
0.065666
2.84269
1.06796
0.115566
1.32657
0.501044
0.211948
1.14724
1.76983
1.06505
0.678513
0.404444
3.0132
3.04624
1.45749
0.0031165
2.22261
0.209607
0.95345
0.477312
1.13871
0.190908
1.91005
0.953162
0.0344142
1.55091
0.156094
0.850323
0.506948
0.997876
0.444981
2.17907
0.243309
0.20417
0.054873
0.945765
0.956227
0.0285696
0.0150941
1.45426
0.170769
0.168637
0.308717
0.80962
1.7057
2.52706
0.58501
0.800787
2.1121
1.07688
3.6784
1.02021
1.99223
0.743744
3.22066
0.00173141
0.239112
0.839049
0.186533
2.72398
1.85267
0.956769
0.0881977
1.56285
0.305354
3.69549
0.469609
1.78399
0.518053
0.7032
1.39724
0.33335
1.81544
0.103112
0.899742
0.468941
0.759937
0.113572
0.287176
1.08126
1.78041
1.42776
0.639036
0.53647
1.5794
0.099688
1.88111
0.464787
0.869355
0.622221
1.10741
0.964535
0.0426833
0.144707
0.171709
2.60218
0.184864
0.0440031
0.574409
0.348348
0.8672
0.240556
0.213103
0.0209769
1.19805
2.43141
0.529929
0.0670324
1.5588
0.0505224
0.145092
0.00475624
0.739994
2.18986
0.963855
0.471037
0.244869
0.879098
1.76727
1.12803
0.580316
0.937095
1.16292
1.79843
0.129782
0.851513
3.44344
0.543243
1.86589
0.754342
0.321247
0.494698
0.662161
0.280178
0.00251022
1.11768
1.86115
0.724797
1.20913
0.426517
0.650032
0.0614039
1.41572
1.34975
0.403771
0.00739864
1.6088
0.241543
0.509085
0.802485
1.41938
2.67667
0.0266477
1.52736
3.53564
0.49833
0.0600073
0.289883
0.315559
0.0389394
0.627286
0.357258
0.604235
1.18302
1.00679
1.20214
0.0503208
0.168292
3.5031
0.990537
1.63221
1.20865
4.45412
0.783388
1.59487
1.74198
0.810975
3.28615
0.889051
3.29771
0.572836
1.28104
0.413297
0.751627
1.71165
1.29333
0.331372
0.019749
4.28293
1.33817
0.69308
0.704184
1.50503
0.297169
0.480831
0.316366
0.0363555
0.00751438
1.21554
2.45265
1.10842
0.0899524
1.31719
1.1361
0.749912
0.369085
0.315666
0.391575
1.26956
1.56565
0.0598545
0.359235
0.842505
0.363254
0.57626
0.7958
1.95387
0.590221
1.2404
1.10962
0.718361
0.173094
0.0857019
1.66306
0.535274
1.05139
0.977045
5.4731
0.678255
0.267761
0.17096
0.277826
1.40382
0.162179
0.653952
0.24275
0.56338
2.12706
1.84623
1.30314
2.21652
0.0358771
0.0959213
2.071
0.685312
0.358772
0.51099
0.0774858
0.0532916
0.767914
4.31107
1.83081
0.028824
0.724677
1.37531
0.738002
0.232227
0.499485
0.237423
1.95788
2.55914
0.508703
1.32382
0.893738
0.820221
1.72165
0.41568
2.8748
0.641743
1.67749
0.145985
0.305938
5.24771
0.0570653
1.19601
0.909681
1.14672
1.72797
0.441345
0.696752
0.677958
0.663333
1.56942
2.08461
0.0228074
4.88147
1.84509
0.106255
0.691338
0.464025
3.16904
0.332357
1.10532
1.5096
0.225757
2.11211
0.303298
0.167537
0.239616
0.702348
0.205164
0.000330533
0.050087
0.22786
0.128798
0.418946
0.388537
3.77899
1.12612
0.504257
0.779045
1.91664
1.45743
4.53406
0.0765889
0.344453
0.499008
0.317549
1.02766
0.238735
0.609837
1.41749
1.46746
0.568373
1.67008
0.263147
0.0914384
1.65944
0.207855
0.837215
2.53618
1.97858
0.175863
4.67559
0.0658675
0.20291
1.83141
1.76551
0.17357
0.541773
0.540811
0.332866
0.91502
0.0933266
0.317279
0.310612
0.441649
0.0813795
1.4247
1.87643
1.09391
0.0397062
0.481631
0.391981
3.16198
0.761848
0.657576
0.692194
4.20593
0.199599
0.138719
0.168588
0.732085
0.947716
0.468777
0.354878
0.822879
0.715747
0.722516
0.228056
0.628281
0.772064
0.812565
1.55367
2.34551
0.549913
0.73913
0.460856
0.0581458
0.0176938
1.49971
0.40289
4.0309
0.897006
0.0276715
1.40407
0.803653
0.189022
0.189449
0.750165
2.06159
0.220673
1.06598
0.0034796
0.941151
0.357379
0.670298
1.26491
0.140158
0.653948
0.948082
0.253086
2.07553
0.650299
1.41972
0.853212
2.01069
0.997003
0.631015
0.679388
1.55781
5.12365
0.591805
1.49644
0.758432
0.0262866
2.34416
3.10981
0.951751
0.973439
0.0537455
1.48391
0.549188
1.54428
0.55094
0.691643
1.06057
1.3065
0.187843
0.99987
2.18093
1.14587
0.0191861
0.0247711
1.20863
0.245971
0.0220363
3.5215
0.283645
0.455589
1.62341
0.347955
1.16497
0.367579
0.562485
3.79107
0.562568
2.96253
0.912511
0.463748
0.790026
0.160462
0.324725
0.731924
0.376911
2.34978
0.678991
1.03355
0.33247
0.319387
0.52057
0.400248
1.50733
0.38552
0.429003
0.572349
0.307248
2.17879
4.52709
0.343676
0.638682
0.633638
0.327681
0.220573
1.24584
4.26826
0.447308
1.5741
0.338096
1.32603
0.0861671
0.348577
0.524711
0.387794
0.362052
0.205732
0.790119
1.9343
1.01358
0.457955
0.949078
0.213147
1.62751
0.378828
2.32
0.732698
0.300162
0.345495
0.214681
0.0787541
0.299751
0.153502
2.8545
0.334389
0.0209986
1.25511
3.26813
0.102559
0.169352
0.60106
0.721943
1.82659
0.0272994
0.197746
0.258337
0.402669
0.2241
1.03718
1.38821
0.916147
1.06883
1.81577
0.811757
2.82209
2.48637
0.971574
1.68045
1.02737
1.43764
1.36935
1.3512
0.163573
1.19979
1.34243
0.427405
3.42261
1.78865
1.38811
4.53566
0.0652483
0.401139
2.03115
1.02591
0.114969
0.120297
3.09566
0.374536
0.355229
3.28272
0.760072
0.698898
0.0714143
1.17439
1.4895
0.142369
0.661343
0.800682
0.130712
1.85945
0.910451
0.772101
0.865416
0.10391
0.834009
1.41621
0.240279
3.85128
1.61914
0.727563
2.5053
0.11848
3.4932
0.369605
3.12084
0.986929
0.0989716
0.42641
0.408189
0.829291
0.887276
1.71882
0.813139
1.01231
0.646113
0.758497
1.44561
1.53843
0.937408
0.0806508
1.87228
0.525001
0.170407
0.28102
0.728957
1.22424
0.19031
1.50388
2.6852
0.0400778
0.713112
0.201468
1.92029
1.28788
2.13039
1.33887
2.73082
0.188036
0.452461
0.461745
0.14437
1.55232
0.127175
0.815356
1.69411
0.808963
0.99298
2.71907
0.84245
1.16954
0.267416
1.37019
0.337758
0.384583
0.304914
1.80362
0.780114
0.832139
0.774679
0.369794
1.62352
3.20391
0.831399
0.819505
0.742074
0.945228
0.165873
1.59951
1.04978
0.0283816
1.6886
1.47582
0.862626
0.0112298
1.14366
1.70125
0.116775
0.781309
0.282277
2.66781
0.582324
0.0697845
1.3091
5.73604
1.2604
0.105337
0.423846
2.00588
0.222606
0.801868
0.292325
0.544282
0.898492
1.22935
0.699433
0.371657
0.784614
0.302357
1.3558
0.728659
2.12512
0.382152
4.38517
0.516017
0.954583
1.55126
0.279471
0.545854
0.28805
0.0823045
0.303027
0.154036
0.570444
0.692889
0.249264
1.48591
0.692367
0.351951
1.00048
1.65749
2.52424
1.30569
0.279426
0.009256
0.270993
0.108734
0.273275
0.421573
0.664242
0.192506
0.739402
0.0874529
1.0593
1.83256
0.469716
1.1702
0.26332
0.728873
0.314923
1.12198
0.468069
0.165081
0.156487
0.098519
1.26622
0.273121
2.35129
1.80943
0.516959
1.56454
0.619206
0.46339
0.391339
1.07853
0.0914129
0.129066
0.167021
0.13786
0.46979
0.135134
0.213264
0.203211
0.903702
0.170182
0.809143
0.488453
1.33926
2.84857
1.43637
1.40299
0.03018
1.15957
0.295963
0.84036
0.235992
0.736646
2.18435
0.735358
0.453379
0.0749766
2.4351
0.118362
0.903957
1.58966
0.772179
1.26789
0.391225
0.294803
0.806954
0.279122
0.721719
5.19572
0.0948888
1.4156
0.918091
0.198264
0.0450149
0.0536675
0.540124
1.10788
0.227502
0.734643
2.41279
1.13027
0.976717
0.310301
2.64571
1.16918
0.326135
2.09566
2.11022
1.6621
0.772832
1.3811
0.754608
0.205591
0.706405
0.517189
1.4583
1.14198
1.40951
1.18611
0.854046
0.631016
0.699722
0.382068
0.0349358
1.18747
1.44842
0.797205
1.03632
2.23784
0.745787
0.965649
1.31377
0.345213
0.624836
0.996466
0.2784
1.20923
0.326138
0.595907
1.33014
0.141835
0.144992
0.624445
1.66833
1.65388
0.362605
1.05347
1.71356
1.3778
0.688056
1.77253
0.104731
0.825859
3.24977
0.803765
0.810912
1.05761
1.96124
0.731719
1.95555
0.610657
4.23502
2.94254
0.0560089
2.45588
0.422186
1.61665
2.09022
1.67701
1.02092
0.354701
0.786372
0.205626
0.235429
0.93292
0.424889
0.532384
0.594066
0.157875
1.52511
0.224034
0.285683
0.530539
0.849052
0.105684
0.725937
1.29695
0.359601
1.29373
0.325939
1.85379
0.0109661
0.417263
0.577948
1.64135
0.69063
3.7844
1.25647
4.5273
1.04521
1.35984
1.57033
1.28007
0.797276
0.687446
0.269458
0.545981
1.24967
0.773734
0.236293
1.00804
0.185051
0.673346
0.739786
2.61781
1.29689
0.0264836
0.0546343
5.37764
0.225538
0.971439
0.100221
3.20384
2.16853
3.67646
1.05918
0.243846
0.0523711
0.324587
0.262342
1.54572
1.54209
4.45937
0.167461
0.823783
2.82778
0.33249
3.39603
0.450552
0.650706
1.78302
2.68807
0.274023
0.0180106
0.089163
0.211969
2.32407
1.97091
1.26018
0.924741
1.25919
0.337072
0.501232
1.71308
0.186658
0.524184
0.793317
0.966986
0.259187
0.477014
0.335645
0.0586
0.657507
0.269729
0.143716
0.593098
0.728419
0.184368
1.44021
1.36266
0.52985
0.701782
0.438597
0.405038
1.4616
0.22927
1.54934
1.57597
0.240772
0.160855
0.347125
1.06748
1.43286
0.00113103
1.41858
1.22863
3.17758
3.15819
0.391144
2.01227
0.269105
0.157058
0.61621
0.205419
0.4603
3.86502
0.182408
0.00742172
0.620829
0.292058
0.642079
1.69211
0.478878
0.308457
2.31185
1.75386
0.0284347
1.40885
0.0427413
1.90491
0.515929
3.0675
2.76428
0.638134
1.77906
0.736429
0.508517
0.0772257
0.352987
1.14225
3.04973
1.46842
0.340719
0.380627
0.82304
1.3744
0.0643825
0.413469
1.55314
0.102159
1.39733
0.106485
0.865325
1.03649
0.264281
0.173161
0.363075
1.78402
0.149542
0.171656
0.286779
0.199746
4.25172
0.150529
0.220842
0.500566
1.451
0.0629358
0.337916
0.939757
3.36815
1.63105
1.52676
2.02711
0.518153
0.65233
3.20725
0.387642
1.6543
0.353175
1.29829
0.247273
0.777202
1.68029
0.203278
0.253955
0.492116
1.70406
1.40875
0.0885482
1.86192
1.12067
0.0837214
0.230468
1.45653
0.487311
0.371748
0.176642
1.94725
0.208495
4.59533
1.15729
1.94677
2.91318
0.19067
0.191595
2.12979
0.162893
3.05329
0.29068
1.60665
1.65091
0.0511091
0.558478
0.0901694
0.00253365
1.04035
0.487631
0.0458637
0.551377
0.118105
3.02641
1.74875
1.06152
1.54406
0.311643
0.165413
0.685217
0.699294
0.253532
0.178895
0.145943
4.21253
1.12207
0.351257
0.558105
1.65139
0.667003
0.942725
0.0950929
0.0782558
3.18977
0.659388
0.111346
0.646182
1.02983
0.0755552
0.105887
2.21926
0.124509
0.655997
0.0184916
0.234567
1.35327
0.0133176
1.8824
0.7204
2.82842
0.619012
1.25213
0.3755
0.0498853
1.71583
0.121844
3.56738
0.296158
0.427018
0.891146
0.00584251
1.21502
0.493211
0.959923
0.530525
0.285328
2.09657
0.0195542
1.167
3.23166
2.47699
1.12261
1.27383
2.04587
0.470954
1.69647
0.196083
0.0197299
2.28629
1.26225
0.949838
0.421038
0.273616
0.0354104
2.28326
0.576641
0.433237
0.984266
0.202531
1.32712
0.139954
0.106468
0.0348218
0.143059
0.26533
2.46128
2.40248
0.989445
2.14298
0.339364
1.04437
3.40125
0.0814682
1.34149
0.135392
2.10871
0.124306
0.733528
1.39675
2.49565
1.8829
1.37995
3.13931
0.59998
0.843229
0.727193
0.428685
1.83657
4.24503
1.49052
1.20612
0.427583
0.140663
0.317725
0.548738
1.66115
1.16285
0.430461
1.17528
0.966434
0.902959
2.02778
2.337
0.0508312
0.478928
0.0674931
0.933741
0.62283
0.12364
0.985619
0.877976
0.594524
0.536251
1.4526
0.282728
0.524303
0.489491
0.903719
0.000886762
1.08563
3.35387
0.866854
1.44384
0.870987
0.722234
0.460179
0.318339
1.6269
0.152449
1.52438
0.457671
0.0710914
0.955074
0.289698
2.36015
1.24464
0.378766
0.691678
0.641265
0.434195
0.128394
1.3764
0.809446
1.69632
1.05765
0.279246
0.397854
1.83583
1.55869
0.499624
1.38174
0.868732
1.96552
0.340775
0.0895786
0.65585
0.573524
2.56751
0.85289
0.759845
0.150406
2.1028
0.427503
0.615839
0.456395
1.48122
0.385594
2.152
0.444057
0.313651
0.182169
4.36438
0.742238
2.46522
0.0921465
1.32226
0.554226
0.960458
0.703768
0.185452
0.432771
0.0375217
0.441749
1.93721
2.12395
1.17071
0.177501
3.34012
0.443479
0.0485369
0.719664
0.0799
1.18712
0.546613
0.169873
0.258908
0.514968
2.58766
0.413138
0.26717
0.332343
0.357375
0.838778
1.8339
1.14413
2.28323
0.620837
1.29792
1.28136
0.910755
1.89064
2.54764
0.570298
3.34449
1.48326
1.03553
0.20988
0.5513
0.888626
0.145189
0.44116
1.36633
1.55489
0.676031
0.917729
0.986916
1.3494
0.0742305
1.281
1.11212
4.85655
0.664995
0.632985
0.749825
0.373502
1.28607
0.249458
0.720742
0.132863
0.607781
3.48056
0.660196
0.71849
0.0456884
0.699317
0.277464
0.579645
0.374857
0.241127
0.352229
0.4582
0.899268
0.576682
0.253987
2.56242
0.12421
1.35948
0.607656
1.54615
0.306144
0.0853492
1.41624
0.624124
1.28669
0.248059
0.231378
0.103954
0.109701
0.43813
2.80355
8.12242
0.0205549
0.417623
0.637875
0.0436444
0.244137
0.568226
2.06961
0.937719
1.36497
3.23104
0.899586
0.254325
1.38186
1.90123
0.236545
0.851983
2.23414
0.536097
2.53021
0.031831
3.39019
0.366697
0.0246328
0.513726
1.24523
0.0736441
0.258542
0.00768181
0.533537
0.215972
0.0267117
1.64338
0.325881
0.0791157
3.61042
1.18088
0.174937
1.76411
0.121807
1.0507
1.07911
0.390427
0.49023
2.52313
0.145254
0.503738
0.299392
1.87803
1.11173
0.984027
0.520416
0.849974
0.779793
0.930782
1.27448
0.259456
0.227736
0.111338
0.559143
1.65009
0.451867
0.0622525
0.944452
0.459647
0.166033
1.53628
2.55521
1.33058
3.12268
0.400381
1.53453
0.46178
2.57826
0.511255
1.94571
0.821862
1.27217
1.35507
0.0674547
0.945955
0.747402
0.541005
3.73023
0.204102
1.99958
2.1272
1.68286
0.612081
0.292461
0.306501
2.34456
0.318143
0.296438
1.59479
1.76324
2.59938
2.98505
1.45292
0.0964157
1.48936
0.433919
2.65256
0.864631
0.381283
1.96597
1.63131
0.903727
2.44193
0.245626
1.3363
1.52006
1.65323
0.0735422
0.191152
1.16885
0.991807
1.01189
0.0430204
0.3662
0.00436514
0.758473
1.0768
0.390117
0.6731
0.35449
0.0873088
0.551903
0.595324
1.09302
0.382444
0.517079
0.0587559
0.0828661
0.332868
0.481774
0.105094
0.82558
3.71819
2.54832
1.26004
0.518047
1.27369
0.393141
1.44919
1.44952
2.72423
2.40359
3.43548
1.19068
0.384478
0.785368
0.687884
1.00699
2.1856
0.27045
0.194807
2.42591
1.37489
0.0691436
2.99651
0.358798
0.0509211
0.277203
1.54874
0.178597
0.0226492
0.869719
1.1923
0.233004
0.682682
0.221693
5.06552
0.556702
1.79781
1.18455
0.708883
0.263905
1.2274
0.966608
2.08084
0.404414
0.853064
0.755408
0.898037
0.509617
0.417481
0.501729
4.78021
0.0480102
0.0780324
1.08177
1.59724
0.198166
0.217864
1.45271
0.57756
0.269273
0.0697815
0.469068
1.46343
0.463594
0.501193
0.15105
0.454604
0.125577
0.41457
0.325744
0.0763236
0.837297
1.51476
1.32048
3.01359
0.913627
0.94859
0.273007
0.335801
0.24084
0.737501
0.0548993
1.86228
0.685997
0.136582
1.07725
0.0264374
0.287866
2.61991
0.251014
0.067448
1.88585
2.80026
0.0930787
3.60739
0.405413
0.638479
0.133941
0.447906
0.367514
2.57935
0.18726
1.73213
1.06023
0.0362934
0.522357
0.0327605
0.975461
0.69188
2.61337
0.250995
0.40379
0.432783
0.346815
0.239577
0.230698
0.0518412
0.471035
1.05122
0.52061
1.09165
0.295724
0.955252
1.52932
0.0750502
0.671923
0.320602
0.506767
0.924369
0.716902
1.31969
0.145426
0.0193694
0.66048
1.40066
0.641067
0.302122
0.437732
0.706612
2.53741
2.01939
0.589051
0.0139803
0.203594
0.666311
0.396006
0.601074
0.886
0.489469
0.35126
3.81276
1.58656
0.493495
0.256877
0.279276
0.459643
0.135987
0.0964031
0.298583
0.223016
0.0549717
2.94019
1.45662
0.452067
0.115311
1.06812
1.66305
0.543625
0.617863
0.171503
0.979253
1.23612
0.263992
0.806025
0.795695
1.17122
0.993031
1.6897
0.112936
1.78455
0.495924
0.500076
2.53064
0.144987
3.2041
0.727262
0.978297
1.55118
0.360451
0.647984
0.584705
0.0225723
1.56343
1.14664
0.909071
1.1705
0.0454737
1.47861
0.223597
0.939558
0.188957
0.865014
1.66449
0.246467
0.362339
0.262186
0.361722
0.848075
1.84551
0.195653
0.257832
0.24997
0.413884
0.576598
0.36718
0.0213435
0.540603
1.87852
0.30316
0.503097
1.04593
0.918178
0.896221
0.11116
1.59648
2.14833
0.726047
0.0600607
0.440037
2.0204
1.21601
0.21889
1.48628
2.07833
3.84409
0.00312543
0.357507
4.48966
1.07001
1.09725
1.94145
2.35226
1.13387
0.580535
1.84983
0.373315
0.220558
0.278476
0.366841
0.886812
1.63524
0.0261643
0.475527
0.115173
0.0277866
3.21408
0.485009
2.88677
0.341494
3.64163
0.833
0.282713
4.30399
1.15306
1.61239
0.113902
1.84019
0.296957
0.299926
0.204241
0.225786
0.270814
0.493044
2.05591
0.603108
2.22141
0.176927
0.38291
0.215474
0.100145
4.05702
0.0745668
0.446612
0.369701
0.200065
1.04319
2.83946
1.1418
0.696653
1.60694
0.627454
1.67827
0.689333
1.57011
2.45366
0.270138
0.295151
0.612858
0.254124
0.132176
0.429264
0.40502
0.060364
0.340176
0.603052
1.05285
4.22594
0.00504727
0.728243
0.689495
1.39237
1.17133
2.57326
2.36408
1.61555
3.98868
0.765689
0.195911
1.23637
0.299157
0.0540802
0.269748
1.1813
0.149419
0.908538
0.328279
1.98252
4.8373
2.55614
0.773035
0.476702
0.0108685
0.203785
0.541804
0.204973
2.08086
1.10489
1.73123
0.621905
0.80405
0.512273
2.81602
0.682741
0.314439
0.0473699
0.335414
0.0876346
0.221664
0.0182635
0.337394
0.225907
2.22639
0.22933
0.232909
0.0270808
0.00969863
0.265439
1.16994
0.0314355
0.470271
1.13261
1.21621
0.348412
2.30757
0.146768
0.232871
1.18103
0.541216
0.866425
0.342887
0.149819
3.19917
2.21859
0.0979146
0.749275
0.733556
0.016015
0.361277
0.816359
1.88802
0.974908
0.690636
0.10336
0.358225
1.21766
0.155704
0.281162
0.349863
0.0200788
0.729897
1.40986
0.52731
1.63085
0.454812
0.00834405
1.08922
1.03979
0.829354
0.17032
0.0141794
3.26102
0.891335
1.03571
0.958868
3.33508
0.0833047
1.36694
2.12467
0.820984
0.311139
0.327825
1.98617
0.0694365
0.896645
0.219078
0.0394558
0.205241
0.310233
0.175608
4.36231
0.132691
0.0957661
1.72212
0.0317951
0.359871
0.36201
2.5645
0.463758
0.771095
1.41048
2.62645
1.38843
0.148184
0.229679
0.360983
0.217
1.6434
0.00828237
0.161509
1.96764
1.51604
0.00895795
0.390958
0.754899
0.113775
2.37752
1.30944
1.62908
0.668128
2.29604
2.72485
0.718394
0.867499
2.10072
1.4825
0.509026
0.226889
3.88926
0.122256
0.935113
0.396758
1.49012
0.592558
0.016583
0.34138
2.11064
0.577406
3.11801
0.136161
0.334876
0.171529
0.426702
0.627064
0.218805
0.101662
1.65079
1.90802
1.08304
1.12618
1.4027
3.28161
1.52057
0.485582
0.0460445
0.915973
1.60747
0.261105
0.233795
2.12732
1.88009
1.04633
1.52543
0.780097
1.02803
0.815268
1.69046
1.46446
2.5907
1.18187
0.0659012
0.636313
2.60321
2.50936
2.56582
0.51812
1.0461
1.04729
1.01351
0.0728534
0.302155
0.0720437
1.7008
1.56716
0.478359
0.361177
1.7089
2.1915
0.791536
0.219589
0.00477104
0.455337
1.10247
2.19523
0.587015
0.0250481
1.29667
1.69104
0.0820341
0.532644
0.781329
0.410381
2.30628
0.753762
2.06122
0.974926
0.191281
1.19058
1.03908
4.40126
0.288909
0.714016
0.948446
0.381997
0.00571414
0.349073
0.227384
1.45192
0.581218
3.06995
2.19323
0.476142
0.681341
1.06673
1.71607
1.67105
0.892919
0.292815
0.0541718
1.63598
3.75189
1.92683
0.134006
0.865162
0.47073
0.608638
0.357788
1.68878
0.00444774
0.0672069
0.280578
0.491455
0.674534
0.232116
0.576841
0.710976
1.29561
0.281517
0.118275
0.59041
0.225644
0.546229
4.22859
0.672889
1.94263
0.0303635
0.952936
0.387131
4.10824
1.05179
0.957554
0.595986
0.263295
1.79947
0.864868
2.15658
0.274617
0.193295
2.72434
1.23373
2.96886
0.189645
0.883902
1.23044
0.123694
1.59456
0.880419
1.30237
0.0998677
0.200324
0.996082
2.60076
0.496703
0.421944
1.21506
0.840572
0.0612231
0.44593
0.926617
0.811598
0.616477
2.24648
1.18688
0.387776
0.563661
0.72644
0.990238
0.331188
0.509517
1.20326
0.443991
0.685083
0.661509
2.65715
0.242552
1.19574
0.128055
1.76979
0.415939
0.458754
0.286035
1.26852
0.307425
0.0102032
0.936529
0.732569
2.58453
0.342203
0.18391
0.549903
2.29337
0.231588
0.281647
0.26541
0.17645
3.2538
0.414113
1.59055
0.144223
1.13881
0.253171
0.573833
0.402395
1.08361
0.419741
1.65471
0.486437
0.378044
0.0392581
0.0841599
1.35007
0.582243
1.07163
1.98488
1.64923
0.0389238
0.0756955
1.58923
1.97437
0.324097
1.07814
0.242386
0.649161
1.75162
0.308116
1.60036
1.5975
0.203704
0.235801
0.959309
0.515771
0.194222
1.98892
0.703787
0.101524
0.35039
1.74543
0.170406
0.471511
0.0367522
0.3071
1.99801
2.19382
2.24859
0.575164
0.387417
1.0709
0.218246
2.85297
0.494834
0.45724
0.534416
1.33187
0.304951
0.690531
0.154606
0.612577
2.46488
0.924027
0.502431
0.105316
0.328349
0.693785
0.468448
0.817673
0.0487206
1.192
0.519117
0.119168
0.70754
1.63271
0.18537
0.446991
0.424277
0.303057
2.51032
1.08662
1.70177
0.134403
1.76962
0.967388
0.220603
0.288228
0.173512
1.00654
2.73685
0.955513
0.466288
0.0925695
0.538332
0.118261
2.30039
0.197848
1.41938
0.82984
1.17127
3.08703
0.777733
0.333546
0.257104
0.859774
2.23926
2.77906
0.181406
0.463415
1.91968
0.0267437
0.306249
1.13495
0.51513
1.40122
1.41293
0.0717827
0.111839
0.88386
1.94373
2.84826
1.41673
0.337459
0.756476
0.0604431
3.09059
1.20858
0.24784
0.0476818
0.00820195
0.122505
1.11032
0.529913
0.115695
0.569634
0.776963
0.102149
0.175223
0.00488291
2.72351
0.144194
0.212767
0.433093
0.797571
0.534008
1.45523
0.972973
0.86592
0.135085
0.363739
0.0314954
0.0505673
2.37425
1.28328
0.0933643
1.3698
0.250653
0.377426
2.39278
0.513468
0.0393848
0.332435
0.46662
0.360107
0.384045
1.82596
0.616304
3.89297
0.461482
0.32633
0.711931
0.164464
0.906582
3.07113
1.26859
0.865343
1.17991
0.805273
1.09244
5.91179
1.67208
0.923696
0.13899
1.56324
1.39184
0.929468
0.0324432
0.848383
1.18282
1.29169
1.34467
0.404448
0.788087
0.586474
0.830326
0.394065
0.523622
0.0918093
1.27642
0.425437
0.249553
1.05828
0.781506
0.858733
0.129022
1.79079
0.269899
1.05215
0.794647
1.10834
3.9431
0.127138
1.03565
1.33407
1.00606
3.16907
4.15014
0.316891
2.015
0.357023
0.181347
0.1906
4.03585
0.0524874
0.386839
0.319806
0.271877
0.790382
0.0638113
1.60467
2.77492
2.55512
2.52479
0.579899
0.0994566
0.447442
1.63814
2.77464
3.03645
2.04951
0.763952
0.923634
0.159238
1.49885
3.06313
1.15251
1.67645
0.832597
1.24919
5.21851
0.513077
0.318106
0.246082
1.25763
0.736634
0.0615108
1.59218
1.55802
0.86283
0.160774
0.999509
1.68294
0.701172
1.51773
0.675977
1.94755
0.461411
0.45227
1.5644
0.105697
0.178711
0.629603
0.0382836
1.30136
0.759127
1.79881
0.207832
3.8166
1.44102
0.0769428
3.16394
1.44821
1.67344
0.214229
0.995985
1.56097
1.04299
1.015
0.499929
0.807057
1.25165
0.00727468
1.37497
0.204206
1.60758
0.105997
0.0276965
0.68715
0.0998349
0.622337
0.853518
0.21437
1.32381
0.103942
0.89499
0.975112
0.929409
0.704498
0.266429
0.0172152
1.29117
1.23146
3.24289
0.927073
3.15426
0.581164
1.19271
0.754782
0.466457
0.166708
1.79958
4.46748
0.0355641
0.000820211
0.988337
0.663709
0.697891
0.649416
0.000318897
1.01563
1.80845
2.02811
0.389388
0.576748
0.513148
0.187762
0.207048
0.479972
0.291583
1.08519
1.29129
0.477052
0.498065
1.44463
0.698495
2.09555
1.1621
0.4834
0.765371
0.0785068
1.35046
0.474602
0.612239
1.15982
0.696529
0.390556
0.507375
0.133522
2.31018
0.27164
0.856993
0.816899
0.367919
0.56607
0.20444
1.28174
0.0984247
0.160152
0.883546
2.57225
0.0929947
0.16044
0.437426
0.144522
0.256363
2.59188
0.237841
0.924669
0.173141
1.16409
0.514545
2.18029
0.152056
1.58527
0.750736
1.28856
3.19687
1.5952
0.507059
1.08492
0.231379
1.38408
2.57067
1.88608
1.16308
3.33384
0.927055
2.38122
0.274187
1.98769
1.01058
0.372407
1.4568
0.0971437
0.207082
0.16992
1.45733
0.849972
2.10571
1.47691
0.160581
1.00544
0.00622394
0.058289
0.967788
2.48387
0.797313
3.69295
0.595578
0.205107
0.685455
0.121271
2.01938
1.32968
0.760117
1.28313
2.61853
0.783428
0.995855
0.155712
0.0859401
1.7901
0.859001
0.0580001
0.349044
0.249689
3.64013
0.570498
2.95327
0.104476
1.45522
1.05253
0.449264
0.557554
1.69974
0.971212
0.216639
0.898504
0.864908
0.54558
0.736749
0.702627
0.516221
0.317624
2.1083
0.882548
0.735313
0.405243
0.0682629
1.76365
0.265324
0.203165
4.65015
0.845205
0.442873
0.576613
0.421792
0.184754
0.620432
0.493248
0.519531
0.250135
2.62658
0.109067
1.38543
0.714162
0.480424
2.08289
0.179849
0.394677
0.771223
0.622689
0.796733
0.411341
4.0618
0.0119547
0.101876
1.11545
2.98572
0.0836864
0.783657
0.469049
0.948455
1.17608
1.47841
2.26083
3.01402
1.67287
0.834411
1.57569
1.23948
0.199659
1.57607
0.344286
0.71557
2.26888
1.70474
2.08813
1.00228
1.1478
0.551794
0.874494
0.741797
0.275585
0.0396529
0.154987
0.831868
0.934889
0.802526
1.06698
0.145494
2.61579
0.714002
2.82762
0.723168
0.816654
4.2903
0.286991
1.07823
2.58287
2.30903
0.665907
0.508383
0.0249383
0.10015
0.941914
0.0813844
0.0167207
2.84383
0.478135
0.231159
1.5567
1.49319
0.112647
0.134051
2.74311
2.87411
0.855866
0.298173
0.0437399
1.4219
1.63447
3.28554
1.23849
0.154675
1.64534
0.779954
0.239474
0.296312
0.00557475
0.569996
0.252309
2.22685
0.667119
0.152765
0.696843
2.76231
1.34691
2.45536
3.90717
1.12819
0.0545906
1.38434
0.145861
0.275234
0.260577
1.31972
0.0938243
3.709
1.54381
0.303552
0.393342
0.031749
0.362483
0.217508
0.605494
3.11612
0.0872866
0.624517
2.75575
0.872009
1.52898
0.202445
0.187899
7.47585
0.215047
1.62198
2.06573
2.2803
1.6956
0.416848
0.158082
0.0738632
0.533992
0.268712
0.18671
0.469485
0.205439
1.90025
2.47339
2.51025
1.37863
0.198734
1.59431
1.57797
0.839335
1.56691
1.14692
0.117252
0.025244
0.76956
0.189115
1.05248
1.42626
0.089282
0.821503
2.40288
0.647754
1.62741
0.496159
1.74188
1.97771
0.0294955
0.0313465
3.99326
1.51654
0.323145
0.175112
0.861468
0.551513
0.528215
0.943858
2.83761
0.818179
0.40468
0.594644
2.2379
0.807129
0.238936
1.30964
1.32319
0.418527
1.64025
1.83444
0.166287
4.07181
2.33823
1.71849
1.89621
4.79798
0.579578
0.946038
0.155885
0.100603
0.372504
0.960468
0.48012
0.878998
0.567261
0.706396
0.521635
2.51579
0.0876117
1.1031
2.38964
1.41902
0.0703569
0.260832
2.44886
0.0764157
1.34459
0.0586961
0.255129
0.722741
0.556402
1.04579
0.0967057
1.15026
0.350988
0.40947
2.30964
0.674423
0.212367
1.2307
0.191908
0.288137
0.679112
1.10746
1.12472
1.14893
0.75716
0.0541808
2.20041
0.665438
0.90309
0.20997
1.18224
1.01824
0.078181
0.453099
0.665371
0.11251
1.52428
0.820456
0.850057
0.109771
3.59297
0.521392
0.102799
0.885473
0.139005
1.40506
0.367846
0.144851
0.0359673
1.52164
0.576908
2.12588
0.183503
0.0460996
0.0119179
1.10669
3.53783
0.512343
1.80797
0.0946531
0.0314571
0.220249
0.677776
0.820003
1.19691
1.08229
0.922318
0.118265
0.216103
2.15737
1.08868
0.0675239
1.38168
0.409539
1.34096
0.260392
1.57275
0.360305
1.58328
1.65222
1.4236
0.194137
3.70098
1.1331
0.748475
0.00654261
0.905076
0.208355
0.0421746
0.251788
0.164922
0.177516
0.172065
2.9937
0.1446
0.297575
0.281575
1.75219
2.63726
0.416216
0.877503
1.3421
0.908814
0.0620548
0.11165
0.488307
1.79775
0.305753
0.703908
0.100492
2.08345
0.561069
0.318205
1.56036
1.06302
1.52372
1.12081
0.765782
7.05174
0.282647
0.263055
0.847424
0.162741
2.40883
1.31296
0.286589
0.505763
0.174285
0.365204
1.50257
0.122313
0.161984
0.988653
0.229471
6.21103
1.46574
1.3844
0.785637
1.46668
1.50364
1.00846
0.602059
0.182848
0.305498
2.528
0.488223
0.668197
0.098778
2.75087
1.0279
0.647728
0.746343
0.783441
0.218142
1.99085
0.991367
1.64384
1.41645
0.378034
1.19824
0.0606212
3.06506
0.118528
0.374712
0.481309
0.0540025
0.397511
0.228149
0.0581017
0.159571
1.62733
0.929234
0.00749877
0.230842
1.21016
0.267573
1.5807
2.39407
2.801
0.887764
0.19493
1.14873
0.322827
1.19394
1.63322
1.90861
0.442058
0.0174291
0.0588487
0.367887
0.683932
0.965498
0.884427
0.992389
0.650864
0.404889
0.905576
0.0511194
0.221288
0.0209438
0.484786
0.220259
0.487881
1.0132
0.246312
0.0182118
0.274403
0.275591
0.0476759
1.57094
0.278142
0.98325
0.116182
1.10149
2.99734
1.30721
4.0039
0.951825
0.0433631
0.668311
0.0844465
0.244932
0.562241
0.353613
0.210516
0.258946
1.19823
1.41385
0.0236438
0.324746
1.14966
1.78117
0.485773
1.11508
0.629742
0.144671
2.9443
1.16813
0.872567
0.621814
0.225433
0.322164
1.23819
0.308987
0.936813
0.855245
1.11285
0.230584
0.674826
0.21103
4.35089
0.650882
1.26129
0.913634
1.64467
0.0514322
1.18766
1.0023
0.674007
0.663301
1.33655
0.579412
0.9963
0.72916
0.381492
1.81129
1.66792
0.0439321
0.314784
0.63992
2.13577
1.13859
0.633758
1.25191
0.0461542
0.864057
0.0209005
1.08995
0.782863
1.00601
0.715764
0.264986
0.260877
1.46324
0.438412
1.12345
1.7323
0.589245
1.47762
0.692669
0.129864
0.0891337
0.579443
0.197249
3.76487
0.780275
0.445522
0.815933
0.369482
0.359372
3.51444
0.49007
3.17247
0.865165
0.0577815
2.231
1.06807
3.1738
0.658013
1.54564
2.42238
1.42763
0.353935
1.05262
0.0953206
1.5499
0.288846
0.0923239
0.688185
0.962926
0.278203
0.843546
1.27481
0.112146
1.49692
0.487972
0.0587525
0.301369
2.54909
0.957019
0.341534
0.173718
1.91474
0.753636
0.935844
0.0736368
0.651692
0.411247
3.48064
0.570499
0.256435
1.21064
1.13694
2.11202
0.682315
2.57631
0.667489
2.6636
1.81306
0.2433
4.08023
0.873115
0.506053
4.03158
0.885874
0.490462
1.04092
0.721815
2.51722
0.269274
3.18191
0.0174345
1.79186
0.662163
0.0568774
0.485352
2.50162
0.917006
2.09326
0.98901
1.34196
4.35026
2.28439
0.486811
0.961893
0.161729
0.587479
0.532745
0.276403
2.01893
0.0354419
0.656658
2.11635
0.780295
0.359926
0.883137
0.713378
0.470357
0.734073
2.21103
1.01128
0.801201
0.329317
0.36577
0.089476
0.0810033
0.449743
0.152573
0.865551
0.613573
0.39148
1.24484
0.448755
1.9312
2.01953
0.421399
1.13759
2.34979
0.70111
1.12143
0.507639
1.95642
0.841373
1.09833
0.788826
0.227847
0.124551
0.294207
0.0754466
0.564527
1.36322
0.0296995
0.961757
0.126611
2.02927
2.10937
0.83696
4.35117
0.725063
0.00389568
0.21905
0.102171
0.153301
0.241972
0.209847
1.91055
0.775025
2.62113
0.370616
3.38291
0.439935
1.47272
0.761588
0.0688585
0.325365
0.254512
0.530761
0.0960885
0.517754
0.216839
3.55398
0.160823
1.96901
2.88883
2.57208
5.63358
0.204201
0.347202
0.668037
1.69912
0.75288
0.698714
0.926705
0.578348
0.239282
1.40339
1.83339
1.13194
1.10562
1.02498
1.42905
3.10141
0.386387
0.880616
0.0702654
2.01809
0.557249
0.898617
0.34646
1.94354
0.58353
0.30399
0.393278
1.08349
2.46764
0.618534
0.857476
1.19518
0.664667
0.880095
0.0593714
0.0443973
6.60632
1.65696
0.192791
0.213889
0.342428
0.289664
0.717183
0.26133
1.11655
0.614939
0.514233
0.930228
1.10441
0.143447
0.870837
0.178159
0.0230433
0.701926
1.20334
0.895502
0.772808
0.317738
4.48172
3.22219
1.48185
0.7549
2.04782
0.701709
0.144461
0.862412
1.62461
0.392127
0.539791
0.0481846
0.147473
0.176917
0.374675
0.280738
0.348539
2.50627
2.81937
0.146186
0.0364277
0.0799371
2.72106
2.07951
0.131004
1.19395
0.130114
0.358519
0.166371
0.152658
0.417552
0.37651
2.00171
0.224662
0.557829
0.77053
1.18194
1.51933
2.45647
0.217544
2.07705
1.68182
0.664106
0.928109
2.1341
0.826351
1.26143
0.224753
0.656954
3.72343
0.161388
0.731279
0.231345
0.30892
0.257267
0.0269924
0.741664
0.449935
0.159109
0.283647
0.683737
0.541484
0.166647
0.0625816
0.245173
0.021956
0.380824
0.965932
1.75217
0.336714
0.414477
1.49623
0.450761
0.642647
0.552973
0.59496
0.327189
0.399939
1.38243
1.77068
2.16225
1.47507
0.854228
1.97009
0.724091
0.12714
0.785524
2.08131
1.24077
0.728461
0.219878
1.8233
0.225733
1.24093
0.278661
0.0884944
4.08346
1.90303
1.00152
3.66852
0.310536
0.659369
3.45719
0.483189
0.938985
0.489722
0.34347
0.569809
4.58861
0.570936
1.50532
0.499392
0.156682
0.130338
0.516936
0.142493
2.67818
2.94569
0.0879544
0.0940343
0.0187935
0.352219
0.449131
0.12702
1.19255
0.000350641
0.171472
0.183797
0.088432
0.252079
1.00968
0.19248
0.766233
1.93234
1.2637
0.126936
0.730624
0.0711334
0.334099
0.970859
1.5024
0.218781
0.935153
0.0208715
0.0454865
0.935113
0.0492818
0.411517
0.111192
1.32722
0.81711
0.0344006
0.696069
2.58998
0.0319811
4.75936
1.08112
0.315086
0.0355593
0.954943
1.35743
0.0931825
3.38425
0.655055
4.57121
0.245462
0.18752
0.574961
2.06187
1.51121
0.0661963
0.874066
1.71806
0.895833
1.553
0.0211604
1.71678
2.11474
0.607763
1.71059
1.14255
0.605145
0.69955
0.0815067
0.282893
0.0278535
0.238329
0.751503
0.428424
1.71599
2.49229
0.836373
1.55492
0.140033
3.15026
0.16225
0.148664
0.0292279
2.26352
0.605143
1.0291
1.82106
0.0629432
1.27334
0.0264473
0.844754
2.68572
0.215695
0.647696
3.74084
0.548938
0.865452
0.938105
0.474534
0.900745
2.44951
1.157
2.8893
1.81025
0.338542
2.27753
0.862804
0.0648567
0.371942
3.80382
0.074278
2.94285
1.3997
3.01454
1.21618
1.40056
0.303787
0.356566
2.72377
1.55326
0.854593
0.417152
0.456505
0.0214912
0.155535
0.102228
1.00866
2.37889
0.881563
0.610087
0.497007
3.10836
1.98581
2.39355
0.0434283
0.0800317
0.971279
1.02805
0.531627
0.298898
0.904343
0.356516
4.63091
0.898099
0.666174
0.189995
2.60494
0.23754
0.277388
0.13954
0.580474
0.169385
0.150609
0.0678037
1.66852
1.29133
0.895837
0.170945
0.927773
0.419168
0.0930751
1.29019
0.365365
0.647095
0.21433
3.71265
0.0282112
1.07355
4.98619
0.556249
0.589051
0.141611
2.84182
0.348117
1.00121
0.198093
0.655349
1.01266
3.25727
1.06969
0.472827
0.788949
1.28713
1.51845
0.191989
0.180289
1.03852
1.23501
1.16121
1.81143
3.1201
2.92543
2.67024
0.169609
0.185473
0.129074
0.560148
0.259622
0.298513
0.185691
0.336803
2.47494
0.452788
0.626559
3.13723
0.445324
1.28835
2.77442
0.125461
0.853641
3.47868
1.23404
0.823221
0.506043
0.617811
0.360305
0.724488
0.873878
1.78963
2.981
0.386983
0.404141
0.505843
0.0376462
1.96446
0.0507855
0.866935
0.276259
1.09348
0.929894
0.0568441
0.473236
0.124396
2.40071
1.32951
0.707029
1.03365
0.0711647
0.333361
0.43203
0.417157
2.65299
0.377925
0.756617
2.48048
0.338013
2.94627
1.17976
0.491575
0.803861
2.03801
0.0445592
0.578395
0.187707
0.878295
0.420698
1.84681
0.850968
6.54706
2.20694
2.1013
3.01439
0.0182268
0.769585
0.162184
1.05938
0.379381
0.332155
1.27103
0.654364
2.70569
0.63766
3.4386
1.11519
2.14401
0.153841
0.108186
2.12718
0.532663
0.842172
1.28094
2.41716
0.10608
0.745046
0.436706
0.736105
0.572615
0.384186
0.470414
0.0781331
0.0639596
0.142191
0.272306
0.401079
0.407109
1.22714
0.521614
0.166143
0.454515
2.4143
2.5206
0.598801
0.24037
0.264003
0.00285897
0.114634
0.493437
1.32368
0.99562
0.250494
0.403629
0.710478
0.617864
0.527632
0.0301961
0.192329
0.0575412
0.703053
0.584332
0.604104
1.604
0.507894
2.24305
0.446914
0.554147
0.417973
0.0987509
0.0618113
0.869064
0.664628
3.21651
2.43299
0.382031
2.93471
2.25508
1.4174
2.99348
0.215969
1.1863
3.71958
0.191693
0.0411834
1.33802
0.443064
2.08523
0.030347
1.00244
0.40517
0.751036
0.718789
3.9912
0.880617
0.939082
0.211349
0.541959
0.92349
2.76523
0.557652
0.918239
0.217927
0.430245
0.118578
0.362289
0.745012
1.00494
0.445778
0.342679
1.13563
0.133289
1.88661
0.121843
0.406278
2.15883
0.0722728
0.7609
0.793677
2.10392
0.343719
1.11176
0.239227
0.0589219
0.720484
0.991184
0.24251
1.46751
0.246886
1.11568
1.83163
0.516746
0.208688
1.15616
0.605029
1.16145
0.21033
0.0432236
0.0162023
0.798057
1.68838
0.834855
0.586222
3.43418
0.306645
1.32787
0.478954
1.20216
0.440306
1.62789
0.518677
0.402981
0.835215
0.00135511
0.237931
0.790866
0.459881
0.63783
1.69983
0.0252621
1.14211
0.125056
0.377307
2.30269
1.18708
0.0176512
0.256028
0.192272
2.17199
0.851836
4.85113
0.0191179
0.669008
0.0594109
0.995508
0.43982
0.250762
1.28049
0.113747
1.07524
0.849689
0.14159
0.622432
0.455013
0.501889
2.21797
0.255419
1.76332
0.155296
0.54515
0.164915
0.239603
0.730069
3.0735
1.86259
0.299363
1.61049
0.542914
0.311729
0.381374
1.16953
0.448205
1.25469
0.868677
2.43737
0.866563
0.301946
2.47167
0.5139
1.01273
0.272078
0.24282
0.400823
2.38068
1.51194
1.15859
1.57333
0.399974
3.19489
3.7787
0.547743
0.73741
0.865892
0.860845
1.30184
0.563271
0.148198
0.480632
0.602501
0.192982
0.0131616
1.90238
1.28275
0.285391
0.53012
1.11304
0.353827
1.34253
0.117061
0.40832
1.19347
1.37056
0.777477
0.795988
0.678212
1.0224
0.277367
2.20384
0.837723
0.416378
0.274848
0.968863
0.953236
0.31624
0.462652
0.0821261
1.12798
0.175251
0.105876
0.804911
0.00780237
0.430378
2.15919
0.0615033
0.0567286
1.45985
0.887171
2.7981
1.82033
0.283882
0.0244735
1.13205
0.742624
0.409272
0.149454
2.08809
0.665545
0.31941
2.17519
1.49225
0.990185
0.3491
0.403318
0.291944
0.323284
2.59157
0.0206727
1.23835
0.52782
0.565033
0.166183
1.39181
0.7804
0.0981144
0.934964
0.0899656
0.0154115
0.608937
0.418976
0.806364
0.025279
0.266295
0.256395
1.17889
0.148977
0.0239465
1.75612
1.45087
0.951879
0.684352
0.229915
1.0687
0.358832
0.251439
0.279548
0.796254
0.536988
1.68016
0.823877
1.64169
3.50125
0.731197
0.77967
3.30206
0.178047
3.22385
0.736504
0.279162
0.699874
0.181041
1.12316
0.734455
3.26505
0.815979
1.00403
0.137561
2.88404
0.0733694
0.48056
0.59674
0.459526
0.0548213
0.622434
1.1249
1.02044
0.134528
0.0473529
1.11833
1.64942
1.05831
2.06795
0.443766
1.21072
5.89506
1.0478
0.681412
0.393555
0.24557
2.23339
0.400006
0.361938
0.473047
1.62334
4.89148
1.12323
0.128488
0.18501
0.0480976
1.6497
1.18695
2.05339
0.145234
1.35732
0.0659134
0.00789644
0.119807
1.33283
0.345676
0.200255
0.904218
0.368573
1.95037
7.6802
0.393484
0.847896
0.0571377
0.372585
0.331382
0.150509
0.175057
0.25967
2.78072
0.506277
0.716123
0.638984
0.876824
0.554773
0.196505
0.0749831
0.142729
0.46412
0.482303
3.67127
0.384563
0.784996
0.395968
0.873081
1.21506
0.0388975
0.930008
1.50036
0.512229
0.178881
1.92421
0.607796
2.9333
0.644197
1.64425
0.132575
0.235454
1.16331
0.549025
0.885151
1.47393
0.320593
0.279254
0.314749
1.14222
0.0253506
1.06392
0.240834
0.00891018
0.45118
0.225898
0.337291
0.104061
1.22293
1.01733
1.01773
2.90982
1.07039
1.95871
3.15803
0.929655
0.394277
0.496163
0.785307
0.0572655
0.801434
0.921679
1.43401
0.539801
0.404517
0.34095
2.22542
3.04257
0.283079
1.68341
2.76558
1.40743
0.15472
0.60432
0.523285
0.789935
2.42912
0.122769
1.00762
0.662784
0.917019
0.107281
1.0478
0.537919
1.14894
0.0707998
0.171812
0.625786
1.43889
1.92944
1.09953
0.494954
0.686203
0.41947
0.334883
0.951133
0.0347622
0.00959765
0.278244
0.414603
1.42715
0.418481
1.14002
1.12857
0.980356
1.47059
1.27604
0.196323
1.95499
0.343983
0.498709
1.24877
0.433206
0.581315
0.545599
0.0849118
0.685355
1.53123
0.571397
0.344009
1.48107
0.865396
1.01484
2.38185
2.07691
1.57037
0.606216
0.496361
1.07447
0.117509
0.261375
1.80806
1.22866
0.14653
0.663617
0.0249342
1.6058
0.520147
1.56294
0.239678
0.0708366
0.53807
1.5546
0.82001
0.159043
0.375086
0.517783
0.943308
0.0827852
0.514586
1.52248
1.4285
0.349667
0.17375
4.95298
0.0993384
0.563894
2.20204
0.0474897
0.768537
0.345937
1.23281
0.281554
1.21965
1.34799
0.0102149
0.559196
0.514735
1.58333
0.0808722
0.142377
0.157215
1.36508
0.00954406
0.25032
1.04956
0.799837
0.967588
0.0106123
1.16431
0.402958
0.655106
0.574713
0.260413
0.254297
1.44745
0.366576
0.330756
0.517893
0.0634098
0.174601
0.41937
0.810111
1.71446
1.58822
2.11247
0.872783
0.896981
4.66874
1.3772
1.89634
1.32611
0.610087
3.48936
1.34657
1.32375
0.846484
1.48556
1.68736
1.73158
2.53667
0.392414
0.476692
0.0487276
0.223997
0.046884
1.28114
0.598134
0.697431
3.097
1.82685
0.76555
0.764417
2.56841
2.42052
1.12931
1.68618
0.323975
0.416776
1.0199
0.459708
1.0403
0.985495
2.01184
3.76623
0.675613
2.03285
1.23213
0.717766
0.218349
0.216067
0.291282
0.510248
0.189213
2.19665
2.4815
1.36423
1.98003
0.753005
0.633249
0.177791
0.0707649
2.29127
1.04803
1.95067
0.742998
4.02807
0.038028
3.72973
0.118172
1.71668
0.429895
1.54849
1.03668
0.740186
1.7044
1.29229
1.02424
0.250875
1.71993
1.74891
3.55378
0.296394
0.549966
0.934784
1.80427
0.47868
5.95885
2.59336
2.92324
0.325145
0.8831
1.87963
0.441514
0.195877
0.185683
0.0860299
1.80637
1.96922
0.691668
0.00495444
0.230399
1.7966
1.11903
1.6812
0.827637
4.16457
0.10822
1.99952
1.54235
0.645148
0.0419609
1.24958
0.293226
0.217945
0.420702
2.43837
0.201794
0.774475
0.943014
0.10251
0.685917
1.635
0.495312
0.511276
1.04588
0.0140986
0.910176
1.3308
0.364064
0.54557
1.6709
4.80007
0.361716
0.728327
0.989286
1.10265
1.62801
1.70278
1.24467
8.2537
0.0444032
0.231229
1.31756
0.112774
0.948635
0.157137
1.77928
0.229952
1.0818
0.750484
1.59802
0.553863
3.02738
0.626651
0.931305
0.308363
0.194736
1.61484
0.665804
0.265648
0.597332
0.999894
0.209332
1.21667
0.481657
1.01885
0.938597
0.768574
1.10824
0.698931
0.5639
0.67567
0.895152
0.228205
3.32613
4.05352
0.417604
0.672783
1.73948
0.233914
0.933643
0.357104
1.00883
0.217476
0.363993
0.585051
0.520207
1.59858
2.24104
0.358858
1.38802
0.212244
0.184959
2.0599
0.968704
2.28182
3.37514
2.46655
1.20844
2.15323
1.12082
0.703583
0.161681
1.4571
4.08481
1.52356
1.74512
1.12376
1.48183
0.194845
1.18326
1.56563
0.81984
2.43899
0.791923
0.138795
0.539387
0.0645856
1.28638
0.860101
1.51913
3.18891
3.95185
1.34227
0.0583475
0.273462
0.205939
1.00286
0.57405
0.386701
5.28362
1.45667
1.90665
0.887969
0.190813
1.01022
0.613343
0.0961393
1.33282
0.206378
0.89301
0.0325568
0.810991
0.328701
0.85106
1.81402
0.95655
1.19323
0.394362
0.110426
0.839658
1.26678
0.18007
0.235489
1.40739
1.77542
1.25344
1.98241
0.457638
0.87529
0.429292
0.51486
2.25018
0.157347
0.0756449
0.136188
0.778871
0.912916
0.296499
0.568716
1.43044
0.697048
0.153005
0.0706236
0.877799
1.48737
0.753299
0.31848
2.27048
0.555045
0.826973
0.123255
0.404571
0.206623
0.0262104
1.59761
3.0355
0.819996
0.0653645
0.244168
0.445121
0.429183
1.34796
0.89425
0.568702
0.217974
0.441293
0.54357
0.401258
0.176565
2.64072
0.847516
2.51872
2.30652
1.38515
1.61112
0.392591
0.605621
0.597209
0.616338
1.30765
0.246681
0.619386
1.28476
0.116565
0.114662
0.376335
0.0874407
0.0638376
0.633102
1.06792
0.571097
0.485237
1.47268
0.587452
0.721968
0.882869
0.974495
0.201
6.18863
3.732
0.162089
1.05075
0.0439162
0.696324
0.311503
0.025934
0.814528
0.00456411
2.28522
1.65366
4.82989
0.0522559
1.08206
0.643161
2.89997
0.00364081
0.0871386
0.298388
0.447367
0.695035
2.00617
4.75615
0.968634
0.0042925
0.275742
0.517139
0.368771
0.867573
3.57242
1.61143
2.89705
0.865206
0.0165217
0.763388
0.641199
0.47491
0.525748
0.200875
1.57821
1.87836
0.497212
1.86701
0.135759
1.22789
0.411353
0.655539
0.701122
0.581221
0.690628
1.14573
0.179847
2.56349
0.140276
1.73593
0.171897
0.565575
0.0171756
4.05769
2.68853
0.232973
2.87271
0.795674
0.226
0.249337
0.17347
2.8351
2.18644
0.376284
0.447938
0.422775
0.517022
0.48414
0.276429
2.09303
0.106694
1.45402
0.151734
0.108665
0.151022
0.663231
1.83202
0.377462
0.885707
0.758845
0.0359073
0.650442
0.0285739
1.86394
0.761623
0.326777
0.649069
0.15233
1.21452
0.1766
2.17088
0.320999
0.262209
1.59038
0.0235969
0.327597
1.22226
2.0086
0.0330497
1.45304
0.0915643
0.939645
0.58248
1.78141
0.88648
0.0168309
2.56319
0.159784
0.00418458
0.10759
0.89225
0.500849
0.0505399
0.17636
0.126889
1.19527
1.2486
0.572461
0.661399
0.278053
0.217631
0.0888666
0.908879
1.26994
0.599124
2.26921
1.0282
1.44987
2.12127
1.00908
0.49284
0.0822901
0.24289
0.60208
0.324954
0.434884
0.138924
0.307206
0.82924
1.21203
0.948668
0.738776
0.377388
1.39137
1.06887
0.322942
0.774545
0.0332386
0.332778
3.14101
0.287009
2.10183
0.609768
1.54245
1.32838
0.598209
2.52359
0.25831
1.8589
0.0978897
0.678271
0.502358
0.818483
1.05712
2.04203
1.77351
1.06155
2.79669
0.625057
0.839283
1.30197
5.44558
0.39056
2.26256
0.502584
0.405018
1.09804
1.30938
2.64047
1.58974
0.0873954
0.0155492
0.155786
0.258462
2.59621
0.0709818
1.66262
0.899899
2.67595
0.319716
0.474651
1.30314
0.999143
0.0501338
0.379956
0.469988
0.835713
0.68289
1.86016
1.11493
1.9077
1.02243
0.429051
1.42825
0.153873
1.20102
0.319602
1.10522
0.746972
0.290878
1.48618
0.158694
0.482436
1.46802
2.55408
0.922347
1.41878
0.483368
1.41164
1.69672
0.332807
0.401787
3.10151
0.897607
0.200332
3.82174
0.573255
0.00501963
0.515466
1.81949
1.08349
0.541128
0.54656
0.690429
2.78808
2.62485
1.34263
2.0898
0.712738
0.512468
1.00416
1.21725
1.26514
1.47387
0.207751
1.11886
0.0347572
1.39519
0.149075
0.153069
0.277007
1.03018
0.895927
1.7148
0.824947
0.472269
0.14162
0.43333
0.00896864
0.662153
0.467882
0.227828
1.47858
0.150355
0.671555
1.49996
2.31237
2.81346
1.40321
0.16545
0.0989927
0.908361
1.04909
0.494688
2.0739
0.215706
0.816049
1.55777
2.812
0.199597
0.897671
0.0291241
4.18767
1.43818
0.925304
0.912707
1.47652
1.91312
2.23469
0.579101
1.38517
0.287543
1.1454
0.225316
0.00737912
0.235401
2.03221
0.0385671
1.86489
0.0658499
0.12486
0.424483
1.43357
0.0634036
1.66591
0.468356
0.150122
0.0976237
2.49594
0.107364
0.546528
0.612801
0.355473
0.37576
0.0650239
0.423963
0.708643
0.319525
0.0595215
0.206359
0.930836
2.5965
0.375833
0.79196
0.0524763
0.018926
1.13037
1.2838
0.203222
0.0899465
2.26762
1.20708
0.44022
1.14044
0.359449
1.0501
0.276949
1.54922
0.701763
0.939609
0.45909
1.76247
2.23718
0.758808
0.517375
0.177878
0.258348
0.437325
0.285628
0.720839
0.111995
0.289252
0.609215
0.246836
0.930315
1.35215
0.0391219
1.31547
2.13032
1.65349
0.197975
0.328452
0.0102014
1.21207
2.4032
0.102851
2.07409
0.869224
0.311478
0.157502
0.458528
1.08087
0.000411273
1.32126
1.2689
0.0412699
0.401734
3.1154
0.243355
1.93796
1.82039
0.449779
0.135146
2.78026
4.33474
1.4581
0.101334
0.997809
0.42547
0.967173
1.72915
2.86135
0.0373751
1.8629
0.333079
1.1398
0.58157
0.845694
0.383655
1.37203
1.29588
1.07215
1.88906
0.294
0.232461
0.578222
0.732726
0.983755
0.100038
0.896189
0.0652875
0.408734
1.10509
0.797038
0.18247
0.634372
0.527099
0.462221
0.141345
1.43176
0.147241
0.649569
0.127207
0.302977
1.14942
0.204153
0.311154
0.385006
0.162557
0.536262
0.631686
0.0283167
0.330952
0.776831
0.104005
1.61095
5.75101
1.34782
0.669505
0.283072
0.956957
1.64814
0.536531
0.00730256
1.74832
1.63207
0.552503
1.24906
2.50468
0.672259
0.283515
1.31967
0.418019
2.62048
0.125599
2.05723
0.113251
0.217394
0.329894
1.17884
0.0892974
0.921564
0.621432
0.931888
1.33063
0.399285
0.952821
0.545899
0.361531
2.45734
1.21093
0.669046
0.0286156
0.666567
1.84052
0.137177
0.510448
0.18516
0.819166
0.676619
0.000748407
0.82918
0.649819
0.731579
3.74113
1.31041
0.229279
0.183474
1.10501
0.859914
1.28038
0.841173
0.611313
0.0740371
0.0620943
0.321348
0.41625
0.214877
0.797775
0.309014
0.358867
0.0363167
0.571819
2.09358
5.48089
3.60347
0.158083
0.37102
1.60183
0.36929
0.00539571
2.27486
1.39377
0.384625
1.12376
1.49108
0.601813
0.106866
0.127293
0.147485
0.533911
0.157043
0.478935
1.31008
2.99647
0.0439578
2.98557
1.3968
0.118299
0.282052
0.0294423
1.74276
1.26504
0.338379
0.637585
0.215098
0.0241151
0.48323
1.14952
1.78218
0.0623162
1.75089
0.335162
0.924675
0.205525
0.0879959
1.68539
0.164692
2.19962
0.0200919
0.31036
1.13841
0.485432
0.158391
1.38982
0.330653
0.0347442
0.400971
0.0653368
5.51933
0.150735
1.9433
0.614777
0.27315
0.154617
0.318454
0.535552
1.53293
1.47354
2.5268
1.09685
3.04529
0.182402
0.853086
0.384071
0.195519
0.795072
0.104869
0.374333
0.938469
0.558333
0.782817
0.0300154
2.48047
2.72041
0.837794
0.422235
3.32141
0.327656
1.05635
2.20805
0.716587
2.34961
3.39397
1.84707
0.9498
0.425048
0.401299
0.00411383
2.061
0.449265
0.202665
0.657536
0.252761
0.436668
3.36053
1.35326
0.50061
0.99462
1.78589
0.407227
1.29148
0.781446
0.1248
0.0844533
0.69831
0.0383361
0.596106
0.00203326
0.629119
1.09948
2.91728
1.54709
1.10467
0.879911
0.505816
0.0918386
0.399513
0.878717
1.86261
0.554047
2.07387
1.20546
0.661036
0.00337843
1.61288
0.554752
0.340886
0.237524
0.787225
0.081111
0.339906
0.118696
0.0134857
0.434337
2.23241
1.1946
2.83241
0.92899
0.222334
0.231343
1.35268
2.32325
1.13625
0.346099
0.0118133
0.468967
0.180818
0.393366
0.444226
2.50772
0.816971
0.976116
1.22866
1.51996
0.16724
2.31837
1.41869
0.0693821
0.0200569
1.28823
1.40646
1.23153
0.390802
0.289515
0.263314
2.75293
0.0341996
0.072194
2.24552
1.5799
2.35454
0.502878
0.373738
1.29589
0.177106
0.576342
0.85075
1.56225
1.58896
0.244552
0.853402
0.739177
2.16515
0.952057
0.111876
0.00284923
1.98738
3.17398
0.508464
0.168036
0.142588
2.59971
0.345714
1.70962
3.17652
0.0497946
1.18869
1.03075
0.0325631
0.961894
0.684751
0.388542
1.03443
0.317902
0.888207
0.26208
1.98347
0.0632962
0.203915
4.54889
1.00021
0.315059
0.0645752
6.37408
0.253374
1.60155
2.69284
0.653501
2.6156
0.47496
0.839953
0.0737592
0.53522
0.551198
2.1316
0.699475
1.16608
1.61238
0.895135
0.520586
0.0202403
0.358884
1.0932
1.50877
1.61114
0.129648
0.199501
0.182543
1.25147
0.126319
1.56737
0.0817082
0.163086
0.162593
0.576282
1.16265
0.312177
0.319557
0.673218
0.439124
0.974151
0.107576
3.43073
0.0165785
1.49371
0.106535
0.0158161
3.21233
1.60084
0.125919
0.341228
0.0537763
0.0857597
2.71084
0.539831
2.80412
0.464283
0.126371
0.234237
0.303048
0.565816
5.92538
1.44336
0.557502
0.316743
4.75409
0.166713
4.08403
0.387513
0.15755
1.80322
0.121278
0.691746
0.126392
0.624831
0.38723
0.829381
0.557984
0.315011
1.64738
1.11825
0.273117
1.05908
0.966563
0.839487
0.677058
0.196043
0.0791607
0.336755
1.03236
0.957975
0.748651
1.74519
1.76107
0.235298
3.99563
1.1183
1.24417
1.68185
1.0325
0.93504
1.85246
0.0948788
2.24819
1.17817
1.50457
0.52277
1.41923
2.0898
1.48392
0.951335
0.505378
0.118558
0.413586
0.441115
1.09433
0.518829
0.566864
0.0996709
0.316146
1.25017
0.901624
0.660322
0.856177
0.114093
1.59918
0.337974
0.855009
0.108927
0.391659
0.67001
0.110687
0.878774
0.558373
1.4122
1.6113
0.266231
0.107872
2.73714
1.9374
2.05843
1.27279
1.27876
0.130473
1.0187
1.86387
0.214203
0.868087
0.526691
0.00239273
0.430199
1.30532
0.474927
1.19096
0.41298
2.64913
0.237762
0.620093
0.72544
0.275501
1.17594
0.285568
0.0225661
1.56419
0.297599
2.39401
0.0245671
0.242278
0.45735
0.105759
0.348209
0.23655
0.0891678
0.469293
0.339578
1.33106
1.70219
1.38183
0.490957
2.31799
0.920496
0.799209
0.637296
0.0935518
2.03905
1.70563
0.636793
0.410064
0.10489
0.0587361
0.0973942
0.748713
0.304539
0.981476
0.432371
0.559981
0.670565
0.806918
0.0930349
0.119949
1.95119
0.0822116
0.157745
1.60281
1.32997
1.14312
0.41296
1.0731
0.82612
2.50348
2.45258
0.979094
0.725937
1.84031
1.0452
1.34424
3.17746
0.33398
0.280571
0.0836175
0.0808845
1.675
0.224425
1.64037
1.04464
0.987598
1.66703
0.44712
0.374815
0.226402
0.617299
0.465098
0.367383
3.11008
2.14687
0.341212
0.0436382
1.32316
0.781509
0.344959
0.598053
0.526516
1.61204
0.723282
0.723509
0.458551
0.0423803
0.134379
2.34818
0.201916
0.525256
0.347355
0.113833
0.307902
0.391899
0.888652
9.06558
1.48431
0.604728
1.92939
0.284371
0.865218
0.32621
0.0898846
0.624939
0.845055
2.81871
0.440507
0.773235
0.092458
0.746116
0.406317
0.0354444
1.51461
0.594236
0.549085
0.105718
1.08794
0.100658
0.0705893
1.48447
1.15367
0.529058
0.315068
0.126709
0.840498
0.81815
1.81072
0.106835
0.272255
0.440821
0.544478
0.935817
0.925179
0.971969
2.10338
0.774259
0.000500555
0.113061
4.8776
0.476222
0.078979
0.20298
0.0924598
0.172379
0.514403
2.80808
0.898383
0.257375
0.949511
1.91964
0.0734798
1.37331
0.431434
1.23949
1.50889
0.389116
1.65388
2.6052
0.319537
1.14222
0.184256
2.75331
0.123661
1.69489
1.2232
1.73405
0.238136
0.718136
2.04106
1.83096
1.71338
1.06937
0.121967
4.8667
1.50559
0.305966
1.48472
0.437357
3.88022
0.953095
1.46585
0.309192
1.00947
0.571383
0.591383
0.0945073
0.468211
0.736321
0.377807
1.15673
1.20368
1.28793
4.76744
0.303577
2.0348
1.2653
0.147139
1.5248
1.22245
0.602073
1.09248
0.856883
0.516659
1.25343
0.0232344
0.388296
1.95356
1.22739
1.77674
0.0817379
0.813957
0.0620184
1.08034
0.70802
0.85356
0.212286
0.294959
3.46654
1.23458
0.552575
3.55512
1.03912
0.361946
1.54377
1.31469
0.45576
1.51882
2.20992
0.33171
0.32206
0.584452
1.73842
0.0434918
0.0442432
0.830079
0.609096
0.401469
1.38148
0.397371
0.0733602
0.304418
0.127352
1.00352
1.39108
0.113126
0.336753
0.386457
0.546723
0.493899
1.25062
1.8939
3.21573
0.760711
0.654656
3.62725
0.364095
0.384401
0.817687
0.585933
3.17347
3.65835
0.315031
0.336527
1.62754
0.160401
0.860223
1.16908
1.07995
0.898902
0.460239
0.0441846
0.645758
1.71679
0.540816
0.177674
0.861271
0.757232
0.17069
0.279697
2.28174
0.109482
3.06595
0.878214
0.879719
2.70332
0.0357465
0.943544
2.43728
2.36148
1.34036
0.288282
2.34955
1.62873
0.271897
0.209155
0.88899
2.57712
0.558164
0.0491291
0.346196
1.21159
0.115383
0.0299666
2.24128
1.00212
0.172711
0.0589669
0.585982
0.315731
1.80357
3.24341
0.0763681
0.93151
2.20784
1.34554
0.919558
0.917925
1.03651
0.58505
1.37872
0.192243
1.2233
1.24053
0.484643
0.56913
0.626814
0.71121
1.25176
0.550226
0.0799396
0.106342
1.70222
0.223988
0.0408303
1.57985
0.615716
0.728309
0.0898367
0.693103
0.871469
2.22551
0.709239
1.04398
0.497046
0.46604
0.946559
0.672492
0.625895
1.46873
0.590592
0.408251
1.473
1.06558
0.646028
1.42763
0.0354691
2.42761
0.459366
0.385707
0.446907
0.130256
0.793349
1.68488
0.718283
0.897929
1.16885
1.01647
1.53746
0.34535
1.6808
0.297645
1.99755
0.695302
0.158393
0.43668
0.916401
0.613112
0.520588
1.11032
0.107262
1.57573
1.15486
0.109132
0.0746077
0.0344478
0.892155
0.0767673
1.56717
3.95442
1.6187
1.28835
1.10881
0.265244
1.26803
3.6121
1.50429
1.07063
0.435428
3.51442
0.31368
0.0938083
0.15003
4.82974
0.123583
0.0589267
1.71115
0.374584
0.0649768
1.6643
0.0722772
0.0973004
0.243718
0.606062
0.0355005
1.7511
0.207624
0.628395
0.561432
0.477362
0.219254
0.500992
0.470874
0.180528
0.0594431
0.0162145
1.00882
0.674639
0.601444
1.43131
0.525716
0.962131
0.5324
1.10428
0.438758
0.854393
0.557286
1.15535
0.00464847
0.294409
0.0764815
0.870305
0.25513
1.91563
0.935508
0.330126
2.36972
0.172851
0.528906
2.23153
0.747731
1.46669
1.25848
0.256162
1.44587
1.34669
0.74121
0.0970633
1.73409
1.28956
0.130432
0.186607
0.98998
0.151543
0.138965
1.2969
0.82533
0.504847
0.624791
4.34924
2.32793
1.28316
0.182883
0.577053
0.99391
1.03936
0.653859
1.94113
1.42906
1.02964
0.11047
0.425095
2.10262
0.0124132
0.0478645
0.204854
0.0221792
0.717074
3.35853
1.41271
0.918274
1.54744
0.576311
0.451642
0.672661
0.153226
0.0618729
0.239112
3.94449
1.14835
1.54067
0.440445
1.3768
0.477233
0.566396
2.12505
0.673491
0.0840298
1.40967
0.141839
0.545046
0.0221235
0.0142038
0.313745
0.297097
2.02138
0.568975
2.61925
2.22662
1.73154
0.675699
0.339858
0.494596
1.95595
0.549763
0.421412
0.672343
0.874204
2.13681
1.02015
0.308452
1.63297
0.163119
0.34022
0.129766
0.390968
1.74361
0.793177
1.48359
4.32371
0.491208
1.35247
0.484859
0.802806
0.865381
1.73449
0.748234
0.50399
3.94729
0.455998
0.130578
0.933015
1.31857
0.30864
0.032256
0.691248
1.54882
3.04093
0.609293
0.0972889
0.980839
0.504322
1.69169
0.894232
1.79423
1.18657
0.309277
0.512733
0.653614
0.76363
0.734348
1.31845
1.11837
0.371582
0.14942
0.377923
0.283179
0.227398
3.02936
0.318869
3.26242
4.46468
1.49645
1.20292
0.168953
2.10154
0.100327
3.26371
0.276763
0.196962
1.98221
0.33329
4.01191
0.0623963
0.0935374
1.02791
2.77835
0.241357
0.500713
0.730001
0.0231133
1.2085
0.172202
0.76435
0.82747
1.47651
0.635481
0.755035
1.5294
2.96632
0.713969
0.10726
0.145332
0.179545
0.78664
0.16871
0.468924
0.270253
0.215275
0.703274
1.64797
0.646721
0.146274
0.0629226
0.971311
1.24466
2.45277
1.02623
1.22166
0.74877
0.003203
3.05407
2.15817
4.6591
1.67622
1.47255
3.77565
1.12703
1.5045
2.0259
0.887176
0.295697
0.233439
1.28841
0.0576025
0.617482
0.0622875
0.809943
0.622962
1.17334
0.347595
1.2208
0.14056
0.0747528
3.70479
2.7829
0.694639
0.279218
1.61314
1.10458
1.77705
1.09372
0.209262
1.10472
0.945661
1.32597
0.970731
0.34744
0.123875
0.704586
0.487267
1.43744
0.00479013
0.346827
0.494301
0.766305
0.489718
3.07129
0.234423
0.389018
0.315791
0.145475
0.0302808
1.46107
1.58771
0.329692
1.07646
0.426203
0.196078
1.12379
0.295927
0.715405
1.48992
0.394875
3.10586
0.98468
0.19865
3.52447
0.0444136
1.35311
1.49125
4.27958
1.93595
1.28004
1.00496
0.712523
0.05355
1.57877
0.240255
0.778528
0.583033
0.0339702
1.3036
0.397167
0.0168799
1.85252
1.00381
1.69945
0.446974
3.02678
0.133466
0.624119
0.0994552
3.78658
0.0768244
0.20633
0.752655
0.101778
0.367838
1.39881
0.193832
1.91395
1.05464
0.509112
0.356684
1.03188
1.039
3.0053
0.168721
2.74934
0.436159
0.29363
0.0927406
1.3143
0.182904
0.220475
0.1757
0.407662
0.0400751
0.114161
0.613358
3.21657
0.0397576
1.72157
1.3912
0.235224
1.06811
0.238005
1.11133
3.6052
1.45254
0.627367
0.066812
1.4938
1.09176
2.24665
1.18201
0.133656
0.0989988
0.839869
2.76022
2.18849
1.11352
0.850474
1.10805
0.271325
0.988194
0.176002
3.67475
0.242105
0.330864
0.927398
1.90769
0.574823
0.169804
0.0194886
0.900783
5.45131
0.164605
3.55476
4.53579
0.086275
1.18134
0.145035
0.0150862
0.483969
0.302697
1.62512
0.205349
1.50033
0.255614
0.766737
0.252513
0.473873
0.496487
1.32297
0.234809
0.62551
0.191074
0.566165
2.17399
0.409771
1.69531
0.100537
0.313974
0.961669
0.828928
1.23225
0.268749
0.0854235
0.229703
2.99074
0.289994
0.696753
2.36843
1.34852
2.37624
0.883626
1.32205
3.00029
0.5353
0.766508
1.58343
0.815089
1.35828
0.283881
0.523211
0.0475399
0.791004
1.30894
0.229021
0.40841
0.809425
1.36027
0.912918
0.0203972
0.881286
0.245546
0.716079
0.257597
1.88631
0.664019
1.55698
1.96044
1.19704
2.00759
0.241567
0.753604
0.707219
1.03085
0.750867
3.38988
1.70219
3.67438
0.471763
0.203715
0.577192
1.45604
0.911808
0.228947
1.04893
0.0670773
1.45614
0.963004
0.200509
4.34349
0.502925
1.50933
0.13982
1.37675
1.29498
2.47117
0.641972
1.6411
0.726263
3.04841
0.433944
1.14636
1.31216
0.398346
1.51055
0.641615
0.821385
0.917578
2.91343
0.966445
1.12762
0.132478
1.51122
2.91644
0.149086
0.91241
2.62002
0.75769
2.02211
1.44732
1.73019
0.571094
0.102694
0.0487441
0.00263769
1.74111
1.28224
0.557741
0.41047
0.779298
3.02507
0.408775
0.408604
1.03331
0.203779
1.94315
0.222475
3.56372
0.745623
0.033724
1.48768
0.298466
1.87252
0.808998
0.0768123
1.869
1.67012
0.98675
0.778983
0.758203
1.54622
0.366379
1.20902
0.881905
0.0345608
0.0932659
0.482211
0.664631
0.123952
0.0442249
0.171339
0.502651
2.58702
0.32742
0.197045
2.84465
0.266549
0.0376951
0.0693996
0.383132
0.239625
0.208271
0.0163103
0.292374
1.58344
0.574001
1.52573
2.23026
0.38973
0.0120017
1.27031
0.129835
0.494553
0.146973
0.736591
0.4794
0.331288
0.0683838
1.86201
0.690351
2.76937
4.00945
0.624529
0.899561
1.85653
0.76062
0.145244
0.856637
1.51323
0.370197
1.70025
0.346791
1.69963
0.0459199
0.571623
1.9482
0.69263
1.74786
1.77007
0.210029
0.941539
0.114001
0.0700552
0.392155
0.580517
1.71666
1.50345
0.725571
3.97511
0.436552
1.10725
1.12883
2.81216
1.25066
2.37029
0.216648
0.00613634
1.00831
0.677002
1.10113
0.323047
2.87414
0.407109
0.884625
0.288671
3.03889
0.171821
0.738117
0.388069
0.204955
2.48411
1.76844
0.1722
0.243931
2.14736
0.580623
2.42049
2.39909
0.0738212
1.40821
1.0372
1.90899
0.170686
0.209528
2.5021
0.318811
0.833427
0.518416
2.42868
0.260275
2.14835
1.4947
0.0445573
0.432208
0.305668
0.122941
0.610383
2.79817
4.19376
0.238497
0.378999
1.19889
1.79446
0.232394
0.372444
2.29298
0.627497
0.44962
0.354742
0.291665
0.544199
0.279171
0.645896
0.352777
2.7782
2.0777
0.0165033
0.84478
0.312601
2.16924
0.858223
0.465754
0.925272
0.229357
0.872887
0.506785
0.389958
0.401017
1.28028
0.0291052
1.22241
1.26857
0.784048
0.870513
1.48475
0.404878
0.874825
0.339801
0.566019
2.16583
2.72703
0.37411
0.846196
1.7013
1.1153
0.860584
0.338742
0.808538
0.0437433
1.22145
2.31122
0.0752506
1.84174
1.89931
2.50926
0.386039
2.15044
1.26032
0.96209
0.75889
4.45425
0.798216
0.525471
3.52225
0.4903
0.502077
1.02727
0.154153
3.61564
0.511475
0.0262461
0.0224404
0.354388
0.635237
0.378384
0.385148
1.37345
0.0412023
0.57408
0.420268
1.52038
0.326148
1.26726
0.658314
1.17314
0.671708
0.476753
1.95871
1.35893
0.0201612
3.03227
0.201131
0.18161
0.598005
1.59182
0.425573
1.98006
0.442378
0.466318
1.67918
0.322817
0.596682
0.565962
0.376072
0.400262
0.425582
1.59387
2.4076
1.80817
1.66613
2.17607
3.28279
0.363152
1.21833
1.07824
0.0288647
0.818
0.630717
0.142503
0.278891
0.0756687
0.531944
0.149816
0.245457
0.590609
0.936116
0.684439
4.5613
2.59619
1.07377
0.27165
0.0760822
0.502599
0.171493
0.0936687
0.15208
1.35312
0.115335
1.76461
0.476178
0.0134735
0.105648
1.2669
0.0551156
0.33636
0.742498
1.07675
0.404582
1.03808
0.99574
0.270094
2.23733
0.241068
1.21417
0.382861
0.447601
0.947218
0.156857
0.4635
0.124705
1.58048
1.46279
0.176406
0.724277
1.06542
0.0718341
0.0017422
0.0415983
0.402665
1.5392
0.2267
0.615025
0.920149
0.731989
2.38382
0.672317
0.373327
1.26408
3.19615
0.0384871
0.261145
1.60792
3.50883
0.772804
0.287487
1.26342
0.30509
0.568109
0.43731
1.34751
1.81494
0.408984
0.292675
1.40358
0.033146
2.40677
0.122891
1.98718
0.0529842
0.014383
0.349994
0.861958
0.00366692
0.150683
0.66391
0.495366
1.0137
1.16234
0.217026
0.0158159
0.547888
0.127223
3.82949
0.09199
0.158671
0.756249
0.380767
0.943284
1.1926
1.10411
0.867343
2.80112
0.188517
3.02426
3.5841
0.891366
0.0157555
0.727361
2.12535
1.08901
0.374327
1.8465
0.774757
0.189723
2.53302
3.74881
0.550428
0.0651872
0.934662
2.5378
0.338939
0.240329
1.8529
0.222786
0.303033
0.236584
0.557708
0.171017
2.50199
0.198859
0.923719
0.0235287
1.30091
0.635299
1.75775
0.334153
1.67288
0.633678
2.00364
0.507615
0.534404
0.438686
0.446608
0.504602
4.82941
0.0579795
0.821743
0.519917
0.449201
0.250689
0.431876
1.005
1.56498
0.659031
0.307058
1.95712
0.62455
1.60469
1.00161
3.04971
0.269992
0.196134
0.775913
0.675961
0.0824429
0.807785
1.36552
3.85394
0.155208
0.127092
0.270833
1.31027
1.90167
2.24216
0.886267
3.03252
2.50131
1.73946
1.42509
0.0575125
1.37113
0.225189
0.784755
1.39185
0.0736963
1.14857
0.334756
2.94932
0.357017
1.24431
0.0563963
0.0113742
0.591249
0.974592
3.00672
0.536783
0.0740705
0.246198
1.09027
0.384037
0.169854
0.118371
0.00224605
0.124526
0.370189
0.966082
0.725019
0.694053
0.260448
0.68588
2.27366
0.0641821
1.79249
0.356938
0.384541
4.92049
3.48971
1.1268
0.467001
2.31117
0.129434
0.428319
1.47321
0.356827
0.0258287
0.118983
0.649637
1.60705
0.941169
0.936907
0.576442
0.77247
0.188026
0.193094
0.814558
2.32192
0.229511
0.841082
0.111218
0.0645037
1.60057
1.75639
0.231678
0.472148
0.00530006
0.0938106
0.864683
0.203572
0.123633
1.01353
0.201984
0.0500001
0.265627
3.24006
3.09338
3.53431
0.07124
0.147122
0.321303
0.972648
0.478713
0.357649
0.424344
0.14315
3.11944
0.71477
0.148848
0.654339
0.82427
1.54918
0.073909
7.27738
1.46976
0.969276
0.0941783
0.0841846
0.0835545
1.30621
0.364742
0.847281
0.277695
0.458886
1.97968
2.6606
0.230834
3.40447
0.210607
1.11686
0.91624
0.496215
0.383716
0.15924
0.177078
0.957264
0.5158
0.194872
0.0336768
0.10424
0.143481
0.946949
0.39079
1.03106
0.215871
0.394708
2.08141
0.041147
0.55745
1.20545
0.983366
0.326063
2.09318
0.14133
0.678215
0.939845
0.455975
0.927398
0.207972
0.303407
1.52409
2.00174
2.15894
0.0908337
1.28208
0.273161
0.151039
2.66773
1.12647
0.993365
5.70623
0.0177886
0.503351
1.32698
1.10843
0.148234
1.0019
0.0245402
1.35587
2.57169
2.23064
0.725224
0.318038
0.00833071
0.470842
2.18057
1.33456
0.435172
1.47971
3.34423
0.243366
0.75825
0.074312
0.138173
1.35464
0.307669
0.0493414
1.11634
0.244644
4.51968
0.899437
1.0563
1.72636
1.39175
0.804721
0.321575
0.394219
0.247264
0.270268
0.436465
0.23549
0.0981151
0.30618
2.07812
0.0240254
1.25739
2.34823
0.242859
2.15485
0.167642
0.891097
0.051103
0.75757
0.832455
1.3681
0.657203
1.95373
0.114534
0.963232
0.592091
0.394996
0.24522
0.299947
2.51251
0.197938
0.703218
0.391183
3.26641
2.07835
0.0994898
1.95957
0.181106
1.01997
1.11195
1.33388
0.705064
0.846152
0.0343124
2.27618
0.180816
0.216114
0.59036
0.0765419
0.44154
2.19514
0.835694
0.162869
1.16102
0.103776
0.293624
1.76962
0.102682
1.36557
0.0356888
1.44966
2.65035
1.37311
0.725695
1.76208
0.149549
0.0749101
0.78477
1.10348
0.242126
0.258603
0.491652
0.269715
1.77268
0.92749
1.37047
0.565347
1.45262
0.893611
1.88614
0.769964
0.167483
2.04995
0.630829
0.929026
0.84018
1.7127
0.114252
0.624555
0.00947391
0.518648
0.183085
0.700568
0.387587
0.735141
0.457103
2.30937
0.0799625
0.170229
0.260773
0.618847
0.640422
0.385561
2.30739
1.31353
0.319874
0.135379
0.10322
0.781206
0.417745
3.60102
0.661676
1.08807
1.57526
0.225492
0.27682
1.24839
0.38959
0.201124
0.16571
0.00422683
1.30378
0.231309
3.17359
0.651483
0.202157
0.139955
0.353456
0.51374
0.336917
0.177929
0.0119894
3.74301
0.578178
1.27507
0.103369
0.783954
0.86966
1.44449
0.116885
0.757836
1.72852
0.750074
0.341053
1.70727
0.0210266
0.0575225
0.240456
1.12267
1.77799
0.622946
0.307277
2.83102
0.321472
0.4025
1.1475
0.968001
0.455563
0.163566
0.731455
0.758582
1.76559
0.268425
0.301053
0.22818
0.605951
0.00771145
0.545804
1.08843
0.134542
0.0840466
2.21107
0.333861
0.0608857
0.045356
0.394049
0.454828
0.34701
0.467976
0.469115
0.915419
3.58165
0.462687
0.0241445
0.0952874
0.607586
0.806212
1.95962
0.100235
1.59383
0.53224
0.739885
0.153534
1.00126
2.79499
0.179601
1.20873
0.0137543
1.86034
0.183332
0.062492
0.255879
2.19863
2.91592
0.863069
0.142954
0.254639
0.10026
3.62974
0.0908205
0.190304
1.17989
1.71583
2.72994
0.431591
0.0283346
2.3618
0.19283
0.804486
0.826072
0.972687
1.5647
0.38135
0.507087
0.0511193
1.61573
0.849248
0.0513971
2.34037
0.080724
0.344854
1.67053
6.04273
0.603066
0.830834
0.685864
0.509185
1.11189
5.83659
1.9022
2.70545
0.237771
1.98424
0.557915
0.226531
0.754912
2.36527
0.227638
1.54294
1.39505
0.257546
1.32834
1.51442
0.451672
0.159147
0.149707
0.426234
2.64167
0.655241
1.16667
0.574203
0.487158
0.128849
0.374498
0.417792
2.94248
0.439582
1.54382
0.287999
0.169187
1.75826
2.38852
0.630909
0.131741
0.802619
0.582011
0.617616
0.700625
2.36167
0.127338
0.501057
0.257305
0.00523792
0.696623
0.393288
0.783555
0.479346
3.27735
1.25883
0.529421
0.458922
0.943109
0.562309
1.46357
0.134879
0.555088
2.09292
1.30664
1.20179
0.50737
0.629188
0.2735
0.0345525
3.23484
0.0476784
0.269805
0.456892
0.715438
0.630151
1.89436
2.27553
0.355378
3.34296
1.13034
0.173149
0.653581
0.69376
1.15317
0.00321063
0.956119
1.34931
1.42182
0.940273
0.541968
1.76352
0.617709
0.57449
0.0205459
0.960944
0.0120291
0.756771
0.826426
0.751458
0.0577481
0.101906
0.493657
1.19083
0.268951
1.42797
1.02818
0.839347
0.128907
0.544667
0.760063
0.965911
0.753819
0.123047
0.0976143
0.428828
1.51004
1.70987
1.17876
0.246903
2.4022
0.829964
0.103733
1.22269
0.532542
1.776
0.488255
0.128481
0.720798
0.910214
0.641884
0.4617
0.764789
3.62173
0.86313
0.376374
0.494185
1.74413
0.479571
2.22587
1.36122
0.381645
0.209536
1.13397
2.05626
1.47477
2.1496
0.0266948
1.47058
1.45041
2.86992
0.645129
0.777945
2.17676
0.406687
0.856314
0.926473
0.0458771
0.799537
1.59711
1.47131
1.47578
0.917538
1.19011
1.23757
0.524902
0.252476
3.90048
1.9888
0.934577
0.134119
1.09747
0.398238
0.0503798
0.756616
3.59286
1.45718
1.61634
1.73981
0.121299
1.99175
0.253807
0.890218
1.12226
0.480766
1.84136
1.70125
1.22129
0.438123
0.0942346
0.885795
0.257759
0.595091
0.447935
6.65306
0.34566
0.0374003
0.28568
1.04323
0.314969
0.0285519
0.539334
0.580004
0.748827
4.11687
0.00464176
0.0238696
0.170584
0.828227
3.71927
1.00154
2.6758
1.83582
0.406334
1.00592
0.141206
0.747981
0.950814
0.827112
0.559378
1.01922
0.824943
2.70715
0.631911
1.07014
0.552754
0.97827
0.413805
1.20846
1.39953
0.120891
0.840996
1.50749
0.153251
0.456811
1.78819
0.987339
1.68414
1.05159
0.0224149
0.233071
0.633525
0.0844349
1.87092
0.462991
0.361537
0.194202
0.986396
1.37365
0.973119
0.245517
0.610053
0.50663
3.07652
1.19131
0.465625
0.301562
0.0857182
1.03415
1.2797
2.72577
2.39041
0.145074
0.477461
1.84045
0.823175
1.33821
3.73562
0.357076
1.08808
0.254086
1.65015
0.821911
0.192504
0.371946
0.892664
0.391313
1.28525
1.28124
1.26354
1.62425
1.78507
0.473769
0.213463
1.88928
3.51629
3.53283
2.25085
0.211276
1.76012
1.39744
0.425246
0.39111
1.33923
1.55313
1.02229
0.0933554
1.06151
0.67011
1.19475
0.649669
0.921679
1.20183
0.723313
1.21679
0.0171469
0.155424
0.846694
0.0869772
2.11604
0.689173
0.0496488
1.41878
0.0703542
2.2592
0.0415449
1.62627
1.81853
0.162222
0.526039
1.42579
1.85407
0.651979
0.595923
0.134363
0.959661
0.0279268
0.0337976
1.91982
2.48853
3.48619
0.503259
0.482732
1.97902
0.662672
0.24463
0.298079
0.303634
0.505608
0.201693
1.94962
0.0664955
1.4377
1.1027
0.341854
0.392357
0.220566
1.28568
3.68528
0.963148
0.269807
0.0187297
3.61547
0.369749
0.699046
2.40799
0.865669
0.877024
5.26222
0.355796
0.269236
1.11709
0.300279
0.583989
0.354617
0.179151
1.40988
0.469572
1.1739
1.78538
0.212267
0.127263
5.06068
2.21051
0.127677
0.412546
0.00231337
0.0845295
0.901884
0.892762
0.34757
0.738005
0.171456
2.0305
1.83885
1.26446
3.40347
0.835738
0.2448
1.05964
0.406437
0.798297
0.549203
0.48544
0.64888
0.681112
2.12097
0.0354668
1.46384
0.158938
1.00293
0.964645
0.311364
1.1679
0.340442
0.921756
1.78152
1.87805
1.34939
0.948805
0.89341
2.68881
0.246092
0.246991
0.0783289
0.616175
1.17587
0.205671
1.54776
0.74249
0.19748
0.137197
0.698392
0.865115
5.17596
3.44231
0.100081
1.62659
0.630669
0.124282
0.186791
1.21635
0.20941
1.57527
0.352724
0.131876
0.360497
0.492865
0.138666
0.390281
2.31133
0.362159
0.227056
0.34537
0.0497186
0.165042
1.20513
3.22171
0.659238
1.46016
3.46448
0.635082
0.743355
2.43253
0.0884442
0.194003
0.275768
0.109495
0.288085
0.762174
0.509681
0.65733
0.375202
0.773463
0.285931
0.126962
0.217255
2.238
1.11456
1.19639
0.750218
0.789033
1.36331
3.20608
0.312723
1.5146
0.272174
1.89848
0.925941
0.727148
0.123262
1.45475
2.46501
4.24716
0.784938
1.72981
0.108519
0.579135
0.640834
0.79815
0.059526
0.0709533
0.389174
2.86105
0.832089
1.52043
1.61978
0.311359
0.566894
0.018783
0.545277
0.785654
0.145905
0.299362
1.23356
0.126543
1.42036
0.48473
1.22855
0.273472
0.755669
0.843465
1.37593
0.0483889
1.35614
1.95474
0.0752523
2.3326
0.402424
0.0909832
0.40752
0.606152
2.56814
0.397623
0.707381
0.457716
0.980003
0.714221
0.287911
0.134955
0.429407
0.481833
0.317912
1.7541
3.5241
0.659118
1.28146
0.457803
0.0949851
0.332469
0.167256
3.12096
1.23763
0.179319
0.106573
0.429855
0.895962
0.502038
1.62149
1.32698
0.936476
1.46763
0.122726
1.10425
1.93401
0.0816573
0.172434
4.52066
1.78725
0.0674016
1.26635
0.121275
0.625544
0.0436253
3.36888
1.01922
0.313454
1.75725
0.723599
1.04698
0.584191
0.172266
0.459114
1.07718
0.187688
0.303878
1.52031
0.914832
2.84032
1.3187
0.903552
1.38891
0.159235
0.484387
0.0658383
0.0592168
1.50533
0.281459
1.30492
1.27766
0.660173
0.444275
0.458205
0.680178
1.58282
0.788394
0.828243
0.870041
1.61493
1.63284
2.67653
0.865801
0.0647385
0.709528
0.783233
0.422592
0.0544898
0.0571086
0.880063
0.25242
2.52371
0.166842
1.57523
0.791557
1.91105
0.485735
1.19878
1.68543
1.85172
0.257071
0.262307
0.631889
0.148899
0.210963
1.2348
1.14477
0.171947
0.269894
1.45406
0.0755871
0.20005
0.150713
0.277951
1.41604
0.877858
3.18406
0.887511
1.06146
2.50093
0.327056
1.68769
0.612618
0.959384
0.504842
0.764269
0.21744
0.986406
0.10215
0.130222
1.4836
1.35717
0.229352
0.79624
0.578146
2.79755
0.815132
2.46312
0.831736
0.680861
0.854901
0.257392
1.0983
0.200973
0.0897457
0.617511
0.081809
0.410981
0.859233
0.583647
0.211337
0.0662162
0.737455
0.893637
1.09795
0.507197
3.4384
0.0650436
0.81388
1.17299
0.0294762
0.404985
1.26895
0.0221886
0.615422
1.39973
0.613367
2.50644
3.48265
0.140255
1.65514
