0.0140708
0.0985322
-0.0380525
-0.00722001
-0.111274
0.129133
0.0647563
-0.0101148
-0.0554522
-0.0412398
0.276322
0.140709
0.0146078
0.0949367
-0.0485377
-0.0794579
0.0336579
-0.0937824
0.0790367
0.233356
-0.0775233
0.0491469
-0.0381763
-0.00545026
0.108909
-0.0926445
-0.0287051
0.126042
-0.0027429
-0.101612
0.0218418
-0.0879432
-0.0994816
-0.0709062
-0.249612
0.0943124
0.0286126
-0.0649732
-0.0291101
-0.120301
0.0538951
-0.111889
-0.110737
-0.0899557
0.0059753
0.103537
0.127281
0.0107937
-0.115867
0.132386
-0.0724996
0.12537
-0.113682
0.122307
0.0569459
-0.00477862
0.0389031
0.0272569
-0.214757
0.180952
0.207324
0.0696032
-0.0468012
-0.194438
-0.149875
0.0055412
-0.129567
0.251976
0.0763427
-0.10064
0.0944386
-0.00816425
0.000730308
-0.0761883
0.0445934
0.0297676
-0.0155725
0.0262135
0.107555
0.0950674
0.197694
0.0206814
0.227278
0.11531
0.00615277
-0.0778274
0.162503
-0.0731034
0.196422
-0.0773343
0.0163048
-0.244144
0.0101534
-0.0134769
-0.0482908
-0.0499154
0.0307212
0.150321
0.149954
-0.209685
