-0.146802
-0.211517
-0.196451
0.160907
0.151828
-0.0745357
0.01861
0.00236888
0.194625
0.241675
0.275032
0.176037
-0.602679
0.219694
0.440555
-0.47872
0.07569
-0.195221
0.619676
0.455257
0.418416
-0.0797508
0.0283739
0.230477
0.524711
-0.556687
0.132474
-0.695686
-0.100847
-0.282006
0.565455
-0.363753
0.0263333
0.517998
-0.194497
0.276459
-0.476616
-0.200831
-0.286848
0.0640986
-0.105871
-0.00881205
-0.21976
-0.354456
-0.721641
0.0922981
-0.341265
0.659814
0.329035
-0.442083
-0.0308319
0.312362
0.346189
-0.132532
0.120712
0.0549933
-0.0257209
0.0736846
0.130129
0.442349
0.154304
0.177737
-0.257486
-0.146088
-0.369153
-0.00970095
0.15708
0.0541593
0.308945
0.577765
0.44019
0.214142
-0.136101
-0.408563
0.235713
-0.13457
0.559022
-0.110815
-0.505709
-0.254457
0.0831589
-0.0569544
-0.344257
0.36387
-0.29383
-0.0673596
0.171885
-0.119313
-0.257696
-0.0340263
-0.482203
-0.143262
-0.197242
0.206084
-0.259713
-0.0974406
0.314105
0.0174942
0.103917
0.125862
0.575894
0.374925
-0.18607
0.0995326
0.860593
0.546081
0.168828
-0.187341
0.293679
0.217094
0.0118216
-0.641906
-0.198088
0.698461
0.195012
0.161586
0.187759
0.435845
0.462671
0.0939237
-0.212366
0.102327
0.251075
-0.281399
0.0177127
0.186146
0.00894828
-0.279262
-0.258487
0.611382
-0.0244871
-0.0139694
0.127347
-0.153704
0.238394
0.452886
0.228382
0.182891
0.337615
-0.425988
-0.0467112
-0.168514
0.113217
0.281992
0.138603
-0.23133
0.00103079
-0.00727709
-0.728009
0.16162
0.258902
0.192106
-0.123508
-0.302769
-0.210585
-0.183018
0.0548853
-0.134504
-0.290253
-0.0558345
-0.0972671
-0.188935
-0.0297712
-0.163465
-0.303278
0.108161
0.380964
0.337337
0.571825
-0.278991
0.378896
-0.550815
-0.211316
-0.111767
0.48385
0.458947
-0.345425
-0.283832
-0.511878
-0.244483
-0.116686
0.28665
-0.213794
0.042157
-0.089604
0.128511
0.0832578
0.454254
-0.17576
0.391383
-0.0475749
-0.284884
-0.113431
0.452195
-0.02644
0.461837
0.383807
0.293317
0.56238
0.652353
-0.468879
-0.603138
-0.0395279
0.348286
0.246777
-0.186833
0.105063
0.181524
-0.0543983
-0.304108
0.149688
-0.186308
0.486785
0.382168
-0.379394
0.0347901
-0.0627138
0.119562
0.103997
-0.157105
-0.330284
-0.429848
-0.968487
0.235749
0.106385
0.614487
-0.0621727
0.482907
0.167174
-0.197672
0.378009
-0.488892
0.271964
-0.246362
-0.563866
-0.369928
0.609432
0.297912
-0.0458679
0.103097
0.238691
0.186274
0.274659
0.10848
-0.341499
0.0898998
-0.0699414
0.45062
0.181025
-0.029115
0.0233038
0.227301
0.0703644
-0.108272
0.0576092
-0.240571
-0.111155
-0.427818
-0.51289
0.0956827
0.311272
-0.102963
-0.0134358
-0.356009
0.497169
-0.198408
-0.284029
-0.255432
-0.395151
0.509938
0.0321438
-0.18036
0.058252
0.15896
0.440861
0.0638789
0.374504
-0.0162986
0.26288
0.0656003
0.0109124
0.145163
0.145035
-0.532874
0.196271
0.400383
-0.413307
-0.240789
0.114485
0.147292
-0.505287
0.289447
-0.318459
-0.272856
-0.214613
-0.419364
-0.000942866
-0.304038
0.571208
0.158785
0.170143
-0.0855366
0.0773769
0.383491
-0.055872
-0.264394
0.437538
-0.567724
-0.156794
0.280189
-0.288541
-0.313762
-0.223349
-0.122863
-0.0368522
0.245703
-0.00694623
-0.0348088
0.382377
-0.480391
-0.328983
0.0629855
-0.129136
-0.307058
0.109073
-0.216864
-0.120752
0.126772
-0.152587
-0.0382661
-0.232638
-0.374529
-0.0408075
0.118087
0.429028
0.279696
0.149838
-0.101771
-0.175907
-0.760058
-0.348296
-0.500667
-0.0440549
-0.0942923
0.0221526
-1.06753
0.196758
-0.228261
0.130091
-0.562018
-0.678815
0.122581
0.0287902
0.692954
0.726763
0.201836
-0.0677989
0.266268
-0.147105
-0.202349
-0.262073
0.191933
0.0661461
-0.169878
0.335416
-0.0687966
-0.200772
-0.0856891
0.256974
0.222867
-0.305016
-0.584293
0.164626
0.312533
-0.205812
0.147256
-0.124637
0.213417
-0.257164
-0.0106423
0.303189
-0.112013
0.427511
0.0576382
0.507414
0.061077
-0.303009
-0.0713243
-0.713814
-0.44777
0.213529
-0.150745
0.0369007
-0.392737
-0.146321
-0.409804
-0.262641
0.0652501
0.0885721
-0.245016
-0.506556
-0.222235
0.311218
0.0826535
0.239606
0.227796
-0.218922
0.343653
0.529003
-0.247266
0.154526
0.0169209
-0.22341
0.0644738
-0.0566773
-0.629602
-0.407386
0.150042
-0.219669
0.0318869
0.147081
0.154444
-0.898984
0.362159
-0.0775153
0.211682
-0.277912
-0.143847
-0.33357
-0.250911
0.175189
0.398168
-0.176464
-0.217507
-0.511701
-0.472505
0.085491
-0.222089
-0.0270661
0.068927
-0.292442
-0.0630156
0.210449
0.294612
-0.0922379
0.00273435
-0.283202
-0.238781
0.569597
-0.0479621
0.388708
0.33697
0.315843
0.00984005
-0.412248
-0.29934
-0.205452
0.192692
0.558486
0.149869
0.0618003
0.19677
0.11896
-0.0682029
-0.334401
0.431442
-0.202716
0.256886
0.699845
0.112426
0.256929
-0.222895
-0.0256329
0.334579
0.0583031
-0.249762
-0.234219
0.116587
0.138397
-0.064348
0.194451
0.0506713
0.34503
-0.117985
-0.69655
-0.510537
-0.178584
-0.405124
-0.337858
0.497815
0.0475206
0.753938
-0.120943
0.148952
-0.344131
0.248598
0.281625
0.103523
0.456448
-0.25167
-0.0123757
-0.42949
0.0159704
0.0112237
0.440003
-0.403874
-0.188409
-0.00579083
-0.332255
0.180001
-0.0129399
-0.397602
-0.0894554
-0.130647
0.40519
0.329411
-0.0838647
0.661981
0.226084
0.345544
-0.461796
-0.245581
0.0145667
0.0064534
-0.335674
0.0251366
-0.419924
-0.230278
0.173341
0.336939
0.264712
-0.171674
0.26115
0.420248
0.0261562
0.227234
0.293776
-0.0566322
-0.206531
0.164627
0.285786
-0.31336
0.66109
0.223085
-0.0294362
-0.254626
-0.262509
0.0994964
-0.188134
0.348067
0.147556
-0.0409497
-0.00686529
0.0395666
-0.0641738
-0.00133294
0.453552
0.00729767
-0.332667
-0.249769
0.104301
0.1341
-0.012896
-0.46935
0.126475
-0.196163
0.206181
0.25855
-0.0965269
0.334361
0.577506
-0.311522
0.448313
-0.176569
-0.644364
0.438672
0.290602
-0.260572
0.144669
-0.234166
0.0291977
-0.306367
-0.571764
-0.535302
0.28645
-0.030661
0.087294
-0.518473
-0.258078
-0.32987
-0.120842
0.688519
0.436254
0.572538
-0.108084
0.273486
-0.104876
-0.064197
0.269553
-0.0328293
0.0205692
0.483739
0.585416
-0.0358372
0.062077
0.380623
0.149408
0.258318
0.652418
-0.483487
0.451397
0.387288
-0.219278
-0.394083
0.211975
0.0384909
0.0945997
-0.214762
0.264802
0.0756015
0.182282
-0.114617
0.112125
0.0646767
0.346808
0.252915
-0.104889
-0.319685
0.0224853
-0.910112
0.380031
-0.573872
-0.0034032
-0.474827
0.18324
-0.452851
-0.317857
-0.121945
-0.38903
-0.173868
-0.0618207
-0.604123
-0.660543
-0.0274537
0.227921
-0.320975
0.395964
-0.201942
0.390564
-0.636345
0.12767
-0.14899
-0.329924
0.00210479
-0.613415
-0.116611
0.805636
0.10445
-0.0432604
0.267751
-0.189725
-0.480344
-0.0984624
0.0393579
-0.204768
0.370616
-0.372597
-0.299227
0.318538
-0.379058
0.0867185
0.27544
0.183874
0.133353
0.277412
0.453973
0.606474
-0.238911
0.476504
0.264924
0.150343
-0.272212
0.176874
0.687316
0.324757
-0.259437
0.648822
-0.0775682
-0.734845
0.119378
-0.303013
0.00986518
0.0187602
-0.118837
-0.128496
-0.0824988
-0.253123
0.148824
-0.110199
-0.187682
0.45707
-0.0850914
0.249987
-0.435422
-0.649581
0.0714769
0.214369
0.455586
0.578472
0.0875197
-0.249178
-0.38343
0.31143
0.12306
-0.715547
0.253641
0.242185
0.346067
-0.045482
0.0356106
0.108464
-0.782903
0.124299
-0.18867
0.0590453
0.729854
-0.088608
-0.122484
0.0499563
0.11835
0.121739
-0.0114759
0.0429945
-0.0750245
0.0521445
-0.167255
-0.354625
-0.296932
-0.124291
0.0508424
0.26098
-0.0642764
-0.34535
0.206747
0.451527
-0.0624009
-0.24004
0.320343
0.205806
-0.287403
0.192115
0.185404
0.0908727
0.293057
-0.250525
0.508991
-0.412255
-0.290799
0.0269994
-0.0461838
-0.601519
-0.0760373
-0.483443
0.374035
0.158256
-0.128502
1.03791
-0.363594
-0.0732143
0.000387871
-0.0305556
0.513666
0.0278478
0.126088
-0.157086
-0.0332529
0.492404
-0.0677727
-0.476857
-0.132348
-0.253894
0.369261
-0.269389
0.102862
0.186415
0.449513
0.293421
0.145444
0.198331
-0.146411
-0.324635
-0.032498
0.099062
0.10069
-0.135932
0.241803
0.050885
-0.0371942
0.463725
0.524769
0.337185
0.371266
0.310383
-0.0070366
0.168605
0.0843829
0.656746
0.233451
-0.240647
0.0626084
0.0465092
0.103431
0.0141159
-0.330264
0.442139
0.291196
0.0989166
-0.180663
0.0773194
-0.355887
0.473106
-0.0736453
0.307514
0.491727
0.636262
-0.0523738
0.474893
0.102266
-0.193243
0.106278
0.18111
0.0770137
-0.0282146
-0.367967
-0.0286338
0.218709
-0.183522
0.483452
-0.0104857
0.811643
-0.265105
0.371387
-0.0860431
-0.405922
0.194524
0.256091
0.487626
-0.286683
-0.845258
0.64091
-0.498665
0.144996
-0.616034
-0.0228309
0.282934
-0.302818
-0.380156
0.633085
-0.36371
0.344925
0.469854
0.180284
-0.0094857
-0.0794241
0.644776
0.303766
-0.393106
-0.0662381
-0.105397
0.679996
-0.0839325
0.0228785
-0.0894633
-0.907597
0.103415
0.405036
-0.299083
-0.151419
0.514485
-0.245353
0.721938
-0.0529672
-0.0999687
-0.137455
0.461302
-0.226689
0.60399
0.0541508
0.196092
0.443827
0.0160791
0.202312
-0.288202
0.338739
-0.884877
-0.116396
-0.154
0.0591746
-0.117872
0.171699
-0.164547
-0.211395
-0.324665
0.194108
0.206039
0.056913
-0.309639
0.339896
0.292629
0.0837087
0.246536
-0.276736
-0.292292
-0.367607
-0.347225
-0.0110604
-0.688212
-0.107329
-0.410171
-0.187346
-0.342835
-0.0975983
-0.067492
0.325797
0.503404
-0.0820156
-0.0413275
-0.252471
-0.0937737
0.249846
-0.131668
-0.478106
-0.0557269
-0.0308149
0.637913
0.0687535
0.31155
0.036285
-0.139517
-0.353436
0.240513
-0.160199
-0.17623
0.0727447
0.409167
0.0837107
-0.276163
-0.41339
-0.308105
0.0450441
-0.131962
-0.271635
-0.109134
0.206934
-0.478975
-0.123008
0.15035
-0.22501
0.241207
0.242078
-0.109988
-0.067245
0.477499
-0.376449
0.251039
0.397144
-0.0870024
-0.481309
0.402909
-0.0993855
0.40113
0.0426315
0.103632
0.55254
-0.253914
0.464225
0.188693
-0.104225
0.0909006
0.0175951
-0.0227127
0.317389
-0.0668885
1.04503
0.772854
-0.193431
-0.46634
0.140696
0.135442
-0.162503
-0.479689
-0.0668322
0.122738
-0.0290748
-0.223297
-0.341672
-0.0317307
-0.261491
-0.720178
-0.0656287
