-0.246747
0.159589
1.30504
-0.335795
-0.238273
-0.888415
-0.937937
-0.299693
0.629039
-0.614826
0.0906504
-0.655442
1.66419
-1.72438
-0.83399
-0.132309
0.162425
0.321538
-1.25881
0.250967
-1.11987
0.876156
-0.0799881
0.120355
-0.465707
-2.09548
0.0614501
1.79715
1.30076
-2.35934
1.14169
0.0255633
-0.0935361
1.01179
0.719438
-0.682972
-0.87129
0.410454
2.58745
-2.63952
-0.275522
0.414229
0.344412
0.615195
0.405443
1.15611
0.626776
0.0882086
-0.640792
-1.21578
1.28002
0.179092
-0.885556
-1.24238
0.247489
1.42482
0.213039
0.358377
-1.71859
-0.601658
0.0437173
-0.411738
0.143253
-1.65477
0.429373
-1.72143
0.955161
0.00973721
2.06631
0.32648
1.08025
-0.446196
-0.625453
-0.339238
0.969432
-0.267134
-1.0182
0.102953
0.21649
0.350785
-0.181584
-0.516012
0.276195
1.4089
-2.19797
0.130941
2.15661
0.343568
0.972563
-0.446963
-0.00524778
2.66097
-0.758238
0.786965
0.0181278
-0.214088
1.45747
1.01624
-1.7169
-0.828546
-0.265748
1.07653
-0.283317
1.15664
1.27104
0.0309352
0.258268
0.849537
0.246796
-1.59035
-0.603607
-0.0946446
1.81047
-0.0633634
-0.947915
-0.322187
0.144436
0.917106
-0.182388
1.10246
-0.9917
0.401332
-1.91098
-0.401443
-0.936767
1.97922
-1.50424
-1.36993
-1.56314
0.270872
0.370823
-0.927986
0.308814
0.616944
-0.339318
0.470455
1.46345
0.003842
0.355035
-0.125116
-0.133518
-1.03454
-0.473317
1.44172
0.636038
0.135774
0.939448
1.31019
2.11678
-0.533027
-2.36363
0.517612
-0.467184
-1.30503
-2.26314
0.0469472
-0.256188
0.655827
0.443156
0.204421
1.38875
-0.403364
0.900945
-0.763868
1.91733
-0.818956
0.380788
-0.277073
-1.34834
-0.219313
-0.808777
-1.6251
-0.944691
1.54183
-0.348829
0.0886126
0.452727
-0.690383
-0.337647
0.720046
-0.366246
0.716057
1.16729
-0.989289
1.90708
0.586575
1.14768
1.39016
1.24194
-0.6045
0.155639
0.173842
-0.824559
1.44498
1.69602
0.945356
-0.847523
-0.104807
0.0804956
1.83313
-0.157005
0.232593
0.248714
-0.167713
1.64319
-0.864022
1.09746
0.663253
0.862308
0.625375
-1.32614
-0.0555808
-0.191641
1.76646
-0.179754
1.19491
-0.50314
0.514959
0.944944
-2.96252
0.862706
0.358856
-2.3032
1.45126
0.763035
1.36084
-2.00515
1.4042
-0.50615
-1.10265
0.168509
0.788252
-0.552077
-0.20883
-0.207792
-0.158506
1.20265
-0.180187
1.11353
0.339225
-1.37026
1.49152
0.226132
2.75747
0.0366025
0.168855
-0.803188
0.0576724
0.810418
1.87189
-0.72029
-0.956222
-0.362688
-0.423626
-0.825969
-0.641385
0.460912
-0.213201
-2.2462
0.361797
0.524775
-1.23113
0.103909
0.552132
0.11419
0.461154
1.56988
-1.26771
1.73744
-1.2399
-0.453578
-0.718074
-1.33877
-0.830927
-2.30336
-0.0833858
-0.598529
0.637727
0.373569
-1.64154
-1.01692
-0.00572001
-0.680392
-0.538994
0.771136
-1.20175
1.03274
-1.60914
0.378616
1.86195
-0.725066
-0.895118
-1.84324
-0.399052
0.39249
-0.824579
-0.373478
1.01967
0.512619
0.315695
-0.346249
0.330175
0.663148
0.757176
1.66755
-0.287807
1.25876
0.235024
-0.0101112
1.38688
-1.57796
0.575313
-0.163867
0.00754966
-1.3199
-0.309644
0.88819
-1.73744
-0.473749
0.473972
0.970887
-1.09505
-1.95207
0.00396397
0.949304
-0.455205
0.203813
0.846867
1.3294
-0.538567
2.62076
0.618669
-0.413455
0.328482
0.0536622
-0.898855
0.828048
0.571729
0.152061
1.31888
0.855069
0.0718292
-0.230465
0.166696
-0.812701
-1.69186
-0.18883
-0.552842
0.37343
0.0647066
0.28109
-0.105981
0.345568
0.414544
-0.718515
0.149637
0.270601
0.72104
-0.40412
1.81073
0.0490831
-1.65379
-0.19239
-1.82399
-0.890652
-0.0521909
-0.502616
-0.592647
-0.838028
1.73106
-1.23885
1.64358
-0.00719995
-1.28766
-1.37419
-0.466694
-0.883431
1.0542
0.965479
-0.413543
0.550797
0.961704
-0.327732
-0.0123978
-0.523891
-0.319414
-0.954103
0.559499
-1.84728
-0.955653
-0.041658
-0.765883
0.84053
-0.0537019
-1.15687
0.345258
0.106754
0.309786
0.0195674
1.03721
1.40577
-0.0632946
0.238214
-1.0464
-0.272431
-1.59246
0.186207
0.0506667
0.704934
-0.669907
-0.766195
1.34234
1.97994
1.49251
1.21939
-0.942895
-1.74799
-1.14559
-0.851097
-0.668538
-1.67389
0.310568
-1.458
-0.0528645
0.668378
-0.500376
0.480853
0.0173281
-0.0690735
0.0794758
0.91863
0.201182
-0.460301
-1.36319
-1.2537
-0.724222
0.357766
-0.270585
-0.445537
-0.504609
-0.757119
-0.114529
-0.537199
-2.24781
-0.455974
-0.741575
-1.88385
-0.531863
0.400054
-0.346542
-0.569743
0.374932
-0.161202
-1.25743
-0.630998
1.57055
1.31385
0.646277
0.569225
-0.932467
-0.0336453
-1.63485
-0.921895
0.107078
0.88451
-1.42979
0.347757
1.34693
-1.5224
-0.556345
-2.13064
2.77442
0.323936
1.19915
1.6881
0.860657
0.0138041
2.31998
-0.735007
0.283746
0.999055
-2.42007
-0.695656
-1.02472
1.13466
0.751453
-0.0923445
1.19434
2.0248
1.41883
0.273037
-2.86431
-0.524865
-0.711295
0.187887
2.13294
-1.39508
-0.649677
-0.214867
-0.654604
-1.11152
0.367253
0.23149
0.752275
1.73846
-0.471455
0.0692013
-0.0819396
-0.960647
-0.841436
0.395235
0.286993
1.48298
1.09199
-0.252304
0.832657
0.0242359
-0.315729
0.672561
-1.095
-0.0732171
-0.662062
0.947449
0.976783
-0.135224
0.507406
0.387546
-0.410283
0.953718
0.969777
0.0737324
0.265976
1.52488
-0.238493
-0.0977153
-0.149796
-0.994336
0.317631
-0.181041
-1.84616
-0.522086
-0.445467
-0.1947
0.833192
0.722942
0.394017
1.71934
-0.533035
-0.167646
-0.599437
0.450118
0.84369
-0.209381
-1.34851
0.135441
-0.997573
0.751303
0.80227
-1.06337
1.18594
-0.0917982
-1.7512
0.545443
1.7224
0.441941
1.37296
-1.76557
-0.599503
-0.635045
0.503161
-0.266424
-0.0618959
-0.939859
-0.455097
1.2466
0.589843
-0.926335
0.641543
-0.468515
1.37698
1.76766
0.201685
-0.201518
-0.231321
-1.18453
1.57034
0.0756926
-0.259643
-0.0938177
-0.343253
1.09014
1.69912
-0.769548
-0.287341
-0.615774
1.22774
0.575599
0.122399
0.125049
1.2561
-0.544893
-1.42823
1.5591
0.754949
-2.24742
-0.448444
-0.202222
0.280685
2.67193
1.14759
-0.415554
-0.0312957
0.38516
-0.777582
0.897393
1.15106
-0.112339
-0.178695
1.00711
-0.147898
-0.953339
-1.46691
-1.45278
-1.90632
0.335086
1.72313
-0.0386163
-1.45134
0.144407
2.49181
0.16846
-0.388033
-0.855211
-0.797962
0.226039
0.257029
-0.943835
0.650594
1.06361
-0.841571
0.616878
-1.36471
-1.30611
-0.558477
-1.06272
-0.493122
1.9113
-1.76455
2.22997
-1.89999
0.048598
0.515075
-0.400369
0.184263
-0.217997
0.476107
-0.395673
0.0487446
-0.695927
0.340168
-0.129051
1.12785
-0.146824
0.3596
-2.07196
0.945472
-0.202791
-0.227755
-0.142061
2.05833
1.06123
0.441222
-1.16999
-1.71711
0.331253
-0.306587
-1.011
0.470839
1.34373
1.09802
0.989695
1.44939
-0.604435
0.973133
-0.226886
-0.767586
0.466278
0.388537
1.63315
-1.21182
0.508669
1.51547
0.183362
0.167474
-0.032051
0.761804
-0.297318
1.12089
-0.410989
2.26034
0.0983204
0.016359
0.540551
1.24749
-0.509531
-0.943923
1.34494
0.880301
0.74386
0.983531
-0.493089
1.47559
-0.809688
0.130649
0.854984
0.371065
-0.114243
0.183866
-0.49619
1.03847
-0.271384
-0.692781
-1.86198
0.292849
0.565772
-0.716477
-0.45041
-0.220131
0.84161
1.15192
-0.809383
0.0171991
-0.114957
-0.089448
-0.278478
-0.838295
-0.711658
-0.120101
-1.45654
0.316029
0.121964
0.163149
0.549408
0.840262
1.43445
0.100419
-1.11805
-0.381411
-0.451282
1.09822
0.328484
-0.0301227
-0.658163
2.06417
-1.42551
-1.6742
-0.548845
1.59023
-0.230261
-0.761472
-0.39631
-0.709787
1.57156
0.945269
1.14457
0.975262
0.642702
1.61287
0.586127
-0.782041
0.979773
0.484172
-0.184929
-1.98214
-0.155715
0.230356
0.809655
-0.716644
-0.20229
-0.370391
0.631756
-0.510074
-0.735977
-0.449241
-0.0098437
-0.518844
-1.24863
-0.441142
-0.825303
-0.949795
1.18015
-1.26477
0.755945
0.803608
-0.775733
0.186717
-1.17344
-0.278125
-0.219907
-1.75901
-0.600093
0.789836
-0.658602
-0.391518
0.293342
0.994362
0.866176
-0.227765
0.700777
-0.934924
0.160319
1.34646
-1.83118
-0.566847
0.694972
0.117772
-1.38842
1.44155
-0.811081
0.266911
-0.114352
-0.202482
-0.340322
0.49341
0.499647
0.718281
-1.50234
-1.23843
-1.4274
-0.328582
-2.59665
1.29638
0.954366
-0.994694
0.33846
0.205013
2.33294
-0.47225
2.24174
0.333393
-1.67569
-0.302766
0.808478
-0.0601126
0.199947
0.388958
0.156661
0.20486
-0.0812197
-2.57742
0.308689
1.11631
-0.699029
-1.79683
0.227023
-0.942401
0.824563
0.831688
0.296759
-0.840362
-0.672171
0.917949
-2.3398
1.42969
-0.220044
0.278494
-0.356085
-0.124031
0.873942
1.93091
-0.655781
-0.321686
0.98698
-0.286225
-1.78994
-0.228681
1.69401
-0.276248
-0.269531
-0.0460322
-0.517125
-0.0238851
0.596497
-0.475993
-0.347737
0.967881
-1.41296
-0.895468
1.16789
-1.63606
-2.1612
-0.903477
0.476021
1.10714
-0.346374
-0.170705
1.14217
-0.142325
0.157091
0.501395
-1.49803
-0.10039
-0.427977
0.759655
-1.78957
-0.792004
-1.71125
0.00867576
0.393698
0.335159
-0.106959
0.357931
-0.191362
-0.002498
0.142408
1.00577
-1.49564
-1.52273
1.05017
-0.669702
0.405116
-0.259772
-0.101392
-1.38117
-0.932986
-0.538818
1.42297
-0.0608272
-0.640618
0.115082
0.506269
0.676104
1.38506
1.37828
0.714956
0.918629
-1.29092
0.445178
-1.50211
-1.1706
0.559883
-0.863908
-0.335627
1.56555
-1.63133
-1.06921
-0.568588
-0.115964
-0.107129
-0.0308078
0.14273
0.599585
-0.0899006
-0.587843
-1.75782
1.97018
-0.143919
-0.930131
-0.90167
0.724382
0.247057
-0.399361
-0.677323
1.28607
1.6945
1.49416
-0.809791
0.0986804
-0.341613
0.54867
-1.08393
0.946767
1.13375
-0.0600833
-0.453169
0.0312297
0.315268
-1.14699
0.611795
-0.119702
0.766311
0.0701547
0.014035
1.9549
0.753964
-0.253534
-1.08464
0.544033
-0.555347
-1.1707
1.25034
0.677683
-1.54088
0.0265969
1.44987
0.150293
-0.120402
-0.893831
-0.0231289
0.282081
0.174696
0.230311
1.42464
0.861773
1.95435
0.111265
1.35604
0.0199761
-0.753699
0.379583
-0.636625
0.570171
0.156469
-0.710971
0.360257
0.0937381
0.115613
1.19968
1.20722
1.3937
-1.36006
-0.798178
-0.13023
-0.546467
0.905726
0.563805
0.512249
-0.824848
-0.270719
0.0880237
-0.758986
-1.51385
-0.831267
0.74973
0.145123
1.11138
0.631747
0.801211
0.758251
-0.0980134
0.640543
0.663666
0.919449
0.902293
0.979365
0.43865
2.41659
-0.866965
1.28566
1.22668
1.46387
-0.173118
3.4907
-0.718529
1.18398
-0.445209
1.46307
0.219403
-0.666022
-0.357333
-1.19682
-0.416062
0.146124
-0.193961
1.74136
0.99888
-0.50672
-0.237588
-0.216043
1.56912
-0.341964
-0.613557
-0.338612
1.54742
0.149183
-0.0868103
-0.145566
-1.21585
-0.666516
-0.16113
0.357486
0.943162
-0.898347
1.13413
1.33068
-0.483906
-1.03121
1.82697
0.444514
-0.686689
1.03881
-0.871277
1.40196
1.11607
-0.905628
-0.619358
-0.645166
1.34449
-0.0986321
0.409671
1.25152
0.696724
-0.977429
-0.412909
0.176579
0.986937
-0.711089
0.598727
-0.846633
-0.644208
-0.64089
0.304312
0.497732
-0.829575
-1.01873
-2.51665
0.10901
-0.0532053
-0.0234161
-2.24764
0.796369
1.26223
-0.736224
1.00277
-1.85758
-1.39083
-1.01851
-0.663417
-0.0936642
0.717977
-0.36625
-0.556164
1.85255
0.120455
1.13211
1.7026
0.327124
1.47782
0.199171
1.09519
0.645037
0.0807134
-2.11083
-0.503847
-0.215388
2.84783
-0.690612
-0.486765
2.2053
0.178677
-0.374709
0.466178
1.25305
-1.66019
2.11619
0.217859
-1.31088
0.619082
0.327846
-0.0385486
-0.0688851
0.652693
-0.0635518
0.355432
0.0439935
-1.63148
0.918287
0.348774
1.82545
-0.503112
-1.3878
0.916748
0.193414
0.544852
0.190423
1.18708
0.409703
0.69136
1.11699
0.495689
0.658037
1.60616
-0.525638
1.64703
-1.63774
-0.287112
1.3058
-0.802282
1.11189
1.55056
1.04459
1.06018
-0.637741
0.630815
0.0694409
-0.243349
0.599329
-0.20624
-1.68683
0.309044
1.14935
0.218359
0.623242
-0.496667
-0.256258
0.222796
-1.21437
-0.465291
-0.846602
-1.05822
1.15919
0.385646
1.879
-0.964979
0.144452
0.400953
-0.142664
-1.68037
-0.0916812
-0.0662782
1.36735
0.363075
-0.927237
1.73102
0.179883
-0.342824
0.106635
0.238285
-0.977678
0.772248
0.725554
-1.60427
-0.112428
0.317025
-0.46891
1.17455
-0.214058
-1.17144
-1.10264
-0.357379
0.222854
0.00815902
-0.126868
-0.218276
-0.142849
1.99007
-1.09312
0.435475
-0.960951
0.0626385
0.223339
1.53831
-0.286999
-0.473495
0.256581
-0.0158369
-0.5791
0.354061
-0.515784
1.36038
-0.887937
0.356825
2.067
-0.540944
-2.66758
0.56914
-0.575508
1.57326
0.408388
-0.213159
-0.325895
-1.81432
0.919643
-0.492826
-0.127819
-0.851195
0.598789
-0.449811
-0.309788
0.0606061
-0.138276
0.453876
-0.813211
-0.764422
-0.300559
-0.864853
-1.06367
1.54526
-0.411494
-0.227523
-1.0818
1.72519
0.611175
1.74912
0.615125
1.09476
0.363427
0.179725
-1.29372
2.15083
-0.470361
-0.444218
-0.494931
0.328459
1.44519
0.252269
-0.734175
-0.348348
1.33957
-1.11833
-0.451954
0.670913
-0.0815648
-0.3821
0.855165
-0.400658
0.628044
-0.687235
0.160592
-0.450897
-0.800327
0.113084
1.45287
1.23767
0.507846
-1.25614
-0.295875
-0.315931
0.828817
-0.19855
-0.577848
-0.0104155
-0.39409
-0.25715
0.834483
0.88683
0.449209
0.287684
-1.30578
-1.44996
0.159966
1.1418
-0.00344743
1.54436
0.858226
-0.248129
1.31283
0.897114
-1.95875
-1.32003
0.769631
1.51397
1.12685
1.6141
1.41364
-0.648424
-0.250942
-0.343989
-1.31063
0.644664
-2.24709
1.509
1.1447
0.131134
-0.66665
1.06753
1.75635
0.170523
-0.439618
-0.14206
-0.367334
1.18257
-0.0636698
0.781607
0.888779
1.04739
-0.0184855
-0.456568
-0.883025
-0.282353
-0.431652
-0.256792
-0.598497
1.73479
0.926662
-0.931438
0.223418
1.04584
0.130355
1.53347
-2.56322
-1.28799
0.956459
-1.1841
1.23087
-0.709169
0.983213
-0.911169
-0.362076
-0.412691
0.625772
1.79669
-0.372708
-0.448279
-0.530126
-0.107653
1.00875
-1.6552
-0.763554
-0.0208094
-1.19878
0.538045
0.410897
0.205974
1.08174
-0.234117
-1.1846
-1.3702
0.451142
-0.385238
0.235285
0.7989
-1.05432
0.0112657
-0.338805
2.3192
0.187119
-0.350955
0.393147
-1.06867
1.34666
0.145439
-0.572908
0.885859
-1.08253
1.70514
-1.13772
0.685808
-0.206375
1.05055
1.17984
0.0252968
-0.751099
0.773758
-1.46442
-0.0200136
-0.115867
0.873712
1.09108
-0.206256
-0.534652
-1.07626
-0.737694
-1.05106
0.719569
2.1852
-1.38341
-1.06806
0.234779
0.398282
-1.051
-0.87197
-2.0903
1.04483
0.621754
0.266443
-0.459369
0.209733
0.992433
1.34776
0.657183
0.928648
-0.631481
1.43048
-0.670552
0.219757
-0.392068
0.793551
-0.263209
-2.14508
0.0858463
-1.01316
-0.132241
0.379329
-1.18257
-2.00741
-1.28001
-1.56326
-1.7946
1.22798
1.54805
-0.0526847
-1.04428
-0.46466
0.313256
-1.40424
1.44888
1.77724
0.832213
-1.33758
-0.484391
-0.55859
0.00810341
1.07304
1.88757
-0.956846
1.96168
-1.22413
0.639594
0.242985
-0.629051
-0.138188
1.12006
-0.0283097
0.0219735
0.665789
0.0390869
-0.0184607
0.440401
0.447756
-0.79647
0.371448
1.03371
-0.926667
0.83443
0.213529
-0.962023
-0.895971
0.681871
-0.788933
-0.167783
-0.775861
-0.587283
-0.471478
-0.755626
-0.288122
-0.377861
0.81507
-0.747259
0.32851
-1.58989
0.533933
-0.13163
0.353788
-1.41864
1.94807
-0.880691
-0.633131
-1.21898
0.931318
-0.956688
-1.9693
1.1611
-0.367537
1.25459
-0.0297832
0.885463
-0.370343
-2.66935
1.23167
-1.17869
0.395466
0.131665
0.154591
0.958566
1.1789
-0.912863
-0.0032799
0.940381
-1.11588
0.920705
0.11268
-1.84185
0.174872
-0.0781289
-0.887417
-0.829405
0.629157
0.00751197
0.446839
0.0162202
1.62741
-0.469059
0.756225
1.08083
-0.439753
-0.256557
-2.86468
-2.49751
0.144343
1.40314
-0.982215
0.0864028
0.0975801
2.02234
-0.558489
-1.0809
-0.830447
-0.372943
-0.342805
0.279804
-0.811213
-0.559014
0.571003
-0.201614
0.254429
1.67966
-0.422937
-0.90721
-0.855583
-0.364884
0.109237
0.216606
1.99815
-1.25763
-0.853718
-0.566744
-0.284089
-1.11307
0.226785
1.37607
-0.2813
-0.021805
0.115152
0.229251
-1.86977
0.189078
0.408155
0.991934
-1.43448
-1.6486
1.39197
-1.31222
0.427842
-0.459728
-1.57685
0.37277
0.655339
-0.795868
1.3107
-0.722709
-0.0400003
-0.698753
0.988512
0.0650473
-1.9062
-0.478016
-0.66147
-1.50351
1.92432
-0.622957
0.606392
0.869908
-0.603272
-1.18492
0.285558
-0.760797
3.19596
0.306263
-1.01052
0.867223
1.23501
-1.94484
0.0822186
1.97483
2.04211
-0.380231
0.199538
-0.927729
0.661519
2.33983
0.770685
0.0584485
1.61336
-0.96295
-1.27886
1.69318
0.804399
-1.84376
0.179024
1.48015
1.36369
0.530079
0.362004
-0.120715
-2.39063
1.61376
1.28303
0.357277
1.23961
-1.90877
0.799663
-0.537369
0.545088
-1.34554
-1.13011
0.100572
0.743797
-0.0935614
0.0363216
1.36014
0.701423
0.304765
-0.925933
1.68554
-0.59643
0.815808
0.100424
0.0495621
0.293663
-0.912451
0.0861004
-1.37577
-0.121288
0.136587
1.44123
-1.33532
-0.6023
-1.49766
-1.32727
-0.268217
0.304608
-1.84572
0.134416
1.05185
-1.20694
-0.821666
-0.914818
0.506434
0.946883
0.274551
-0.654793
0.307072
0.391068
0.468822
1.22326
-1.85655
-1.75304
-0.014354
0.496293
0.731403
0.167835
1.45955
0.95175
0.144453
-1.94341
-0.547661
0.810248
0.283394
2.78093
-1.09421
1.885
0.898991
-1.1134
2.70546
-0.0725607
0.265501
1.06033
0.331111
-0.276757
-0.758168
-0.877971
-0.978785
-0.167335
-0.228497
0.426041
-1.11569
0.0555729
0.336797
-0.146209
-0.609974
-1.36523
-1.14334
0.320364
0.794748
-0.746747
-0.348485
-0.620807
-0.455157
1.33631
-0.624143
0.49478
-0.960366
-1.28521
0.0901884
-2.49987
-0.0871693
-0.42151
0.764226
-0.589705
-0.0683048
0.272802
-0.0304459
-0.731558
-2.00324
-0.41042
-1.25119
-0.208029
0.984724
1.00083
1.81651
-1.01434
-1.29824
0.439822
-0.238335
0.184301
-0.880255
-1.72316
0.603897
0.942939
-0.0344301
-0.34667
-1.04666
0.309755
0.329388
1.10888
1.26368
0.420626
0.204213
0.65771
0.983553
-0.848182
0.428097
0.380965
-0.24425
-0.479356
0.818954
0.442546
-2.25032
-1.36994
0.153049
0.724805
0.00665245
-1.52058
-0.975353
-0.285549
0.382936
0.627925
0.351748
0.955935
-0.750251
-2.74063
1.20171
1.29483
-0.6585
-1.01171
0.280149
1.29557
-0.0325408
0.225329
-0.0873528
0.0880674
-1.06828
1.16177
0.812932
-0.857563
0.640227
-1.58751
0.717562
1.46526
-0.765779
-0.323968
0.960053
0.478395
-0.581164
0.564625
-0.0288249
0.0704911
0.962065
-0.503315
1.5997
2.46158
-0.180559
0.226049
0.301554
-0.694109
1.40035
0.818862
-0.0625516
-1.32834
-0.503695
0.072953
-0.353988
-2.88985
-0.071095
0.1274
0.257658
1.17764
-1.59908
2.02446
0.0620753
0.2625
1.16788
0.378167
-0.602251
-0.55112
0.709094
1.46732
0.647814
0.372356
-0.413789
-1.53621
-1.26432
1.29399
0.348527
0.177294
0.00378363
0.264203
0.00875892
0.642014
-0.485207
-0.546115
0.482243
-1.09328
-1.5956
-1.17732
0.697884
1.55851
-0.565059
-0.124899
0.819329
-1.58356
0.916526
-0.589033
1.15933
2.33635
-1.16945
0.866728
-2.51269
-1.37784
3.42908
-0.605021
1.39736
-0.744811
-0.496535
-0.360703
0.397372
1.12709
0.274466
0.103655
0.271354
2.13637
1.42873
-0.787304
-0.793391
0.0504834
0.343346
-1.90633
-0.352714
-0.654944
-0.274376
-0.69697
0.266689
-1.17429
0.992678
0.178145
0.711455
1.54994
1.68809
1.37701
-0.103671
-0.374199
1.04207
3.1883
-0.100106
-0.0859014
0.396793
-1.00104
-1.68996
2.56579
0.2102
0.919896
1.13101
1.64093
0.280049
1.1495
-1.30774
-0.677449
-0.341298
-0.0719261
0.532809
1.72909
1.35773
0.739111
0.876964
0.213568
0.838345
0.0986257
-1.73565
0.973216
-0.474457
0.708203
1.43171
1.42822
0.254965
-0.0072247
0.52258
2.23113
0.161462
0.26693
-0.588868
-1.36412
1.02338
0.235925
-1.26109
-1.14629
-0.257299
0.936611
0.487936
-2.75497
-0.648999
-0.130086
0.948333
-2.15079
-0.138788
-1.62875
0.226137
-1.61637
-0.51386
-0.378209
0.222292
0.535225
-0.75464
0.0641741
-0.173305
0.5668
-1.29592
1.7266
-0.722656
-0.563852
0.679927
-1.27084
0.629207
0.531802
0.497136
0.599159
1.46811
-0.264482
1.03992
-0.427068
0.72161
-0.334165
-2.28035
0.486073
1.10104
0.903648
-0.972871
0.0308211
2.03247
0.779496
-0.497998
-0.965595
-0.330622
0.876893
1.14767
0.440835
-0.173945
-0.297741
-1.67833
-0.389492
-0.767057
-0.651063
0.926005
0.367325
0.0624968
0.945079
0.777144
-0.620914
-0.456808
0.468421
-0.39817
-0.735276
-1.71956
0.756717
1.38703
0.493194
2.72
0.40701
-0.142855
-0.952849
1.55127
0.745988
-0.303637
-0.164259
-1.23162
-2.29378
1.39986
-0.288612
1.08615
-1.04533
-0.987389
-0.75858
1.03208
-1.78241
-0.573639
-0.0596247
-0.345515
-0.111843
0.224762
0.321079
0.922752
-0.762211
-0.0872003
-0.26594
-0.550531
0.548712
0.562121
1.06882
-0.632626
0.692982
-0.796883
-0.273616
1.06567
-1.3471
0.745787
-1.8253
-0.386557
-0.133241
0.280439
0.807724
1.07177
0.0734384
0.785449
-0.99914
-0.0497285
2.0301
1.2591
0.799268
0.72071
-0.823129
-0.428336
-0.401922
-0.290853
1.68508
0.904652
0.153848
0.0427029
0.699517
-0.171255
1.62824
0.231766
-0.550618
-2.15346
-0.465403
0.80629
1.58526
-0.232275
-0.394856
-0.420499
-2.20015
-0.041107
-1.34154
1.50373
-1.34073
-0.113799
1.6998
0.235686
-0.886384
-0.225674
0.85792
0.106952
0.396623
-1.00271
-0.141325
-0.105797
-0.629985
0.00959545
1.12846
0.137671
-0.526617
0.709192
1.58952
-1.49182
-0.085702
0.179707
-2.45199
0.397488
-1.097
1.32794
2.11829
0.563775
-0.967929
1.54081
0.79044
0.946503
-0.0430428
2.17102
-0.573678
-1.78721
-1.60072
-0.64526
-0.808307
0.287158
0.0580585
0.049014
-1.05752
-0.383989
0.382911
-0.312397
0.859284
-0.146508
-1.40514
0.54606
0.583196
0.639351
-0.959325
0.838949
-1.37759
-1.45651
-0.565324
1.44284
1.02559
-2.33154
-0.98149
1.51036
-1.08445
0.198554
-1.85866
-1.14318
-1.0765
-0.183888
0.38647
-2.53669
-1.83308
-0.926824
-0.795513
-0.86343
-2.00007
-0.550456
-0.381381
-0.438037
-0.124526
0.739743
1.25846
0.540717
0.992907
-0.819985
0.387909
-0.437472
0.257765
0.669277
2.31583
0.881118
-0.035607
-1.38967
-1.19175
-0.0279479
-0.271279
-0.139703
0.253582
0.753626
1.32344
0.0264715
0.683812
0.607806
1.27778
0.632051
1.15616
0.232693
-0.548983
-1.42252
0.709379
0.854315
-1.30226
-1.04884
1.12289
0.359336
0.0681746
-0.338917
0.376717
-0.466408
1.15109
1.35663
1.33954
0.125751
-0.374383
0.862351
0.983838
0.124366
-0.273701
1.90397
-0.515651
-0.0131713
0.361467
-1.60217
-0.288356
1.19405
1.18999
-1.65152
1.09312
-1.92819
0.272982
-0.53614
-1.43878
1.03794
0.0446155
1.44521
0.494879
-0.726388
-0.642842
0.72782
-0.477463
0.0347774
1.04268
1.17626
-0.544167
0.741327
-1.12822
0.80191
1.40516
-1.64126
-1.11554
0.0656406
-0.78456
-0.283963
-0.522008
-0.471596
-0.136031
-0.436638
0.437036
2.31939
0.888341
-0.572812
-0.898351
-0.532301
1.33712
1.105
-1.15489
0.523271
-0.295131
-1.13852
-0.462836
2.32696
0.895449
-1.13779
-0.0520347
0.792633
-0.74837
-2.89305
-0.0460567
-2.39298
-0.00711731
-0.406687
-0.252984
-1.85074
-0.767253
0.0589832
-1.06388
0.211049
0.832936
-0.748621
-1.45839
0.0334483
-0.76387
-0.773976
-2.90626
1.44671
1.25479
0.596835
-0.379954
1.3889
0.220863
2.36779
-1.33194
-0.936258
2.41025
0.445532
0.878034
0.216765
0.43439
1.14488
2.46712
0.229656
0.0390371
0.330471
-0.0242316
-1.22626
-0.843226
0.48586
0.37582
-0.936527
-0.260018
-0.747078
0.851103
2.45578
0.281179
-0.0738382
-1.65825
-1.43453
1.0635
0.265708
-0.0122411
-0.574914
-1.38606
0.622473
1.52724
-0.416205
0.101965
0.616445
0.286559
-0.236082
0.323514
1.30803
0.756318
0.341898
0.614238
-0.908799
0.363483
0.928956
-1.10465
0.374373
1.36169
0.413168
-0.0611515
-0.256984
-0.532325
-0.387383
-0.00849642
1.45957
-0.499724
0.61475
0.308565
0.0682753
-1.72111
0.2124
0.810622
2.84099
0.605532
-0.81168
-0.181752
0.195645
0.674989
-0.544177
0.0934605
-0.676338
0.0853734
0.254615
0.258319
-0.0485495
0.791462
-1.44028
0.236017
0.429097
-0.366671
0.274516
-0.0396143
-1.96821
-1.13936
-0.05681
0.656317
-0.441254
0.475232
-0.775677
0.530803
1.71675
0.570004
-0.56872
0.365516
-0.195868
-0.777785
-0.657424
1.44407
-0.380978
-0.257764
0.520965
-0.116321
0.148131
-1.04603
-0.53789
0.183831
1.81246
-0.617753
0.440162
1.92669
-1.79377
0.934718
-0.389955
-0.551297
1.1774
1.56755
0.669657
-0.545937
1.11208
0.206576
-0.575788
0.560426
0.674265
0.483556
1.0717
-1.84628
0.358312
-0.929549
-0.559557
-0.50253
-1.29716
1.31337
-0.91736
2.53585
0.0164128
-0.308935
-0.45975
0.738647
1.40799
0.310794
-2.02654
-1.0857
-0.632506
0.836338
-1.25109
2.39485
1.13337
-0.187214
0.292147
0.707762
-2.18097
0.105817
1.30026
2.14428
-0.740777
-0.301656
1.02389
1.8294
1.71714
-1.95498
0.695411
-1.56057
-1.6984
0.280826
0.666568
-0.295638
-0.582699
0.579175
-1.74336
-1.70057
0.49301
1.53012
-0.835495
0.618705
-0.513192
1.07159
0.809599
-1.83046
0.470887
1.11926
-0.752235
1.13999
0.00957921
0.147693
-0.261975
-0.276256
0.22139
-2.07053
-0.0399812
0.0860813
-0.406073
-0.0869279
-1.28054
-0.00904547
0.737258
0.442663
1.27615
-0.187218
-1.77194
-0.913821
0.0249283
0.210425
0.981368
-1.42116
0.65601
0.0337092
-0.0556876
1.41102
1.11648
0.586436
-0.41341
-2.93305
-1.59172
-1.66511
-0.98803
0.254891
-1.05911
-0.325828
-0.0948029
0.715644
-0.435708
0.563691
-3.37236
-0.143167
-0.317354
-0.6599
-0.189548
0.342664
-2.02006
1.28419
-0.344199
0.73556
-1.10174
-0.596011
0.262119
2.58384
1.56071
0.319262
-0.474152
0.481527
0.314247
-0.117458
0.196798
-0.758586
1.11338
0.476996
0.102953
1.47705
0.0376521
1.51168
-1.92177
-0.0235268
-0.221855
-1.26468
-0.752349
0.0252183
2.32145
1.58533
-0.938396
-0.0547641
-0.571212
-0.139265
-0.626554
0.646526
-0.884916
-1.47256
-0.0186782
0.269046
-0.242724
0.979434
-0.991465
-1.56473
0.517994
-0.558292
0.105395
-2.05607
0.979179
0.209541
0.352513
2.66315
-0.609882
1.05898
0.493854
0.566253
-0.345105
-0.396793
0.645185
-2.44464
-1.83853
1.64628
-0.477792
-1.02754
1.33478
-0.887924
-0.360332
1.42642
0.0520754
0.105176
-0.384386
-1.04605
1.65722
-0.443253
-0.551695
-0.498033
-1.31406
-0.417289
-0.694044
-1.71223
0.139449
0.501995
-0.58205
-1.67879
0.208288
-0.6392
1.88594
0.0163245
-0.501063
-0.271631
-0.718666
-1.02243
-1.4479
0.802168
-0.663169
-0.250671
-0.788756
0.910598
2.59519
1.4907
-1.51515
0.816104
2.26008
-1.58796
0.998313
-0.153264
-0.0911745
0.286533
-1.67848
0.41956
0.388537
-1.32814
1.35045
0.14202
-0.550829
0.885102
-0.215916
0.909131
-1.50105
1.94889
0.338426
-1.81991
0.402621
0.522513
-0.00278606
-0.338795
-0.494959
-0.85854
1.5806
-0.271656
0.829216
-0.879534
-0.0182744
-0.379741
-0.178066
0.320299
0.107153
-0.527471
0.785087
0.634802
0.00634696
-0.273432
0.0632462
-0.252465
0.916712
-0.776629
0.806441
-0.320506
-0.438742
0.573912
1.05515
-0.237182
0.49717
-0.521692
0.403092
-0.317327
1.58099
1.81324
0.634211
0.0499222
0.0142282
1.25453
0.354721
-0.0180788
-2.18404
0.262281
0.116915
0.154094
1.11162
1.04119
0.203141
-0.347235
0.90946
0.132633
1.66449
0.113655
-0.102162
-0.981743
0.150817
0.126214
-0.0660547
0.18744
-0.937573
1.0766
-0.373206
0.0706373
-0.159062
-0.238799
1.58459
0.260826
0.563165
-0.405808
-0.535714
-0.917456
0.308145
0.362537
1.82769
-0.419174
-0.428542
0.0809472
0.452816
-0.215517
1.38141
-0.933729
0.223953
-0.783154
0.643599
0.234223
0.521175
-0.371433
-0.410384
0.417596
0.506643
0.583791
0.520133
-0.457831
-0.24113
-0.959437
1.95294
-0.12282
0.881007
0.573055
-0.780502
0.787637
-0.0829958
0.0646788
-1.50229
-0.319072
-0.584341
1.37221
-1.19246
1.77461
-0.404152
-0.366872
0.545456
0.130868
-0.97851
1.15354
-0.970833
0.257971
-0.84846
1.16945
-2.88796
-0.69319
-1.57009
0.0473091
-0.425061
0.592116
0.647689
0.556504
0.800271
0.26488
0.647999
0.250342
-1.78186
1.91192
-0.744031
-0.591003
0.366138
1.702
1.33755
0.80725
-0.551909
0.129099
-0.0201705
-0.222986
-0.666369
1.12323
-0.585837
-0.238203
-1.16989
0.561066
-0.411831
-0.888741
-2.38806
0.532086
-1.20897
1.6653
0.19037
-0.252135
-0.506775
0.657958
-0.414729
0.758705
-2.30764
0.841786
-0.644242
-0.731183
-0.753338
-0.129212
-0.482861
-0.0817454
0.55179
0.357218
1.4634
-1.14626
1.10343
0.26242
-0.657082
0.698922
-0.499013
0.765119
1.57833
0.559154
-1.92085
0.815017
-0.284971
0.418294
-1.87307
-0.851338
-1.40306
-0.0165254
-0.246904
-0.955077
-0.478339
0.263915
0.0387019
0.468824
0.594804
1.47528
1.24495
-0.792597
0.138565
0.0922435
-0.333884
0.378926
0.703986
-0.607806
0.920774
0.450476
-0.248218
-0.371292
-0.827695
-1.24547
-1.38513
0.343296
0.461915
-1.28324
-0.423963
1.32755
0.491391
-2.05569
-0.679972
-1.35994
-0.523755
-0.520655
0.393533
0.622948
1.16451
-0.481985
0.27544
0.476868
0.0766676
-0.20077
-1.56158
-1.76949
0.481371
-0.607156
-1.05628
-0.502991
-0.334335
0.112027
-0.444094
-1.07754
-0.186894
-0.106867
0.149189
-0.74586
-0.299062
2.20273
-0.627516
1.30987
-0.25659
-0.36511
0.512909
-0.513262
-0.344295
-1.6291
-0.486883
0.872393
0.849841
0.902226
-2.32556
-0.456826
-0.000977104
-2.24864
0.300036
-0.445995
1.90145
0.247231
1.04128
0.665803
-0.344367
0.414161
0.891403
-0.308468
1.08098
0.122606
0.209668
0.679753
-1.30576
0.854686
0.190869
1.5214
-0.153623
-0.696972
-0.29607
0.583896
0.166951
-0.929245
-0.527969
0.949292
-0.849025
-0.27641
1.12894
0.400007
1.57823
0.0606625
0.717605
-0.0513146
-0.968617
-0.992873
0.342445
0.834517
-1.35109
0.542399
1.14212
-1.07056
0.616796
-1.49268
-0.0533759
0.387562
-1.45759
1.50656
1.41535
0.579104
0.36628
-1.09424
0.417732
-0.580622
0.722002
1.64444
-0.92724
-0.582746
3.47066
0.628213
-1.00195
0.0444256
0.399579
-1.8038
-1.71751
0.555998
0.674412
1.33931
-0.616835
0.0842421
0.700884
-0.175004
-0.998412
-0.848511
0.74337
-0.426419
-0.408363
-1.21982
0.678126
-0.322011
-0.375753
0.533854
1.1165
-0.0436681
1.67836
0.329093
0.028498
0.449609
-1.32716
-0.07154
0.733561
1.48214
-0.386694
-1.66054
-0.970218
-1.60546
-0.213357
0.787627
-0.341586
-0.456719
-1.21464
0.384342
-0.622642
-1.6654
0.227533
0.402652
0.950687
-0.672607
0.915169
-0.13723
0.313034
-1.27914
1.17156
-0.93244
1.29031
-0.682334
-0.0415842
1.16401
1.00472
0.190271
0.278561
-0.641184
-0.487562
-1.09708
-0.759009
1.35205
-0.141605
-0.18635
-1.87069
-0.562235
0.307928
0.559138
-1.11271
0.395735
0.257143
-0.450289
1.50551
-1.47197
0.48154
-0.384752
-0.87426
-1.48356
-0.799052
1.42444
-1.486
-0.131598
0.652577
0.481211
0.151149
1.09342
-1.56514
-2.05448
-0.647225
-0.0331951
1.07175
-0.497681
0.438283
-0.487232
-0.857003
-0.228521
0.469881
-0.457681
0.466353
1.28471
-1.36159
-0.879223
-0.781182
0.214964
2.3427
-0.612096
0.0449656
-1.08813
-0.270505
0.476735
0.0418777
-1.07663
2.4325
0.107961
0.49237
-0.262441
0.392289
0.122875
0.811886
-0.830786
-2.15414
0.969455
0.256168
-0.708271
0.754852
1.69641
-1.21081
0.345773
-0.653939
-0.726863
-0.401895
1.57043
-0.0606151
-0.520472
1.13749
0.272293
0.285416
-1.24992
0.90115
-0.534231
1.0814
0.133301
-0.190165
1.51027
0.746368
0.73085
0.627581
-1.18275
-0.987699
0.688
-0.968385
-0.944537
-1.80544
0.326892
-0.0848926
-1.60478
0.935704
-0.358779
-1.10857
1.35953
-1.20253
0.647397
0.0278608
-0.437301
-0.809249
1.18756
-2.0857
-0.868816
-1.05897
0.69749
0.0609287
0.669979
-2.20804
0.394431
2.43884
-0.509354
-0.534876
0.67942
-0.759436
0.789375
-0.444239
-0.293669
-0.376133
-2.25571
-0.711134
0.599411
2.11429
0.04589
-0.437128
-2.13094
-0.424155
0.553011
-0.371036
-0.462349
0.788776
0.51119
-0.899535
-0.198411
-0.182834
0.0790424
1.23534
0.769031
-1.43919
-0.227583
1.15047
0.362241
0.428636
-1.08442
1.72337
0.313419
-0.852125
-2.84934
-1.24564
1.27301
0.0101097
0.0386435
0.116093
-0.69618
0.881248
0.515992
-1.37141
-1.20809
0.69345
-0.625228
0.773498
-1.48961
1.23773
-0.615101
1.64635
-0.325816
-0.118841
0.531543
0.157631
-1.16232
0.416456
1.13783
-1.38318
0.36807
1.14058
-0.351078
1.89945
-1.20942
-0.372049
-0.790921
-2.61741
-1.10678
1.11161
0.770135
-1.49006
0.00821775
0.741718
-0.436906
1.95212
0.561769
-1.72366
0.704632
-0.656388
-0.0441066
-0.431338
-0.0835613
1.99851
-0.975715
-1.54092
-0.890205
0.323148
0.15804
-0.08271
-0.801633
0.0871353
-0.617204
-0.184672
-2.06936
0.00413666
-0.188056
-0.78458
0.582066
-0.129509
-0.445248
0.0572905
-0.990498
0.491171
-1.64366
1.26703
1.1276
-0.746628
-0.559318
-0.697672
1.28661
-0.845008
-1.37301
0.467445
-2.08899
-0.241199
1.84891
2.2888
1.60325
0.324387
-0.803708
3.15383
-0.21621
-0.31163
-0.412452
-0.190502
0.943556
-0.422291
0.802157
1.49217
-0.548344
0.696697
0.00441467
-1.77653
0.651986
0.376458
1.06896
-0.102226
-0.317771
1.20491
0.99005
0.109802
-1.3048
1.63322
-0.0806496
0.0576804
0.333803
-1.5962
0.133855
1.20144
1.01023
1.20253
0.890021
-0.7388
0.0252045
-0.539188
0.189124
-0.0941691
-1.67591
0.169962
-0.446481
0.734476
-1.32599
-1.66889
-0.526519
1.79487
1.15382
-1.50287
1.8473
-0.175209
-2.09005
-1.02608
-1.66248
1.11954
0.626893
-1.57129
-1.62789
-0.904861
-1.09019
-0.915526
-0.548697
0.00754805
-1.49384
0.313621
0.353088
-0.103101
-1.75974
0.392042
1.10931
-0.790502
-1.51138
-0.551657
-0.303208
-0.761486
0.64522
-1.69439
-0.884068
-1.57018
0.502168
-0.699082
0.31002
1.17392
-0.300845
0.798563
1.67681
0.348536
-1.89044
-1.63088
-0.338978
-0.727657
0.450409
-1.13041
0.552656
-0.721223
0.701797
-0.394461
0.152
0.859988
-0.569448
-0.838874
0.445053
0.405876
-0.412903
-0.189159
0.0262571
-0.45589
-0.258754
-0.407097
0.48673
-0.121706
1.14817
-1.39601
-0.429315
-1.89945
-0.921877
-1.804
-1.89698
1.19615
-0.625634
-1.67067
-1.22749
0.970426
0.60671
2.1744
0.115998
-1.27594
-1.14247
-0.456336
-0.52538
0.658299
0.841867
-0.197454
0.123466
-0.309611
0.0768149
-0.0856074
-0.0836027
0.212882
-1.19245
-0.264558
-0.562495
0.104303
-1.77587
0.349512
-1.13344
0.876732
-0.383918
1.79066
-0.0128197
0.992217
0.493539
0.0106969
-0.957831
-0.786486
0.787836
0.736609
-1.67832
-2.81537
-1.35778
0.382632
0.0578448
-0.232792
-0.204932
-0.873356
0.532797
0.816343
-1.18036
-0.743092
-2.481
-0.853596
-1.56816
-0.308085
-0.522102
0.603739
-0.485034
-0.338135
-0.0513371
-0.0621891
1.16082
0.541735
0.686394
-0.674766
-0.838584
0.846301
-0.187795
1.38022
1.62364
0.728512
0.198056
-1.35602
-1.43166
0.639298
1.44418
0.180992
-0.417884
0.695819
1.38365
0.469588
1.04182
1.235
0.25708
0.511255
1.38474
1.69196
0.470644
-0.00967782
0.387196
0.742196
-1.13084
1.84245
1.3777
1.00058
-0.0613984
-0.440536
0.490456
-0.198632
0.995746
0.604699
-0.454365
-1.16127
1.24308
1.46213
0.088773
-0.854677
-0.910574
1.15824
-0.506506
-1.24058
-0.712494
0.665859
0.17184
0.0359596
-0.986641
1.40458
2.23089
-0.683294
0.382553
0.339768
0.139444
-0.299442
0.0988648
-0.642447
0.408671
-0.0780636
0.436119
-0.88733
-1.11849
0.3008
-0.470058
-0.222617
0.80237
0.137629
-0.85331
-1.30753
-0.223386
0.299931
0.0573942
0.564195
-1.11168
0.725587
-0.312322
0.0741744
-1.5231
-1.07761
0.45577
1.48726
-0.155192
-0.985784
-0.827372
0.893939
-0.962807
0.00318029
-0.0312496
0.494398
0.0421465
0.714858
-0.58764
-0.175447
1.07959
0.117763
0.261728
-0.10599
-0.878902
0.435215
0.254114
1.01453
-0.444739
-0.234869
0.756698
0.242732
-0.377322
-0.882338
-1.91817
0.229697
0.182234
-1.60466
-0.116405
-0.422737
0.785413
1.44676
0.601424
-0.490541
-1.12471
2.13028
1.71782
0.978066
1.53159
-1.14881
0.7263
-0.211917
-0.753933
1.41047
-1.83052
0.0514994
-0.394454
-1.00779
-0.533433
0.0682551
1.6977
0.00896091
-0.15866
-0.32544
0.0807433
-0.981316
1.06526
-1.77488
0.986623
1.00403
1.1615
-1.36553
-1.85872
-0.259186
-0.864346
0.758021
1.38675
-0.58182
-0.365647
0.21258
-0.369531
-1.49117
0.717452
0.0129589
0.0783174
0.338758
2.22235
0.687728
0.0358463
-0.105365
-0.84225
0.939756
-0.798359
0.355385
-0.61621
-0.313403
-0.283294
0.330669
1.18773
-0.253428
1.9523
-0.150567
0.0194906
-1.18675
0.0900299
0.0923985
-0.769151
-0.588668
-0.448341
0.0829661
-0.496259
-1.08114
1.25475
-1.6904
-2.71394
0.229734
0.279254
-1.07096
-0.956145
-1.38449
1.02515
0.961454
-0.522588
-0.277988
0.283232
1.35436
-2.19296
1.08568
1.06029
1.3359
-0.764979
-0.867301
0.630015
0.248147
0.90697
1.74649
-0.892672
-0.374472
-0.309063
0.113152
1.12496
0.351567
0.210249
0.904968
-0.802574
-1.23341
0.986186
-0.813156
0.776591
-1.36821
-0.539323
1.15654
-1.12572
1.56736
-0.865313
1.13044
-1.92457
0.641676
0.134081
1.76433
-1.14084
0.343456
-0.178057
0.211983
-1.42496
-0.927391
-0.375864
0.201427
0.428155
2.76521
-2.50873
0.690901
-0.307106
-0.0904293
0.379744
1.79154
-0.894269
-0.138741
-0.180468
0.443925
0.893373
0.938399
-1.00891
-0.68261
-0.960843
-0.63387
1.11728
1.10235
-1.13984
0.12796
0.595384
-2.14961
0.0521633
1.0894
1.31799
1.54432
-0.330807
0.836732
-1.86012
-0.325504
-0.862831
-0.799073
-0.716536
1.28117
-0.901175
-0.626367
0.763054
0.74731
1.06295
1.40517
1.30813
-1.27433
-0.734019
-0.824493
-0.318088
0.360538
2.70529
-1.16112
-0.587131
-0.774048
-1.52638
-0.574417
1.57973
0.285706
0.13208
0.576439
0.945606
1.57422
-0.549427
-1.41699
0.475637
2.7244
-0.472565
-0.75241
0.470847
0.874525
-0.0994922
-0.168127
-1.6223
1.18881
0.301685
-0.142368
0.525212
0.212411
1.11675
1.43827
0.180058
1.02078
0.0566205
1.0402
-0.353112
0.886842
-0.52467
0.61792
0.0627846
0.519774
-1.00597
0.507202
0.522702
-0.595122
-0.547793
1.26055
-0.73128
0.537884
-0.692143
-0.242516
-3.28623
0.165073
0.969435
-0.64443
0.706034
-0.939287
0.396089
-0.682317
0.598172
-0.0847841
1.5165
-0.936597
-1.20452
-1.50173
1.61073
-0.0871816
0.058485
-1.47886
-0.358275
-2.93671
0.712154
-1.81561
-0.16297
-0.102761
0.491414
-0.900184
-0.586345
0.185767
0.211164
-0.851742
0.523705
-0.142967
-1.59532
-1.65332
-0.645929
0.193694
-0.702758
-0.304432
-0.860464
-0.310667
1.54918
0.934855
-0.879296
1.6651
-0.397471
-0.397914
1.13639
-0.539399
0.7906
-1.42747
-1.3038
1.16731
0.237543
0.344596
-0.351631
0.692909
-1.11811
-0.328769
-0.153717
0.73948
0.958608
-1.06386
-0.345786
0.590179
-0.540528
-0.702898
1.2163
-1.11702
-0.738631
-0.641896
-0.552986
2.1866
0.0573795
-0.218541
-1.67381
-0.35536
-0.873098
-0.292263
-0.621455
-1.18145
0.690945
2.27595
0.896849
0.72325
-0.958112
-1.49078
-1.50614
-1.86679
1.989
-0.413192
-0.528701
-0.132191
-1.27383
-0.561833
0.502712
0.110735
-1.92394
-1.21311
-0.440902
0.586142
0.297418
0.256885
0.340409
-1.44139
-0.96784
-0.575476
0.53145
0.229277
-0.205534
-2.2317
0.612996
0.504085
-1.22763
0.534664
-1.18613
0.515518
3.10696
0.862218
0.689124
-0.772987
0.699999
-0.21663
0.308549
-0.100139
0.300679
-0.228904
-0.656188
-1.77456
-0.772107
0.39483
-0.12311
0.693626
-0.633948
-0.106358
-1.83888
1.59397
0.116381
1.17483
-1.15234
-0.536839
-0.683164
0.0712952
1.1407
-0.970895
-1.6089
-1.33728
-1.16297
-0.509174
0.300681
-0.0480531
-1.66248
1.06267
0.0316503
1.72434
-1.17711
-0.553732
-1.39113
0.696843
0.193614
-0.599146
0.145672
0.453633
0.434873
-0.759662
-0.172912
1.83295
0.886321
-0.052897
0.109655
0.485885
0.853865
1.65814
0.152604
-1.16448
-0.725059
0.207087
-0.698266
1.94488
-2.04613
-0.114548
0.473397
-0.619565
0.227599
-0.989712
0.803606
1.43893
1.27759
-0.0905405
0.576427
-0.178355
0.803797
1.56513
-0.0749666
-1.25325
0.664942
-0.448437
0.713208
-2.17884
0.725984
1.04207
0.98884
-2.50611
-0.295726
0.52643
0.223862
-1.2727
0.556974
0.203981
-0.420212
1.94055
-0.221386
0.492164
-0.648846
-1.02115
-0.0527142
1.15434
2.00981
0.0627365
-1.79816
0.9767
0.917683
0.973309
1.09741
0.0167864
1.16437
1.39786
0.481335
0.543661
0.455661
-0.667366
-0.629054
-0.686765
-1.19207
1.02692
0.0074351
-0.435453
-0.895618
0.852333
0.328921
0.408173
-0.983821
0.727887
-0.561843
0.543125
0.594797
-0.530988
0.166679
-1.78336
-0.538898
1.25479
-0.518665
0.465297
0.177454
0.0276351
2.59335
-1.16405
-0.344341
0.39874
-1.52631
-0.668132
1.20615
0.122577
1.19777
-0.976977
-0.236862
-0.485329
-1.26571
-0.751722
0.0308852
2.22683
-1.79769
-0.397116
1.92393
0.197975
-0.282263
-0.432911
-0.073181
-1.37843
0.0983505
-1.34227
-1.97139
1.12587
0.699505
-0.163699
1.26832
1.25389
-0.15692
-0.52838
-1.08381
-0.439279
0.345056
0.454818
0.121844
-0.867207
-0.811442
-1.59272
-1.8949
-2.14183
-0.0649828
-0.577796
-1.2652
-0.12904
0.445434
0.774473
0.28246
-1.12188
-0.275504
1.65413
-1.69073
-0.209511
-0.746386
0.721421
0.276117
0.682342
-1.15085
-0.0902534
2.05415
-0.0213636
-0.287797
-2.90896
0.14276
0.120074
-1.67548
-0.257192
1.73555
-0.806446
1.76217
0.697547
0.297943
0.85726
0.548813
-0.761072
0.590035
0.470825
0.78548
-1.79671
-1.37126
-0.966779
0.296722
-0.794694
0.639013
-0.0793308
-0.190448
0.0261212
2.43223
0.758726
-0.650752
-1.10616
0.697446
-0.608034
0.571073
-0.230414
0.246849
0.558498
-0.911301
2.1401
0.186378
0.680198
-1.05379
-2.01337
-1.18147
-2.72094
-0.781308
-0.555599
-0.509277
-0.372521
-0.481774
-1.19357
0.984637
-0.481893
1.45214
0.827689
0.816971
-0.446923
1.62618
0.21672
-0.180361
1.55015
0.368209
2.63311
-1.06713
-1.70086
-1.19651
-2.02346
-0.311587
0.0174576
0.955455
0.522815
1.68772
0.461204
0.508696
-0.11931
0.81956
-0.91952
-1.55175
-0.286743
0.994151
-0.198276
0.646942
0.607887
0.211173
-0.598579
0.546633
-0.685663
-0.573973
-1.52694
-1.20832
0.934517
-0.26625
-1.28553
-1.45158
0.863648
0.371141
0.502987
-0.730451
-0.534509
0.157559
-0.951884
-0.761349
1.03263
-0.274658
-0.201874
-1.48918
-0.874038
0.0438839
0.632667
-0.491896
-0.283656
0.0705562
-0.283217
0.552599
0.716068
-1.18517
0.599344
-1.57602
-1.32631
0.206697
2.76661
0.190201
-1.52311
0.0750289
-0.125245
0.509872
0.456089
-0.516971
-0.752601
0.672019
1.40254
-0.308819
0.164742
0.410183
1.60479
0.237777
0.442422
0.00314098
0.132147
-0.107249
-0.341776
-1.37783
-1.74767
2.39524
-1.39827
-0.0360953
-0.67418
1.5192
-0.756863
0.653599
-0.719903
0.0296826
-1.44439
0.808727
0.306148
-0.657709
0.736417
0.299771
-0.478089
-1.05572
-0.376413
0.30741
-0.586106
-1.10118
-0.344202
-0.675995
0.675644
-0.72101
-1.17811
-1.11706
1.8835
-0.390336
-1.01793
-2.91838
-0.452111
-1.25015
1.00665
0.334432
-0.426446
-1.49428
-0.0401745
-0.823382
1.26325
0.14778
-0.168293
-0.464216
0.839347
0.556846
-0.345661
-0.110585
-0.850743
-1.37971
-1.94011
0.908388
1.34427
1.26862
0.45287
-0.335537
-0.771157
-0.917775
-1.45394
0.591675
-2.28022
0.8224
0.618016
-1.18486
1.73984
-0.323048
-0.451127
1.65061
1.07512
-0.92855
-0.192128
1.08913
1.05028
-1.72797
1.1533
-1.02505
0.193811
0.00133163
-0.340905
0.59347
-0.941423
-0.103734
0.453857
-1.23525
0.106389
0.390354
-1.6718
-0.175373
0.615161
1.07867
-0.624074
1.48867
0.740212
-1.19956
-0.576402
-0.59847
-1.47429
-0.0800805
2.0474
2.08224
-1.11789
0.173954
0.289497
0.584298
-0.368964
0.530949
-1.50281
-0.614174
1.0117
0.691102
-1.17349
1.13583
-1.01885
0.471379
-0.302065
1.12078
0.0256433
0.984098
-0.190347
-0.578972
0.219558
1.295
0.424131
0.294948
0.118359
-0.626246
-0.458457
-1.42035
-0.977891
-0.494297
0.507553
0.194335
-0.273015
0.597419
-2.71648
0.0381763
0.649712
2.50183
1.13245
0.297885
-0.136537
0.577549
-1.72882
-1.03745
-0.486341
-0.435679
-1.75032
0.735234
-3.07556
0.745044
0.785904
0.569289
1.6813
-2.05217
-0.563147
-0.363918
1.42579
-1.54033
0.878291
1.22367
1.2617
1.8362
1.42397
0.835705
0.8303
-0.569185
-0.584055
-1.44063
0.560497
-0.930792
-0.865899
-2.32571
0.47913
0.771221
0.176257
0.296687
0.480703
0.878281
0.172195
0.712991
0.820393
0.438405
1.00029
-0.0924103
-0.484586
0.751103
-1.16277
1.73147
-0.663931
0.543715
1.50202
0.0790465
-0.124988
1.9005
1.1568
0.354645
-0.206611
-1.17151
1.67592
1.79774
0.121382
-1.48739
0.685932
0.326852
-0.00096428
-0.383184
0.256661
0.165484
-0.135118
-0.549699
1.67688
-0.114286
-0.401283
1.12368
0.391452
0.352038
-0.514664
-1.7306
-2.32621
1.70742
-0.68865
-0.784605
-0.283716
-0.626955
-0.377302
-0.0301661
-0.0349917
-0.6773
-0.0722807
-1.16012
0.660393
0.101593
-0.721735
-0.150113
-0.653466
-0.793716
-1.04156
0.837606
-0.281914
-0.815186
-0.405734
-0.189081
-0.808479
-0.476095
-0.88337
-0.140634
2.53892
-0.592948
0.744173
2.61853
0.607986
-0.316625
-0.769459
1.57693
-0.502307
-2.04462
-0.213057
0.22537
1.63993
0.132619
1.11353
1.95709
1.36562
-0.627184
0.229704
-0.868313
-0.25904
0.900913
-1.91048
0.877457
-1.27717
1.0246
0.425904
0.639639
1.47765
0.438797
-0.264368
0.066652
0.14069
0.516518
-0.302414
-0.468351
0.0748007
-0.495016
0.507849
-0.608646
0.713056
0.539517
-0.585519
1.21659
1.3303
1.47615
-0.455837
0.0209527
-1.36331
-0.316075
1.54537
-0.900918
-0.0343958
0.13108
2.24957
0.347648
-0.382119
0.469253
-0.535969
-0.618114
0.135858
-0.573205
1.29764
0.204809
0.914768
-2.03709
-0.309044
0.18756
0.469611
0.365775
-0.273958
-1.5021
1.80007
-1.67034
-0.192937
-0.702615
0.0763419
-1.22351
2.01816
-1.40561
-1.87272
-0.170845
0.232893
0.0157265
0.629611
0.618193
0.175637
0.500492
1.04299
0.79368
0.425108
-0.119912
-0.137747
-1.06342
0.940534
-0.734356
0.796714
-0.502065
-1.62161
-1.09878
1.65318
-0.259604
0.602257
1.71629
0.42809
-0.321386
-2.0848
0.900166
1.16668
1.70022
-0.332157
-1.20651
1.7528
0.954712
0.759023
-0.463569
1.60814
1.40721
-1.2784
0.369653
1.22514
0.66373
0.438077
-0.209764
-0.969996
0.240753
-0.153199
1.73011
-0.851907
-0.707376
1.85209
-0.24453
1.11497
0.357128
0.120319
-2.27213
2.06736
0.224291
0.253813
1.69779
-0.204682
-0.789571
-0.22646
-0.404078
-0.00768924
-0.299251
0.255758
0.22746
-1.97756
0.652214
-1.54048
1.09113
1.51677
0.212378
-2.16428
0.775999
0.686003
1.16022
-0.570379
-1.59035
-0.782079
0.499385
-0.838681
-0.315461
1.19629
1.06349
1.0439
0.310418
-1.56838
0.770084
2.03566
-0.351527
1.25573
0.683276
-1.02979
-1.90834
0.861659
-1.65382
1.34054
1.21227
0.0876465
-0.266131
1.12075
-0.573096
0.968206
-1.13089
0.304485
-0.320623
-0.775894
-0.553454
-0.520557
-1.01655
-0.0848235
-0.838226
-0.704611
-0.652092
0.061025
-0.51911
-0.478743
0.243516
0.468835
0.162035
0.209351
0.157555
-0.922741
-0.343045
1.86259
-0.596404
0.216507
-0.0588729
0.0847691
0.556163
1.42444
-0.336429
-0.692284
0.316134
-1.65395
1.0579
1.47575
0.716639
-0.12239
-0.801831
1.50767
0.255484
-0.0894682
-1.56434
-0.697625
-0.667367
-0.0171818
-0.660039
0.652307
0.637078
-0.339392
-0.159281
0.275726
0.65985
0.675314
1.07738
-1.04642
0.689869
-0.366906
0.478372
-0.560831
-0.772261
-0.403132
0.468738
0.451007
-0.70926
0.352312
-1.19476
2.87974
-0.00484453
2.05461
0.994329
-0.650755
-1.32426
1.95802
-0.321611
0.0986157
0.368903
0.032842
0.239617
-1.13626
0.435461
-0.838867
-0.854234
1.31895
0.811153
0.913945
-0.939681
0.149242
-1.03956
-1.82546
1.58856
-0.0966282
-1.04995
0.276406
-2.09198
-0.881628
-0.652616
-2.48534
0.253147
-1.92975
-1.49634
-0.187385
-1.49479
0.882273
0.700637
0.163522
-0.856824
-0.506935
-0.379771
0.262784
1.04796
-0.295556
-0.909712
-1.03861
0.615006
0.252574
-0.138415
-0.197924
-1.38395
0.934581
0.525622
-1.47939
-0.337731
-0.444464
-0.935947
1.57709
-0.63231
-1.20533
-2.05336
-1.79337
-0.519834
0.249933
2.03341
-0.947236
0.422666
-1.56791
-1.51889
0.672451
-0.409793
1.45458
1.40263
0.465392
0.7382
-0.911962
0.0814596
0.791912
-0.176887
1.41895
-0.28613
-0.0201835
1.57999
0.372907
-0.59351
0.343928
-0.315336
-2.03784
0.602089
-0.841893
1.38506
0.0242637
2.90879
1.28817
-0.140454
1.2097
-0.427095
3.41932
-0.900326
-0.0766239
0.233627
-0.457199
0.451698
0.312526
-1.16614
-0.55447
-0.698501
-1.80464
0.861323
1.17143
0.674552
1.01382
-1.119
-0.350897
-1.33397
-0.801465
0.474992
-0.0323289
0.473328
0.624517
2.54052
0.845121
0.807079
-0.80747
-0.421269
-0.0050171
-0.771844
-1.73222
-1.50029
1.22253
-1.07792
0.372884
1.64277
1.48387
-0.478352
0.350687
-1.40729
0.297371
-0.8028
0.236445
0.790397
1.81059
0.212814
0.0794487
1.25602
-1.05828
-1.17224
0.130973
0.648096
0.459255
0.449564
-0.210828
0.2092
0.299515
0.474974
0.580755
0.911334
-0.593387
-0.220559
-0.17146
-0.244318
0.208049
1.8133
1.7496
0.177244
0.488718
-0.0521381
-0.601002
-0.13978
0.37996
0.540532
0.267037
-0.771742
0.862209
0.259688
1.41978
-0.339774
-1.22263
-1.47466
-0.759227
-0.75739
0.0893987
1.6241
-0.727408
-1.32084
1.06299
-1.08208
0.834178
-0.897284
-0.448191
0.74139
0.33752
0.34694
-0.611571
0.396482
-1.46476
-2.16964
0.665371
-1.19117
0.167421
-0.771492
0.508197
0.962006
-0.735559
-0.269951
1.24593
-2.20089
0.814502
-1.61088
1.16592
0.280427
-0.488925
0.773897
-0.00185319
1.09875
1.34952
-0.519305
0.330018
-1.34317
-0.175208
-0.911483
-0.0996438
0.185309
-0.631753
2.46
-0.572674
0.51221
0.201034
1.4543
-0.646807
1.53805
-1.41557
-0.863293
-0.229907
-0.505128
-0.150554
-0.588005
-0.699851
0.763147
0.234601
-0.584178
-2.14779
1.1697
1.04672
1.06846
-1.17993
-0.296009
0.364786
-0.0431234
-1.47289
-0.394024
-2.26787
0.306741
0.658888
-0.88793
1.28607
2.10085
-0.10217
0.500251
-0.780118
-0.872617
-1.64394
-0.00941773
-0.746838
0.112299
-0.670698
0.167475
0.0342308
0.245566
0.616323
-1.42755
0.392155
1.26491
-0.752841
-0.964056
0.156411
1.81868
-0.47352
-0.82452
0.193963
0.988834
0.770739
-0.826245
0.447693
-0.956374
-0.48273
1.33084
-1.47097
-0.682372
0.764367
0.975656
0.944068
-0.885782
-0.934705
-0.306941
-2.62682
-1.47181
1.60432
-1.21688
0.132927
0.785611
-0.532029
-1.43756
-0.241896
-1.78465
-1.46881
-1.18634
1.13846
0.347813
0.851506
3.41895
0.491185
-0.194913
-0.312294
0.0734024
-0.00961041
-0.132762
-1.51391
-0.18372
2.15469
-1.67854
0.577238
-0.788739
0.129398
0.478024
-0.0515524
1.52564
-0.133932
0.58917
0.291081
1.43557
0.191969
0.796788
2.1901
0.626288
0.368095
-0.623623
-1.12071
0.347165
-0.214147
0.732185
0.79843
-1.64291
-0.834498
1.27724
-1.18384
-0.778425
-0.287234
2.10853
0.13419
-0.430129
1.43536
-0.847214
-0.398901
-0.557498
2.85715
1.07305
0.21363
1.27483
-0.0342007
1.60361
0.47885
1.71806
0.976208
0.356087
1.02645
-0.486883
-0.652699
-1.00116
-1.60195
1.44788
-0.903228
-0.182297
0.365842
0.25389
2.28218
0.395304
0.5432
-0.387952
-0.385294
1.4738
-0.169528
-2.4072
0.835392
-1.16982
-2.05375
-0.354739
0.923202
-0.716582
-0.305601
0.80067
-3.52584
-0.522977
1.54574
-0.323132
-0.868835
-0.921719
1.79251
-0.890241
-0.656846
1.91553
1.34414
0.822411
-0.351298
-1.57515
-0.0813155
0.568667
-0.420618
-0.365951
0.873397
-0.668615
-0.365718
0.389872
-0.347531
-0.499952
0.836281
0.434731
-0.91414
0.341263
0.0987642
0.0909622
0.771238
-0.575763
0.828383
-0.413632
0.649185
0.120125
-1.87496
-0.604672
-1.38594
-0.870704
1.542
1.16563
-0.807308
1.48276
0.101651
0.89674
-0.453279
-2.82048
-1.12669
0.270342
-0.312534
-1.51117
0.612219
-0.331091
0.808281
-0.269799
-1.9438
1.14911
-0.358815
-2.04165
0.628665
-0.412315
0.0820782
0.757245
-0.851895
-0.0577222
-0.329504
-0.753355
-0.67318
-0.692794
-0.207095
-1.9286
0.555959
1.51108
2.24209
-1.64235
-0.659287
1.18622
1.50426
-0.828878
0.154883
-1.01078
0.621027
-1.14909
0.0684957
0.886086
2.30733
0.423369
0.888928
0.179149
-0.641853
0.426158
0.694943
0.32896
-0.129476
0.267633
-0.0785314
3.53475
-1.5692
-0.18626
0.123844
-0.554598
-1.65792
0.883996
0.453646
-1.13889
1.17707
-0.336773
-0.134113
-0.532999
0.41781
-1.09328
0.649289
0.345396
0.224622
0.263761
1.32314
1.80022
0.00312256
-1.32259
2.07907
0.0101127
-0.0493063
-0.871016
0.864276
-1.44697
2.86156
1.54473
-0.779148
-0.0108226
0.382224
-0.407287
0.943976
0.142386
-0.572825
1.93106
-0.389077
-1.0601
-0.372236
-0.336564
1.84342
-1.06628
-1.0635
1.60211
0.397231
-0.0456642
-0.110219
0.0824157
-1.1774
1.81023
1.8321
-1.22638
-2.13493
0.821339
1.0294
-0.982602
0.706533
0.555661
1.81355
0.5231
1.65837
-0.484051
-0.057359
0.589178
1.15106
-1.61284
-2.02275
0.373637
-1.89454
1.73298
0.644571
-0.790556
-0.782239
0.0598691
-0.749262
-0.666959
1.81565
0.0235899
-1.01934
-0.600623
0.377975
-0.911337
0.241643
1.12453
1.34678
0.298347
0.0420806
-0.614496
-0.258742
-0.000509807
0.328593
0.406849
-1.06341
1.90436
1.026
0.279053
0.199711
0.127703
-1.28822
0.937222
-1.3675
1.04461
-0.788841
0.0283835
1.25931
0.208193
0.59999
-0.87352
-1.53879
-1.70545
-0.425218
1.86149
0.912931
1.00382
0.22219
-0.544998
0.554426
1.76082
1.46927
-0.203831
-2.00543
1.12407
0.962597
0.371721
-0.781506
-1.30133
-0.0223277
1.12901
1.82823
0.925832
2.22234
-0.96434
-1.36934
0.12275
1.23373
-0.0737116
-0.500862
-0.458216
-0.967949
0.461228
-1.04392
-0.522199
-1.59318
-1.11359
-0.0764765
-0.185586
0.0824001
1.01697
2.15859
-1.26926
-0.211878
-0.729479
-2.22285
0.120484
-0.935514
-1.45549
-0.365999
0.152634
-0.258844
3.28184
-1.5133
1.67335
1.00388
-2.04781
-0.137155
0.339865
2.01419
-0.347826
0.303525
-0.293747
-0.0231045
-0.211898
-0.446674
-2.13789
0.54756
0.415224
0.190276
-0.269972
-0.976853
1.03199
0.380992
-0.092743
0.724283
0.426931
-1.15442
1.48843
1.37545
-0.814529
1.73089
-0.584623
0.117295
0.978993
0.215872
0.457358
-1.2068
1.22189
-0.569979
1.27573
-1.04056
0.025761
-0.414345
0.243924
-1.26143
0.265116
-0.058104
1.04875
-1.39756
-1.60091
1.75884
1.00622
-0.030915
0.524759
-0.0591717
-0.639622
-0.452175
0.098263
-0.403347
-0.990714
0.34554
1.53873
-0.962067
0.702285
0.852842
-0.184715
-0.366674
0.461415
-0.834985
-0.368177
0.901184
0.194557
0.62857
1.64628
-1.1852
0.453128
-1.46854
1.03823
-1.35164
0.812188
-1.35054
0.135788
-0.736324
-0.692868
-0.704949
1.49098
-0.698524
0.244559
-0.237233
0.123353
0.335107
0.862563
1.21998
-0.487636
0.65511
0.739869
-1.02401
0.500883
0.726103
0.651315
-0.710573
2.26447
2.52599
-0.135798
-0.682094
0.163833
-1.47192
-1.78326
0.650066
0.671321
0.49729
-0.36244
0.486192
-1.6641
-0.968786
-1.95262
1.16154
0.23996
-0.922931
-0.168181
0.445458
0.0168085
-1.60632
-0.250469
1.52866
-2.7848
-0.0662225
-0.725207
0.829972
0.400345
0.694237
-0.51788
0.385656
0.545404
0.930836
-1.15224
-0.740937
0.084702
1.14495
0.343279
0.715861
-1.21451
-0.872227
-0.325218
0.363121
-0.110169
1.01857
0.523127
-0.310298
1.67137
0.165661
-0.782943
0.281236
0.246383
0.211347
-1.29391
1.02079
0.680678
-0.275277
-0.979723
-0.103519
0.0830425
-1.65635
-0.0452094
0.645618
-0.684696
0.0835678
-0.544481
0.263482
-0.435582
-1.52076
-0.799095
-0.0422427
0.803789
-0.248019
-0.439783
1.17228
0.142519
-0.934266
1.33606
-0.392751
-0.132847
0.509981
-0.884844
-0.158235
-0.708347
1.92385
-0.642818
-0.0713188
1.00946
-0.941787
-1.99757
-0.650331
0.160524
1.51068
0.916032
-0.906449
-0.942463
0.987375
0.502219
-0.348862
0.833085
-0.940316
-1.03189
1.56792
-0.656059
1.12955
-1.81335
2.24289
-0.196164
1.29099
0.991918
0.0804862
-0.794902
0.783009
1.41789
-1.20032
-0.0303824
-1.2946
0.124706
0.0801033
-0.131262
0.50627
0.0574107
-0.521733
0.989423
-0.488404
1.01285
-0.533234
0.710972
-0.0186271
1.62868
0.213088
0.535808
1.21958
1.69604
1.44428
-0.413443
1.16222
-0.141793
0.297894
-0.23862
-2.80866
-1.58942
2.16155
1.43001
-0.581501
-0.311198
-0.693248
-2.19482
1.59601
-0.123946
0.743873
0.341922
0.612074
0.277123
2.23506
-0.351944
0.854361
0.388848
-0.393389
-0.224802
-0.9487
-0.954828
0.895287
-1.63917
-0.0649646
-0.0349095
0.32743
0.175359
-0.485469
0.964276
-0.64825
-0.111149
-1.83935
-1.76374
-0.494357
1.11026
-0.241055
-0.864786
-1.59714
0.00593114
-0.113709
0.818473
0.793695
0.966343
0.725677
-0.142516
0.741286
-0.889394
0.313591
1.17327
0.433889
-0.195616
2.27713
0.0346322
-0.455169
1.30677
0.902935
-0.0151285
-0.896826
-0.486593
-0.368467
-0.452965
-0.625603
0.197005
-1.02672
-0.93115
-1.18416
-0.414522
1.7215
0.479356
0.894246
0.572707
-0.0171288
-1.11501
0.204259
-0.642206
0.676281
1.24329
0.508151
-0.877905
-0.482129
-0.00256979
0.196506
-0.521409
1.03473
0.422877
-2.56558
0.36558
-1.27488
0.485222
-1.17944
1.0256
1.93833
-0.347055
1.97424
0.288467
-2.2917
0.103126
-0.295364
-0.92424
-0.988779
-0.945287
0.791261
-1.39659
-1.13212
0.0273087
-0.170268
-0.351351
0.607776
0.494381
-2.47004
-0.175488
0.941503
-0.755592
1.54596
-1.23138
-0.81276
-0.0713072
-0.714428
-1.97411
0.432461
-0.893839
-0.0773384
-0.410276
-0.330706
-0.837228
-0.634137
-0.330262
-0.69101
-1.58069
-0.617911
0.622937
1.22931
-0.621308
-0.582471
-0.819484
0.93565
0.582819
-1.38686
3.52181
-0.112006
-0.255064
-0.280636
-1.21984
1.77569
-0.940999
-0.0981208
-0.0626097
1.22814
-0.341164
-0.942617
1.68411
0.380067
0.578266
-0.941505
1.12494
-1.08453
0.265697
-1.06346
0.871973
-0.989795
-0.135289
-1.71619
0.69032
-1.40492
-0.487546
-0.513988
-0.165764
-0.362509
-0.0990558
-0.168907
-0.491348
-1.12745
-0.200981
0.112664
-0.598641
-0.108211
0.140938
0.59212
-0.730964
-1.40972
-1.99067
-0.626615
-1.07493
1.62349
0.334468
-0.420665
0.0325526
-1.19119
1.42459
-0.689141
-2.22182
0.931584
-0.757955
1.17095
0.14948
0.385475
-0.501849
-0.612314
0.937173
-0.409338
-0.952659
1.57115
2.91563
0.719995
0.0586538
0.617733
1.32419
0.416758
0.623076
0.263017
1.74933
1.15768
1.29305
-0.0697446
0.55263
-1.62826
-0.793329
-0.389146
2.22731
0.83145
2.00967
0.0726593
0.430299
1.36103
-1.30286
0.667087
1.74413
0.150885
-0.238962
-0.0600184
-1.04819
-0.535903
0.873775
0.980363
-0.52875
0.0664418
-2.16238
0.890093
0.443731
1.05009
0.738496
0.776919
0.554955
-1.37239
0.509741
-0.428414
1.56194
-0.737471
0.080996
-1.06556
-0.206743
-0.292055
0.0641668
-0.579522
0.991278
0.317062
-0.186604
0.255832
-0.346616
1.55415
-0.517424
0.224526
-0.56431
0.0502901
0.122574
0.573426
-0.623701
-0.538556
-0.922947
0.575013
-0.221431
-1.84192
1.28383
0.151394
-0.563346
0.634496
0.0278007
1.42617
1.22353
-0.4373
-0.660605
0.272781
1.52459
-0.338359
-0.084356
-0.468541
0.218009
-0.46072
0.106206
1.46454
-0.905741
-0.689621
0.36136
-0.0614922
-0.513817
0.738615
-0.240475
0.232882
-0.180556
0.137032
1.49995
-0.824214
2.91842
1.20538
0.837486
0.212111
-1.13655
-0.570813
0.558597
2.74368
0.961419
0.449959
1.45272
0.0778567
-0.527171
0.523852
1.02594
-0.422428
-0.431672
1.02238
-1.64402
1.04965
0.0921824
-0.291484
-1.19383
1.59654
0.807651
-0.346779
-1.45065
0.199819
1.51184
1.04959
-1.09419
0.463953
-0.363532
0.160406
0.103174
-1.9036
0.493309
-0.0440915
0.629315
-0.950958
1.00642
0.557262
-0.581936
0.559467
1.56515
0.386912
0.678682
-1.58566
0.162647
-1.5996
0.427789
0.603155
0.576392
1.76062
-0.37123
-0.556405
2.07638
-0.121567
-2.46535
-0.518682
0.186604
0.0444516
0.694984
1.09505
2.2086
1.60562
-0.146539
0.286917
1.886
0.637828
0.0181282
-0.390884
0.538233
3.14466
-0.794252
1.52226
-0.324712
-1.70591
-1.40144
-1.09518
0.904061
-0.00569635
-0.312878
-0.925894
-1.1728
-0.769781
1.65065
0.0654577
-0.148952
0.0418378
1.40797
-0.221569
-0.65628
0.936546
1.09689
0.761652
1.23042
0.263869
1.40605
-0.752893
0.2467
0.490265
0.411314
-0.60528
-0.926473
1.93394
1.40539
0.373805
-0.441435
-2.14603
-0.863807
-1.72781
0.704207
1.12915
-0.924631
-0.105771
1.80956
0.556254
-1.62505
-1.06064
0.190532
-0.984028
0.190283
-0.274465
-1.1242
0.532431
-0.341946
0.130421
0.132171
-1.26558
-1.08644
2.44705
-0.261163
0.920067
-0.205124
1.066
0.242344
-0.360341
-0.423603
1.20964
1.55548
0.322728
-0.621494
-1.32505
-0.282476
1.06608
-0.756044
0.885641
0.133409
2.05251
-0.300094
-0.353256
1.1727
1.10641
-1.06813
-0.737143
-1.94605
-1.69899
-0.221687
-0.369755
-0.351321
1.0559
-1.75415
1.6374
-0.543003
-0.323383
0.421375
0.383469
0.126535
0.6935
-1.47359
-1.87069
2.21523
1.62567
-0.844789
-0.359665
2.15236
1.15918
-2.04042
-0.424383
0.978194
-0.0751307
0.2581
-0.0714684
1.2755
-1.26831
0.964751
1.43299
0.103864
-0.476553
-1.98581
0.827915
1.39094
0.952875
-0.263706
0.192763
-0.352453
-0.95795
0.463766
1.33653
0.157618
-0.560575
0.126834
0.219074
0.359038
-1.09023
-1.20027
-1.01074
-1.11548
-1.43647
0.981305
0.893773
0.235129
-0.480067
0.105908
1.38056
1.56733
-0.990351
0.301452
1.94972
0.903156
-0.374991
0.396614
0.959183
-0.74259
-1.66234
-0.0930883
0.879223
1.09354
0.0893073
-1.33193
-0.0893615
1.29251
0.619837
0.645553
-0.995667
1.26506
2.03112
1.42091
-1.83685
-0.286073
-1.40552
1.00225
0.658253
1.4102
0.964843
-1.42998
-0.271091
-0.440467
0.994976
-1.00713
1.1047
-0.830798
-1.26328
0.359579
1.76524
-1.46061
-0.184656
-0.713088
-2.05231
1.11043
-0.965362
-0.0260971
0.225647
-0.433697
-0.218806
0.0610841
0.0917159
1.49266
-1.03823
-1.71678
0.460247
-0.63183
-0.373054
-0.304116
0.716984
1.52725
0.205302
-0.309371
-0.815557
-1.40544
-0.882851
-2.041
-0.605526
-1.92212
-0.584967
-0.739592
1.84133
-0.4052
1.84733
-0.220489
-0.766113
1.84282
-2.32001
0.297462
1.33668
0.346495
-0.188817
0.267701
1.59775
0.0502572
-0.922861
-0.808956
-0.732114
-1.71061
-1.88488
-1.4062
0.415906
0.0515528
-1.19105
0.553725
-0.517687
-0.576871
-0.384648
1.05517
1.00374
-0.443862
-0.895172
0.306646
-2.7146
-0.347738
-0.23374
0.555921
0.53089
0.253679
-0.987708
-1.21645
-0.565794
-0.439203
2.22991
1.64339
-1.08015
0.704314
-1.65458
0.72339
-0.227001
0.498123
0.452416
3.02231
-0.895911
-1.34847
-0.414188
-2.49843
-1.00428
-1.32043
-0.917609
0.396083
-1.14302
-0.129917
0.208307
-1.1145
-0.547271
0.0204052
-0.126769
0.150961
-0.742068
0.245301
-0.103199
0.399267
0.428449
1.72101
-1.54155
-1.16941
1.02562
0.942116
-1.04498
-1.87678
0.0470767
-0.567589
-0.497183
-0.286352
0.776287
-0.60702
-0.578887
-0.927821
-0.10185
-1.14696
-1.05161
0.5062
-0.279607
0.0605912
-0.0990495
1.40529
-1.41596
-0.466697
0.0228655
-0.420701
0.326434
-0.652919
0.122112
-1.11416
-0.0783614
-0.00128141
0.343519
0.567356
0.322909
-0.453811
-0.975029
-0.198279
-0.144402
-0.371903
-0.26769
-1.79847
-0.0884539
-0.486032
-0.654143
-1.05682
-1.11825
-1.0288
-0.94099
-0.33353
-1.29337
-1.12518
-0.835127
-0.286112
1.08569
-0.729756
1.16601
0.537561
-2.14039
-0.569809
1.15863
1.28652
1.52819
-0.839795
-2.27254
-0.128917
-0.459687
1.45279
0.27621
0.221015
0.411507
1.18271
-0.519875
-1.34998
2.56992
-1.50539
0.0481146
1.92684
-0.267343
-0.39211
-1.19173
-3.15907
-0.0440822
-0.423346
0.130432
0.162552
1.34949
0.158109
-1.18626
-0.645758
0.625338
0.314924
0.734319
-0.1144
1.49234
1.23154
1.17674
1.67197
0.287487
-1.1338
-0.389482
-1.36843
-0.27592
-0.846017
0.381247
-1.52322
0.375979
-0.369424
0.507628
0.486818
0.772336
1.35363
1.50469
1.00961
-1.70655
-0.0290792
1.34389
-0.551641
-0.0171649
-1.19715
-2.72629
0.696825
-0.364442
-0.00493451
-0.772547
-2.76998
0.887461
0.625023
-1.31071
0.422154
1.98388
1.90229
-1.59063
-1.31189
0.321065
-0.651943
-0.836547
2.1355
-0.0089878
-0.453171
0.0627953
-0.462348
-0.0568847
-2.56409
-0.540172
1.234
-0.353726
0.124386
-1.36288
-0.810172
0.598598
-1.0359
-0.466011
0.480384
0.188629
-0.662543
-0.913859
-0.421156
1.05839
1.3362
1.27389
-0.392323
1.27018
-2.26061
-0.62631
-0.303358
-0.748261
0.612491
-0.498324
-0.617565
-1.57234
-1.4548
-0.0473773
0.223363
0.637618
-2.66896
-0.904358
-1.77787
-0.170062
1.57108
-1.14479
0.214189
0.580149
-0.0127933
0.662869
-0.184537
0.96705
1.12016
1.02261
2.24109
-0.77399
0.383896
-0.584404
1.44581
-1.16134
3.3955
0.563983
0.850252
0.577497
-0.592934
-0.248807
-0.142599
-1.70444
0.367354
0.966799
0.407387
1.60997
1.23432
-0.899413
-1.04576
-1.75361
0.0800172
0.116623
-1.313
0.884831
0.653409
-0.174241
-0.981647
0.332643
-0.776591
0.117735
0.507478
-0.411376
3.27573
-0.640155
1.42794
-1.01968
0.924064
-0.549777
-0.729539
-0.310057
-0.620706
-1.26642
2.30012
-0.0843169
-0.540946
0.0218005
-1.30882
-1.63168
-1.69153
-0.529518
1.05547
-1.01684
0.769694
-0.447559
-0.0244704
-0.81501
-0.851905
0.0852618
0.343628
-0.70387
0.966997
-0.820146
-1.28769
0.669484
1.42863
-0.601878
0.596391
-1.4312
-0.620451
0.126933
-0.624134
0.320297
0.809665
1.3203
0.497661
-0.992392
0.359159
-0.783978
-0.859107
0.595765
-0.187036
-0.175549
0.60527
-0.963931
0.354115
0.992586
0.52871
-0.687716
0.772126
1.12616
0.747124
-0.0758166
0.361464
-0.512892
0.454415
-1.19206
-0.15388
1.01486
-0.542413
-2.15354
-2.38733
-1.05379
0.933028
0.994239
0.814899
0.931224
-0.951128
-1.28126
-0.350782
-0.306358
-0.178566
0.518712
-0.604332
-0.599198
-0.170583
0.509276
1.52487
0.468168
-0.32038
0.269168
1.84222
-0.768833
-0.0247787
0.048063
-0.362395
-0.140746
0.144468
-1.69522
-0.708558
0.17435
-0.602135
-0.549452
1.28128
-1.42392
-0.270646
0.750537
-0.355118
-0.0737025
-0.628285
-0.39607
0.453632
-0.84607
0.698762
1.04522
0.218283
1.00608
0.0229369
0.660764
0.445581
-0.259137
0.0458589
-1.81294
2.01906
0.694976
-0.0687845
1.49675
-1.5241
1.44674
1.48671
-0.251036
-0.525612
0.728724
-0.178236
-0.836606
-0.00460119
-0.84039
-0.899103
0.808292
-0.824557
0.79051
1.3358
0.809832
-0.436455
-0.646672
1.23627
1.23162
1.18035
0.905692
-0.66317
0.515356
0.488439
-0.453412
-0.381558
0.433598
-0.482798
0.523177
0.777944
0.768458
1.5899
0.566765
-0.666219
-0.681308
2.54569
0.916095
-1.80077
-0.320892
0.786787
0.692193
0.696255
0.357095
0.871522
1.95965
0.736644
-0.676603
0.962087
-0.0551755
0.088557
-1.36455
1.52763
-0.965528
-0.563103
-1.28884
-0.530852
0.474471
0.288273
1.43347
1.1907
-0.389851
0.901722
0.9035
-0.984972
-0.934575
0.242269
1.62005
0.78273
0.482982
-0.094165
1.56516
1.79389
0.150833
0.0874851
0.217482
-0.330499
-0.374712
-0.849212
1.20868
0.119148
0.542045
-0.418154
0.43989
-1.11451
0.482599
-1.3813
1.83516
-0.21012
0.41025
0.712329
-0.899295
0.125875
-0.947651
0.0100363
-0.801731
-0.702084
0.600821
-1.23067
-2.30588
0.941076
-0.553665
-0.386416
0.671995
0.78064
1.31741
0.196969
0.718495
0.388112
0.661176
-0.131104
-0.362027
1.53609
0.245511
0.216465
2.06976
-0.513125
1.743
1.4074
0.0675791
1.11414
0.4768
0.528183
0.794918
0.00300923
0.711775
0.0848768
-0.12885
-0.404862
0.700265
-1.0404
-0.773218
-0.0976179
-1.09946
-0.285579
-0.186023
-0.54434
-0.0719062
0.803906
0.649427
2.69956
0.14923
-1.29747
1.28136
-0.703444
-0.34229
0.458853
0.906326
2.68668
-0.93455
0.115333
-0.0949517
-1.20619
1.1898
1.36212
1.72707
-2.653
0.25708
-0.538394
-0.77429
-0.94175
-1.68131
-2.04565
0.59077
-2.13588
-2.26493
1.66809
-0.413556
0.650066
-0.520989
0.251597
0.207298
-0.825236
0.270663
0.397283
0.839597
-0.581705
1.45401
-0.298741
-0.678277
-0.306502
-1.85467
0.128394
-0.823331
0.585994
0.372644
0.233045
-0.758896
0.0714693
-0.502286
0.844157
-0.0434754
0.887508
0.888288
0.102672
-1.24653
-0.905261
-0.509732
0.583313
0.746043
-0.623073
1.08377
-0.306009
-1.62322
-0.838455
-0.285772
0.196907
0.911843
0.925572
-1.70668
2.00558
-0.232327
-1.56069
0.889885
-0.319751
-0.577352
0.469221
0.443285
-0.599536
-0.327195
0.796812
-0.108816
1.50815
-0.789821
0.385289
0.442802
-1.49435
-1.11158
-0.58625
-0.243692
-1.37605
-1.79204
-0.760579
1.23871
1.00614
1.55878
-1.50688
-0.360594
1.41121
-0.965021
0.962024
-1.17727
-1.42595
0.0131858
-1.1818
0.564557
0.761598
-0.770328
0.68778
2.39548
-1.20371
1.11005
-0.140563
0.579886
-0.62463
-0.541294
-1.49913
0.917414
0.494735
-0.799184
-0.689792
-1.52028
-0.849346
-0.717572
0.797993
-0.992723
2.03208
0.985625
0.651211
0.193779
1.65647
-0.640504
-0.0191569
-1.04231
-0.866817
0.0124512
-1.10435
0.762679
-0.829062
1.28859
0.905192
-0.089193
1.32457
2.09169
-1.59877
-1.27945
0.506001
1.01215
0.409917
-1.3034
1.00561
0.443168
-0.597594
-0.169912
-0.00377066
0.979536
0.659525
-0.100056
-1.76402
-1.41866
0.7412
1.76407
-0.613411
0.485151
0.155937
-0.194139
0.603701
1.43877
-0.462743
-0.772048
0.0956975
-2.06712
0.262066
0.517388
-0.83634
-0.267919
0.389307
0.138358
-1.8136
-0.0853979
-2.09662
0.134743
-0.282287
1.15445
-2.19982
-1.39841
-0.085996
-0.947712
-0.688748
0.615508
0.704477
-1.0119
-1.31532
0.786438
-0.164163
0.247992
-1.86162
2.30671
0.406644
-0.174987
-0.794108
0.401886
1.55716
-1.10257
1.77989
0.566014
1.71695
-0.456957
-1.34959
-0.632001
-0.317527
1.22139
2.36564
1.05165
0.149719
-0.302273
0.262053
0.761551
-0.00433384
0.0377302
1.41621
0.599213
-0.889793
-1.2692
0.290273
0.45303
2.43136
0.805842
1.91005
-0.302296
0.77271
-1.40437
-0.156571
-0.107329
-1.22627
1.76334
1.7999
-0.166704
-0.0972079
-0.117837
-1.04433
-1.32771
2.45564
-0.250419
-0.56824
-1.75833
-0.262942
-0.223399
0.605793
-1.72119
-1.12168
-1.22027
0.0770585
-0.55166
0.146157
-0.481646
-1.23385
2.27355
-0.000762353
-0.629131
0.199106
2.30868
1.23911
0.332752
-0.174512
1.6416
0.149385
-0.516473
-1.43622
-0.425771
0.586547
-1.67314
0.411134
0.177461
0.360022
1.03046
0.31088
0.182758
0.270242
-2.42415
-0.675368
-1.25268
-1.41014
-2.78445
0.208468
1.51782
-1.04592
0.134392
0.57656
-0.368474
-0.634281
1.2666
-0.426876
-0.949165
0.777505
1.27959
-0.163411
1.58284
0.172091
0.418634
-0.437699
0.84276
-0.732988
-0.0753751
-1.48948
0.878708
0.432207
0.947616
1.63746
1.59418
-1.34514
0.946189
1.14888
-1.49525
0.266723
1.79391
-1.76482
1.04874
1.26726
-1.54577
-0.452424
-0.623626
-0.943185
0.000141832
-0.100765
-0.496423
1.2502
1.3802
1.07682
0.0405479
1.60185
-0.0410002
0.0688527
-0.651921
-0.610557
0.706065
-1.19029
0.155157
0.27741
0.511453
-1.32026
-1.29115
1.66213
-1.08997
-0.617753
-0.0478841
0.866809
1.84404
0.567219
0.433712
-1.12572
-1.90833
-0.954515
-2.39174
-0.612848
-0.812318
0.0923507
-0.176874
-0.372746
-0.824508
1.4735
1.38043
-0.0703468
-0.735216
0.581583
-1.03434
-0.552216
1.30319
-0.279101
2.75418
0.306373
-1.29279
-0.477421
-0.478303
-0.799815
-1.56667
1.22363
0.0075753
-1.56346
0.230496
-0.168496
-0.300345
0.282922
0.222956
0.547427
-0.740047
1.25402
-0.612405
-0.126073
0.838029
1.72046
0.422606
0.89593
-2.04419
1.85065
0.626107
0.793882
0.876718
1.31835
0.108246
-0.733867
-1.00957
0.105707
-0.91581
-0.16956
1.52195
-0.25144
1.46453
-1.00626
0.0479438
-0.372309
-0.575505
-0.564325
0.767729
-0.500106
-2.21568
-0.0495982
0.172489
2.06452
-0.0261734
1.32819
0.309929
-1.11115
0.210225
0.0875764
-1.31897
0.204184
0.580568
0.235178
0.69337
0.482566
-0.412032
-0.121905
-0.101628
0.994982
-1.66763
2.05647
-0.849923
0.109229
0.518202
1.16571
-0.484503
1.24825
0.380859
-0.144328
-1.21081
-0.195433
-0.0328092
-0.0277466
1.30663
-0.795987
-1.06608
-0.196703
0.951428
0.290202
-0.405137
0.0791445
-0.239862
-0.0383935
-1.16755
0.349239
0.477475
-0.669435
0.418497
-0.97688
0.647031
1.88311
-0.831984
0.300447
-0.810049
1.19235
-1.11073
1.14125
0.21047
-0.248205
0.772089
0.258062
-0.573415
-1.58207
-0.0819441
1.76409
0.314312
-0.87042
-0.910071
-0.579734
0.964642
0.384399
-0.948057
0.484225
-0.652245
0.492651
-0.239296
-0.431035
-1.09101
-0.267155
-0.799705
1.90714
-0.651833
0.0599421
-0.218076
1.97615
0.708912
-1.86104
-0.626504
-1.28296
-0.273185
-0.141799
-1.09631
-0.731442
-2.08342
0.597946
-0.416816
-1.11444
-0.202973
1.01708
-0.375371
-1.47883
0.55119
0.536323
0.546847
-1.30838
0.154721
-0.895333
-1.53595
1.77993
0.170557
0.505649
0.0280345
-0.688987
-0.202475
-0.438649
-0.388397
0.0717844
0.809794
0.19345
-0.314034
0.0969884
1.40834
-0.728373
-0.617692
-0.273624
0.716609
-2.01388
-0.183825
-0.191796
0.648296
-0.177754
2.61626
2.08721
-0.461108
-0.32839
-0.936476
-0.957777
0.690837
0.292736
-0.930368
0.702636
1.39513
-0.109983
1.10849
0.824036
0.814105
0.126585
-1.19045
-2.5613
0.256563
-1.09153
-0.783467
-0.956537
-2.97348
0.664333
1.52889
0.684326
0.432235
0.815635
0.116825
0.805118
0.0503661
-0.0567802
-1.16154
-0.714275
1.31866
0.670551
0.425273
1.62647
0.152726
1.09703
-0.782583
1.88295
0.0942033
-0.381487
0.229867
0.204828
0.447104
0.199251
0.539026
0.0871003
-2.2199
0.176002
-0.297526
1.45113
-1.21588
0.262364
-1.82248
-0.631654
-0.182613
0.88926
-0.400389
-0.452611
-0.827701
-1.21019
1.05431
-0.825256
1.24327
0.427762
0.677483
2.75087
0.630134
-0.717249
-0.179067
-0.647226
0.265138
1.18589
0.102141
0.0838101
-0.571495
0.234837
1.48102
0.103016
-0.238011
-0.313182
0.69209
-1.60292
0.727734
0.990672
-1.21016
0.740483
-0.415759
-2.24498
1.27707
0.0688914
-0.191391
-0.315296
0.0776684
0.838895
0.0146231
-0.261471
-0.698955
1.11111
-0.618313
-0.429096
0.686251
0.379317
-0.778596
-0.809088
0.0112456
1.63014
1.16768
0.6145
0.110976
0.637789
-0.361417
-0.700578
1.1323
-0.902893
0.461504
-0.332368
0.31874
0.544669
-0.312263
2.53025
1.42923
-1.39197
0.155734
0.127753
-0.803384
-0.0817633
0.496208
0.780774
-1.29833
-0.534487
-0.746959
0.0403226
0.282123
-1.3042
0.127307
0.91919
0.773369
-0.763592
0.812698
0.147152
0.265872
-0.300581
0.903455
-0.281716
0.899737
0.654137
0.58452
1.40464
-1.92103
-1.63198
1.02297
1.06597
-1.36565
-2.34815
0.674341
-1.12694
0.714949
0.79297
-0.510792
-0.267763
0.681571
-1.23034
0.89206
0.0581819
-0.733024
-1.82782
-0.641961
0.671896
0.166631
-0.560435
1.23821
-1.15196
1.79797
-2.14944
0.8884
0.256054
-0.698432
0.48299
-1.02892
-0.431313
0.187986
-0.152807
-0.897891
0.317709
1.14196
0.88357
0.0202347
-0.50236
-1.77701
-0.131022
-1.35639
0.193413
-2.25075
-1.32088
-0.267382
-1.41236
0.800434
1.50676
1.61603
0.58829
-0.82168
-0.371836
1.00556
1.69357
-0.985927
-2.57762
-0.655131
-0.251636
-2.15975
-0.740509
0.0222132
-2.49065
-1.79984
1.97001
-0.96924
0.137838
-0.257806
1.4533
1.6291
-0.710319
-0.789654
-1.14495
-0.204449
-0.550136
3.03832
1.40697
1.23881
-0.173345
0.053025
-0.0872861
-0.0217024
-0.173549
-0.287982
0.5246
2.44499
-0.258184
0.190603
-0.801954
1.2426
-0.945997
0.603272
-0.637106
-1.89898
-0.368746
0.562157
-0.563393
0.0197906
0.701376
0.728289
1.78062
2.07556
-0.0342126
-0.137889
-0.741943
1.71728
3.29864
0.223402
1.46931
0.245738
-1.04515
-1.28321
0.943598
-1.18729
0.459963
-0.923713
-0.984931
0.645531
-0.506479
-0.723269
-0.479326
-0.837644
1.6744
0.368363
-1.31798
-0.967656
0.212649
-0.199653
1.53798
-0.806222
1.3152
-1.12446
0.263615
0.39695
0.453233
-0.203618
1.31596
-0.211546
-1.39523
-1.19666
-0.169856
-0.241351
-0.388749
-0.52628
0.172906
0.398218
-0.357663
-0.0354251
2.03931
0.0232791
1.76565
1.1248
-0.910545
-0.0364111
0.784855
-0.288951
0.400249
0.387991
1.88575
-2.03705
1.77037
-0.547826
-2.44994
0.0470165
0.0400072
1.74296
0.479158
0.746476
0.487297
1.20372
0.788488
-1.16319
0.00959488
-0.323321
-0.129643
0.0931411
0.970894
-0.607714
0.418912
0.0878558
-0.0340614
1.38154
-0.73499
-1.82116
-2.72162
1.75017
1.26513
-0.984329
0.240617
0.669048
-0.101267
1.39702
0.180655
-2.15737
0.848269
0.0409036
0.388451
-0.500601
-1.09764
1.16456
0.875374
-0.0219802
0.969447
0.395725
-0.219678
-0.221561
0.315502
1.59197
0.074688
0.587277
0.420637
0.620821
-1.11148
1.08588
-0.454161
-1.09238
-0.251551
0.299254
-0.78202
0.495022
-1.77183
-0.146826
-1.79935
-2.00515
-0.471346
1.25581
1.17634
-0.153801
-1.34744
-0.171367
0.740485
-2.03337
-0.943825
-1.00102
1.09387
0.758353
-0.387993
0.642607
-0.0212212
-0.99708
0.156237
0.727263
-0.652533
-1.83054
0.139002
1.99494
0.329215
-0.545094
-1.86034
1.05064
0.181671
-0.86505
0.770525
-0.810381
0.36484
0.468017
0.763217
0.383005
1.38613
-0.0360558
-0.401534
0.199093
-0.877583
-1.27161
-0.0791502
-0.782695
-0.782069
0.516425
0.821291
1.29307
-0.25336
0.262278
-0.510227
-0.00850321
-0.0680087
-0.360666
-0.275007
1.33377
-0.384731
0.517003
-0.751669
-1.62285
0.431399
1.19119
0.55731
0.318724
0.409738
-0.586681
1.39998
0.783638
0.87409
2.18797
-1.46073
0.183862
2.01641
0.263659
-0.0858052
-0.627994
0.360028
0.329039
1.82233
-1.95256
-0.5299
2.27155
1.59822
-0.792758
0.257177
-0.178629
0.109744
0.178046
0.185759
0.329196
-1.66452
-0.367307
-1.57274
1.44109
2.41501
-0.382968
0.892885
-0.986405
-1.54762
-0.18782
-0.224907
0.373662
0.747174
0.400671
-1.12934
1.29731
3.24059
1.57003
0.39613
-0.988212
1.19776
0.275223
-1.94677
-0.468394
0.33694
-0.379489
-1.45733
0.138281
-0.493608
0.192461
0.651919
-1.24071
0.054261
-1.15957
-1.57002
-1.33193
1.51256
-0.886297
-0.234232
0.113587
1.14395
-0.655789
0.246715
1.77741
0.752702
-2.20948
-0.373544
1.33791
0.921613
-0.63085
0.502276
-1.41976
0.229074
-0.298304
1.19173
-1.01916
0.176085
0.110951
-0.188765
0.0562429
0.274185
0.373335
-0.024854
-0.378323
-0.363521
1.34933
-0.20168
0.839259
-0.542404
0.612246
-1.38192
0.303231
-0.359539
0.739233
-1.21827
0.499645
-0.850794
0.313232
0.400142
-1.30651
0.206009
0.953336
1.53706
0.416449
-1.16108
0.469142
0.590241
-0.245036
-0.482058
-1.19487
-0.502137
-0.396651
2.39573
1.50006
-0.5774
-1.13195
1.14317
-0.0354192
-0.961274
1.7603
0.818949
-1.1459
-1.94594
1.21913
-1.30375
0.170732
1.05123
0.934308
-0.819834
0.845097
0.587708
-0.609274
-0.483093
1.65914
-0.651837
2.94902
0.226018
0.307056
1.38526
0.868239
1.55139
0.281344
1.2891
0.205168
-0.523915
-0.560352
0.444398
1.48889
-0.289793
-0.0591972
-0.803598
-2.01283
0.684235
1.48721
1.54558
0.953742
0.377612
-0.212124
1.38159
0.74621
1.26156
-1.03828
-0.506033
-0.495665
0.863783
0.928472
0.783151
-0.446567
1.34523
-0.639343
0.176807
-0.56526
0.409316
1.18707
0.881839
0.692221
0.0625154
-0.57934
-2.03801
-0.102049
-0.128236
-0.0581943
1.5131
-0.408438
1.32158
1.05275
-0.643525
0.717692
1.01185
-0.463889
-0.920894
2.20631
1.42985
-0.255195
-1.58869
0.821376
-1.27237
0.151349
0.584436
-1.75412
0.852286
0.969698
0.280406
0.200664
-0.448581
-0.112155
0.11985
-1.20111
0.0916794
0.57646
-0.955827
0.938093
0.954043
1.37453
3.21823
-0.747564
2.31893
-0.156664
1.303
-0.178498
-1.14437
0.33422
1.93841
-0.463415
0.614509
0.365721
-0.278403
0.399923
-0.0900468
0.261502
-0.920349
-1.19737
0.61121
-0.724102
-0.161151
-1.0839
0.497811
1.33315
-1.79834
-0.276824
-1.07734
0.834117
-0.0574832
1.09258
0.767204
-0.0442004
-0.146776
-0.763858
0.368888
1.11607
1.98178
-1.80298
0.53526
-0.459568
0.476949
-0.93466
-0.052794
-1.02305
-0.0880564
0.87947
1.75775
-1.57463
-0.153945
0.465278
-0.107721
0.440203
0.439024
-0.0103613
-0.777681
-0.773218
0.0243353
1.11036
0.27586
-0.780817
-0.827151
0.338265
1.56157
-0.459786
-0.572397
-0.262858
0.313993
1.15651
-1.48831
0.45146
-0.0221737
-2.10946
-0.309622
0.0488371
0.630006
0.831964
0.536596
-0.0371992
0.429256
0.882594
0.234667
1.32536
-0.460696
-0.781427
-0.527974
0.210838
1.44635
0.166724
1.15113
2.03836
0.617853
-1.87575
0.465858
1.20537
0.991114
-1.11356
-1.21232
-0.152911
1.47406
1.39071
0.927938
-1.52183
-0.999402
0.370768
1.08388
-0.41882
-0.555584
-0.863979
-0.063174
-0.534347
1.87321
-1.92589
-0.772692
1.06063
-0.306937
0.427226
0.661958
-1.54231
-0.31577
-1.25205
1.09636
0.482797
0.461283
-0.414853
0.424061
-0.60406
-0.54599
-0.426493
-0.807801
-0.77668
0.718253
0.319015
-1.44432
0.904187
0.912541
0.577437
0.179204
0.173632
2.42267
0.101655
1.67386
-1.78249
-0.431632
-0.270464
1.38045
-0.641401
-0.177648
0.141979
0.654276
0.171619
-0.619207
-0.765154
-0.610905
-0.697902
0.651737
-0.185303
-1.77961
-0.0387005
-0.673556
1.09102
0.3791
3.97387
0.354476
0.0323569
2.82512
-0.0891807
-0.170701
0.719192
1.46993
-1.21197
0.849128
0.371105
0.122297
1.38236
-0.125616
0.0601359
0.435796
-0.138697
0.25921
2.10763
-0.86067
2.26056
0.981912
1.42357
0.548764
-0.628162
0.147598
-0.590314
-0.582132
-0.861196
0.0880847
0.461422
-0.531378
-0.0907875
1.23981
1.15297
0.00326814
0.632323
1.56883
-0.120878
-1.37497
1.08452
0.653843
-0.898674
1.55401
-1.06458
0.814256
-0.882753
0.694117
0.297024
0.795704
-0.430552
0.144111
-1.32609
-0.870974
-0.645944
0.80646
1.23893
-0.786191
-0.682818
0.367427
-1.56431
1.53108
2.57797
0.583827
-0.226386
-0.161327
-0.350234
-0.270057
1.11123
-0.828538
-1.32024
-0.0534683
-0.679427
-0.629334
1.74898
0.142391
2.02661
0.21746
-1.99644
0.574054
-0.0594415
0.466249
1.04856
1.91892
-0.243692
-0.699724
-0.0961614
0.299815
-0.705003
-0.75583
-0.216589
0.219841
-0.228105
1.88582
0.268241
1.73929
-1.29917
-0.935201
-0.363785
-0.228477
-1.14574
0.0249749
1.0827
-0.0912844
-0.51712
-0.864157
-0.155929
-0.0989656
-1.46442
0.835137
-1.57659
-0.829053
-1.94206
1.46815
-0.774278
-0.0563268
0.07228
-1.45756
-0.286586
0.769703
-0.232153
2.15249
1.0543
-0.787634
0.883639
0.855382
0.669116
0.421186
-0.876518
0.224448
0.307722
-0.564546
-0.174246
0.121428
-1.06659
-0.0197914
-1.53752
1.18016
-1.05732
0.235099
-1.4644
1.94795
1.81438
0.0953115
0.191562
0.768535
0.215101
0.858305
1.12987
-0.728073
-0.165258
0.654783
1.28409
-0.151613
-1.32587
-1.62085
1.22364
-1.14923
-1.5151
1.28979
0.536604
1.32369
0.755483
1.58051
0.418633
0.591774
1.45532
-0.360022
1.41997
1.39668
0.616324
0.241762
-1.78216
-0.443734
-0.123288
0.276726
-0.160776
0.978895
-0.459809
-0.395392
0.00737352
-0.548877
-1.25658
0.527337
1.12164
0.372839
0.0260491
0.445922
0.262763
0.936625
-0.458277
1.73555
-0.207522
-0.584419
0.0419361
0.484822
-0.66737
-0.404085
0.137389
1.24988
-0.558606
-0.352461
-1.83336
-0.622725
0.330473
-1.44438
-0.5598
-0.246638
0.338523
-0.980553
-0.795208
1.75445
2.11151
-0.546592
0.348514
0.248161
-0.00416738
0.339038
0.634186
-0.579751
-0.616969
0.0113162
-0.467059
0.322295
1.70727
1.04597
-0.595148
0.477395
-1.58645
1.22759
0.216475
0.212566
0.0136309
-0.662734
1.3323
0.434355
1.06623
0.421397
-0.83642
0.0111145
1.7617
1.33468
-1.06189
0.213825
0.00901835
0.633936
-0.155973
-1.52192
-0.909996
-0.0592101
-0.838107
0.823493
-1.06302
-1.69213
-2.17114
-0.424069
-2.09479
-1.1209
0.610067
-0.424365
0.876883
-0.949121
1.80418
0.0233779
1.58276
1.08483
0.0943514
0.0273637
-0.44706
1.84947
0.348332
0.0414847
-0.982378
-0.219969
-0.350686
-0.595072
-0.586218
-1.46565
1.47815
-0.626629
-1.28068
-0.357513
0.572391
0.447166
-0.58339
1.51615
0.0844353
-1.01663
0.461862
0.188922
-0.633006
0.412058
-0.755291
-0.762432
0.496994
0.4509
-0.162403
-2.80395
-0.842993
0.116982
-0.995649
-0.902492
-1.95081
0.164581
0.572969
-0.300423
0.803143
0.188057
-0.589708
0.875703
-0.0638961
0.0720701
1.31181
0.370885
1.20608
0.558175
0.460265
0.982096
-0.295224
-0.666276
0.407085
-1.50556
2.07184
-0.264107
-0.751383
-0.667369
-1.02302
-0.920139
0.0494708
-1.40244
0.530048
-0.651077
-1.4392
0.108361
-0.298686
-0.538269
-0.13073
0.650813
-0.442485
0.110612
-0.416233
-1.40574
1.34025
0.367687
1.06378
1.41246
-0.462669
0.506641
1.31096
1.24663
-0.324139
-0.130752
1.51817
-0.843621
0.217732
0.145964
1.1644
-1.24275
-0.717236
-0.63062
-1.01381
-2.23533
1.10749
-0.278603
0.0017202
1.23273
0.641057
-0.0335009
0.318625
-0.0555227
1.00735
-0.492105
0.268525
0.514064
-0.238952
-0.312354
0.214295
-0.768251
3.08863
1.28868
1.84035
-1.19645
-0.835755
-1.29862
1.66426
0.66803
0.763681
0.51474
-0.386177
0.149142
-0.0603009
0.623836
0.473367
1.53755
0.374339
-1.16871
0.53035
-1.54907
0.362819
0.776533
-0.143184
-1.28886
0.542577
-1.40751
-0.212894
-1.01787
-0.298211
0.609378
-0.218092
0.699341
-0.282474
0.791512
0.22601
1.06959
1.7961
-2.08582
1.00359
2.11265
-0.391416
0.588197
2.25007
-0.121215
-0.105921
0.649509
-0.495258
-0.473855
-0.196231
1.16509
0.459511
1.91148
1.38422
-1.26089
-0.848244
-1.03414
0.892327
-0.0429414
-0.555927
0.227612
-1.13481
-0.767506
-1.04781
0.380392
0.552636
-2.30831
1.76359
-0.317233
1.25671
-0.0298312
0.671503
-1.41442
0.504201
-1.34123
0.409708
1.01437
0.489174
-2.60355
-0.218285
-0.360466
-0.549234
0.665241
-0.158422
0.257498
-0.44728
0.509827
0.698135
-0.223813
0.870341
1.30889
1.45585
0.426241
2.06354
0.138223
0.668353
1.28793
0.566963
1.04965
0.169346
-1.30561
-0.770546
-0.665995
-1.36718
-0.472236
0.420254
2.35258
0.2888
-0.0137678
0.566278
-1.44868
-1.19733
-1.05424
-1.18103
1.49593
1.76578
0.117566
-1.28877
1.45445
-0.220207
-0.093748
-0.487798
-0.101004
-1.07317
-0.967737
-0.904333
-1.37527
-2.10913
-0.29067
0.199019
0.442913
-0.00956637
-1.90059
-1.61002
-1.51832
-0.63296
-0.190367
-1.21395
-0.508966
0.515365
0.671795
0.463335
0.879613
-0.00244687
1.05273
0.305586
1.114
-0.512377
0.0860014
0.828821
0.998057
0.621187
-0.386161
0.319435
0.675815
0.484366
-0.972546
0.245012
-1.2733
0.321365
-0.145369
-0.572583
0.632224
0.029848
-1.73985
-0.844311
-2.62013
-0.548203
-0.160237
0.396802
0.0833425
1.45914
2.36585
-1.65189
0.00542735
1.693
-0.567038
-0.636807
0.127739
0.220359
0.569106
1.16614
0.135902
1.31844
1.118
-0.172829
0.171614
-1.28668
1.02164
0.341027
-1.55505
-0.736221
1.10939
-1.01484
-0.331577
-1.1424
0.282295
1.47832
1.71286
-0.95693
0.786111
0.733655
0.117982
1.48971
2.71778
0.457387
-1.10118
0.343052
0.623363
-0.348744
-1.78871
-0.350164
0.916339
-0.146303
0.865283
-0.696026
-0.676794
-0.151429
-0.738066
0.314799
0.623186
0.807408
1.10801
-1.6279
0.0371254
0.160088
0.310295
-0.8377
0.0731667
-1.29205
-0.420595
0.34284
0.21626
-0.124125
0.197277
1.39928
0.028272
1.42598
0.974173
0.195557
0.354458
0.438867
-1.19971
1.24186
-0.245724
-0.558839
-0.180122
-0.816745
-0.169872
1.18758
0.0400419
-0.593308
-2.00287
0.426282
0.40096
1.84347
0.892953
0.398444
-0.56647
-0.292295
0.693733
1.65912
0.135596
0.456087
0.81927
0.232723
-0.932371
-0.0711241
-0.776255
-0.865183
0.937866
0.128171
1.11154
0.346939
0.429202
0.644374
0.144839
-1.11511
0.130539
0.149693
-0.0751528
1.96037
-0.31659
0.143037
0.294926
1.95782
0.458105
1.29575
-0.511727
0.519033
0.0392246
0.0790669
0.577932
0.038727
-0.0156608
-1.16011
-1.34151
-0.176805
0.19557
1.50177
0.731367
0.286179
-0.150089
0.29456
-0.020132
0.633035
-1.30858
1.17033
0.246944
2.18615
0.0987377
0.084903
0.33033
0.0858298
-1.50456
-0.0630062
-0.121512
-1.58651
0.886484
-1.32157
0.480618
-1.15849
0.965815
0.395284
-1.35914
0.692721
-0.230572
0.0278629
0.597911
-2.06494
1.38937
0.883834
0.118517
1.64879
0.32389
0.528917
-1.22391
-0.741405
-0.358676
-0.461457
-0.566718
-1.93959
-1.62939
-1.10826
-1.34827
0.0186211
-0.69192
0.040922
-0.512338
-0.384281
1.88517
-0.0575668
-0.9757
-1.18742
0.700555
0.884168
1.0372
0.516396
-1.12405
-1.80824
-0.345198
-0.123616
0.0034264
0.513217
-1.0933
-0.589177
-0.807313
2.85455
-2.26787
0.987094
1.11526
-0.979926
0.192845
0.0355269
0.0507579
-0.331037
-1.16719
-0.939894
0.248285
0.82101
0.549115
0.306587
-0.887062
-0.325749
0.547221
-1.05441
-1.01368
-0.0364315
1.68465
-0.0998131
1.53059
-0.133399
-1.00824
0.532083
1.31563
0.481647
-0.871079
0.671222
1.00662
-0.843436
0.0345116
-0.424438
-0.374612
0.327514
-1.65342
1.25521
-0.669808
0.300727
0.0504888
0.282845
-1.51333
-1.18122
-0.0822933
0.325578
-0.882144
-0.660195
-0.872514
-0.882893
-0.277768
0.0390306
-0.139324
0.0983988
-0.739938
1.39814
-1.20959
0.53385
1.92625
0.845513
0.439542
0.125593
1.87151
-0.67202
-1.3287
-1.66611
-0.134337
-0.819062
-0.866361
1.98421
0.918054
0.717765
0.251747
-0.106576
0.235193
-0.61327
0.358683
-0.186754
1.59851
0.723401
-0.045826
-0.60239
-1.27145
0.751082
-0.998896
0.51756
0.0838886
0.236531
-0.653577
-1.32292
0.113492
0.590527
-2.44862
-0.359387
-0.122377
-1.59512
2.46507
1.73981
1.28269
1.46987
0.882154
-0.0270139
-1.77232
-1.87287
0.337186
0.592807
0.766648
1.96103
-0.0011538
-0.376278
1.27721
-1.98035
-0.666144
0.512015
1.09797
0.339401
0.762578
2.66983
-0.177264
-0.259678
-1.22116
0.715159
-1.62993
-0.00779315
0.292709
0.868055
-0.412832
0.119675
-0.368667
0.922455
0.396996
1.81635
-1.20267
-0.159724
1.00482
-0.43591
0.372034
1.12754
-0.911308
0.781186
-0.424482
-1.53045
0.815093
-1.55151
1.74768
-0.452288
-2.36882
0.379844
-1.67831
-1.87476
1.11856
1.8302
-0.807927
-0.271373
-1.8294
-1.12456
1.3348
-0.201799
0.0208922
-0.551874
0.0823403
-0.245519
1.02207
-1.03245
-0.0432223
-1.04239
-1.68411
1.2712
0.0566524
0.398644
-1.21881
-1.50396
-0.76407
0.50653
0.0355689
-0.630206
-1.6238
-0.786228
-0.857044
-0.261516
-0.374776
0.791823
0.493079
1.44716
0.0932536
0.405881
-1.06224
-0.908261
-1.3265
-0.447459
-0.667278
-0.519289
-0.306639
-1.11425
0.308909
-0.467052
-1.4343
0.0544156
-0.31391
1.22844
-1.2989
0.00888997
-0.0929216
-1.34221
-0.211
0.460019
0.433895
0.0585388
-0.825598
-0.58699
0.668972
-0.218537
-0.236983
-1.16197
-0.0479152
-1.01636
-0.734875
-0.454282
-1.24879
-0.243835
2.15059
0.483939
0.0134408
-0.21186
-0.558474
-0.804706
-0.999483
-0.470122
-1.54557
-1.38222
0.0178547
-0.741467
-0.532556
0.838117
0.746256
-0.252542
-0.106101
-0.609864
1.22491
0.173193
-1.16439
0.915642
-0.116974
-1.43138
0.726686
-1.48415
0.790344
1.18445
-1.10888
-2.34246
-1.79522
-0.906437
3.16444
-0.632674
-0.858906
0.621782
1.99899
-0.238538
-1.14663
-0.23776
1.82577
0.00682514
-0.321481
1.78024
0.660571
2.09777
-1.16879
2.21099
0.435627
1.03238
0.813034
-1.42969
0.181195
-0.582782
2.22985
-0.105905
0.249348
2.33327
0.0993889
0.398062
-0.696527
-1.03864
-0.691785
0.450092
-1.56884
0.147328
-0.252506
0.11809
-0.033456
-2.08555
1.94071
-0.15299
-1.54399
-1.20015
2.31115
-1.22135
1.45427
-2.05913
-1.77466
0.717138
-1.24592
0.476545
1.8151
0.264276
1.20399
-0.784455
-1.13759
0.0202688
-0.680702
-1.28992
-0.597812
0.807404
0.175997
1.45422
-0.504704
0.0510905
-0.373574
2.25986
-0.562551
0.333943
0.97119
-1.0066
1.40074
0.0665541
-1.57636
1.12414
-0.512453
1.08912
-0.438917
-0.261943
-0.0672578
0.227912
-0.383825
-1.04321
1.11924
-0.0287651
-1.52904
-1.52398
0.263466
-1.42856
-1.68819
0.377482
-0.23179
1.76559
0.0490063
-0.488336
-1.87575
1.78893
-0.0754212
-1.18309
-1.43259
0.255517
-0.388388
0.847634
-0.132373
-0.00528915
-0.232205
0.10929
-0.285656
-0.0908476
1.43737
-1.63268
-0.804361
-0.52954
-0.158031
-0.525021
2.17133
0.790677
1.04357
0.25402
1.13651
0.898146
0.608033
0.34066
0.860143
1.05404
-0.606672
0.391053
-0.0982111
0.100267
-1.30506
1.84003
0.884393
-0.363296
-1.15374
-0.385393
0.777495
-0.388598
-0.307201
0.710803
1.43611
-1.98339
-1.11354
1.97182
1.45598
0.747813
0.585706
-0.176641
-0.206258
1.04261
-1.52832
1.01328
1.00679
-0.210559
-0.607103
-0.308088
0.337143
-0.0825164
-0.167354
-0.314068
0.068971
-1.06882
-0.639383
0.620042
0.91503
-1.33887
0.611796
-1.15465
-0.775236
0.0214237
-0.922253
-0.444513
-0.593447
0.20834
-1.02399
0.537735
0.612238
-1.69674
0.500259
1.24224
0.0898464
-0.257062
-0.638769
2.53789
0.354435
-0.297881
0.570901
-1.26724
-1.52412
1.59612
0.278973
2.1054
-0.380903
-0.812762
0.756981
-0.470311
-1.88414
-2.35675
-1.17484
-0.653997
0.919207
-0.167417
0.620871
1.0733
1.63919
-1.3815
-0.280366
-0.677618
1.16226
-0.551444
0.0784831
0.819893
-0.333138
2.03027
-0.433958
-1.11553
-0.251773
-0.0605135
1.44697
2.28375
0.92994
-0.0402672
0.405867
0.259112
-1.42499
-0.0699481
0.36175
1.30645
-0.888973
0.616088
0.408991
-1.19075
-0.0679516
0.524969
0.883524
-1.01338
0.258134
-1.17649
-0.457402
1.74673
0.390805
0.0667868
-1.36845
-1.10818
-0.932604
-0.0869405
0.164114
0.175663
-2.14077
0.752404
-0.873986
-1.15342
-0.942558
0.19407
-0.607931
-0.16337
0.625992
-0.481551
-0.48583
-0.640891
-0.539619
0.167131
0.641345
0.203482
-1.41108
1.44434
-1.97837
-0.0110999
-1.39486
0.833063
-0.256485
-0.139506
1.5051
0.3885
0.396504
-0.653898
-0.216886
-0.57341
-0.634053
-1.17172
0.384862
-0.459016
-1.38662
0.759402
0.472833
-0.165803
1.4539
-0.174985
-0.883604
-0.190844
0.533669
0.547957
-0.033292
-0.378696
-0.574647
-1.30774
-0.254161
-0.13618
-1.30584
1.30923
0.541965
-0.813435
0.137055
-0.239801
0.085818
-0.131442
-0.538708
-0.0864392
0.830551
-0.0426726
0.0622584
1.25044
-0.98619
1.2945
0.203257
-0.383526
-0.0728366
-0.730871
-0.314087
0.34554
0.0254256
-1.22984
-0.294953
0.750626
-1.45754
-0.973265
-0.910792
-1.55012
-0.718979
-1.62682
-0.388497
0.514323
1.56132
-1.01922
0.15844
0.549079
1.29039
-0.823201
-0.853938
-0.208323
1.41035
-1.54417
2.43204
2.15417
-1.82863
-0.654051
1.41926
0.878355
-0.317817
-0.199408
-0.261418
-1.1962
0.367379
1.32114
0.425069
-2.02893
-1.23828
-0.870194
0.246184
1.60723
-0.431425
0.935829
1.68625
0.374649
-0.733739
-1.37949
0.976781
0.365328
-0.714071
-0.686261
0.626566
-0.0646757
0.551884
1.20903
-0.582419
0.61695
1.09845
-0.485554
0.582672
-0.738342
0.874831
-0.389011
-2.46119
1.12266
0.137639
0.509948
-0.253535
0.855445
-0.302145
-1.08434
0.0929697
-0.689777
1.18969
-0.154544
-0.439859
0.536107
-0.675993
-1.31043
1.26727
-0.479609
1.88345
1.87961
0.0193901
-0.634498
1.92717
0.446652
-0.224011
-0.742413
-1.65543
-0.502764
0.277
0.673164
-0.939445
0.40816
-0.893087
-0.947269
0.557598
-0.875963
-0.610583
0.184349
-0.568058
0.235088
1.90024
0.713409
0.354782
0.178353
0.998772
0.258904
-0.538603
1.33843
-0.551813
2.77821
0.566901
-0.609383
-0.187306
-0.214136
1.13024
-0.1623
0.153946
-0.127452
-0.365335
-0.201243
-0.36967
0.130116
-0.71684
-0.536176
1.32493
-0.356082
-0.583289
-0.55009
-0.106211
-1.3655
-1.42625
0.319234
-0.326211
-0.0315701
-0.387119
1.69304
0.250306
0.320084
1.42596
1.41257
-1.95552
-0.236273
-0.24377
-0.638921
2.00161
0.293292
-1.18794
0.561609
0.726333
0.295903
0.290704
-0.777699
0.795066
-1.33375
-0.657381
-0.50125
-0.0709325
-0.601991
2.01901
1.0607
0.712635
-0.579098
0.262786
0.344232
1.36521
0.689811
0.0746185
-0.0106616
-0.050841
-0.190763
-0.390372
0.407529
-0.896183
-0.0820568
0.875233
-1.38301
1.27396
-0.0487107
2.32287
0.314223
0.605444
-1.53753
-0.581955
0.531019
-0.459974
0.0410476
-0.688452
0.648736
1.86694
-0.562501
1.30424
0.120056
1.55537
1.1085
0.131473
-0.685958
-0.331199
-0.224931
1.54841
0.096218
-1.47516
-1.037
0.211649
-0.638326
-0.00284
0.124779
-0.310653
1.64381
1.86404
-1.67397
1.33626
0.88728
-1.33766
0.991132
1.11724
-0.884414
-2.49709
1.11708
1.08486
1.71412
1.2767
0.0336755
-2.56781
0.588152
2.02166
-0.711594
1.56435
0.979755
0.985413
-1.52029
-0.0264601
-2.01295
-1.00738
0.73015
-0.0232399
1.39453
0.193474
-1.15022
-0.774239
0.697414
0.0758701
-0.670453
-0.35068
0.353468
1.13984
-0.866899
1.5964
-0.761412
0.460066
0.538296
-1.30248
1.74791
-0.450612
-1.27333
0.488011
1.15077
0.692836
0.0306871
0.109038
-0.95936
-0.101753
0.139089
-1.30545
-0.81208
0.829092
0.815473
-1.4492
0.501937
0.915038
-0.385642
-1.11551
-1.21911
2.57011
1.60788
0.932906
-0.809812
0.919075
-0.089039
-0.710674
-0.478148
1.27647
0.882378
-0.683332
0.788604
-1.76441
-1.64793
-0.203207
1.28501
1.13496
1.22486
1.53347
0.371931
3.32406
1.44319
1.98399
1.4922
-0.300469
0.0582021
1.59152
2.09615
2.35405
0.631349
-0.489312
0.827527
-0.532672
0.741185
-0.831894
0.650103
-1.29159
0.887827
-0.402513
0.567584
-0.519268
-1.75328
0.0175402
0.651853
-2.23808
-2.11069
1.26441
-0.897558
-0.35928
-0.827722
0.551079
0.312518
-1.00993
0.992241
-1.15527
0.0206728
0.661011
1.75096
-1.29136
1.63057
-0.550825
-1.5859
0.934871
0.114238
0.486307
-1.03132
0.426638
-0.159917
1.05708
0.655397
-0.47589
0.484419
-0.202535
-0.837073
-1.55132
1.60365
-0.496834
-0.166883
0.17119
-0.744546
0.0244831
-0.511914
0.884216
0.263659
-0.50498
-0.168144
-0.283871
0.767345
-0.727621
0.284245
-1.51387
-2.28683
-0.626824
-0.838802
1.2993
-0.541909
-0.327003
0.0354725
0.705303
-1.52645
0.820287
0.645029
-0.939558
0.55412
-0.0424652
-0.135548
1.59498
-1.37054
0.974758
1.02686
-1.09185
0.307939
-0.590868
1.82735
-0.0633057
0.549439
1.00383
-1.28879
-0.0565218
-0.961911
-0.607026
-0.509637
-0.184184
0.5877
-1.03208
0.666604
0.470757
-1.09963
0.35299
1.07668
-1.1039
-0.580636
-1.57146
-2.26731
-0.811576
-0.906774
0.783475
0.257588
-1.17336
-0.717496
0.675316
0.0372221
0.706205
0.25116
0.379577
-1.22297
-1.334
1.77664
-0.883231
0.859882
-1.16849
-1.14632
2.17045
0.836308
0.489317
-0.48224
-2.98142
-0.472516
0.702441
1.02649
-1.10087
-0.163679
-0.468753
-0.639359
-1.81031
-0.630145
-1.69895
0.323179
-0.580614
-0.962226
-0.593701
-1.61551
1.00586
-1.6088
-0.276125
1.0575
-1.78303
-0.858901
1.19959
-0.796882
0.939177
0.817925
0.653247
