-0.0435787
0.484623
-0.563344
-0.618815
0.00710677
-0.282396
-0.0300975
-0.48315
0.241981
-0.503922
-0.121855
0.0201837
-1.28059
0.929298
-0.52929
0.583628
0.459126
0.0182327
-0.230418
-0.026035
0.0693532
0.479804
0.780776
0.357492
-0.928285
0.729555
-1.06397
0.836154
0.285708
-1.16013
-0.18401
-0.755759
-0.646027
0.482449
1.1964
0.317024
-0.482346
0.351149
-0.457621
0.283638
-0.348798
0.842548
-1.03351
1.25009
0.2628
1.32786
0.0143636
-0.0979801
1.23686
-1.27273
0.405389
0.43666
0.650988
0.553902
-0.671779
-0.349126
0.873555
-0.635051
0.530771
0.460037
-0.295184
-1.15621
0.521228
-1.43709
-0.646136
-0.278582
0.462879
0.0655686
0.733647
0.11496
-0.584027
0.484199
0.385906
1.12482
0.791874
-0.923006
-0.886105
-1.1081
0.19982
0.323789
0.492694
0.0685387
0.549185
0.0518571
-0.783825
-1.21694
0.298568
-0.130108
-0.118828
0.1912
0.174905
0.0890016
1.24683
1.26892
0.318721
0.16474
0.31021
1.32069
-0.476165
0.956815
0.037794
0.0405003
0.389587
0.880358
0.743842
-0.690863
0.787408
0.50758
0.00590926
-1.00879
0.610781
-0.425971
1.06194
-0.300478
-0.804402
0.478381
-0.380453
-0.183149
0.51123
0.726375
0.0606306
1.4918
0.102729
-0.372758
1.34115
-0.838256
-0.393157
-0.733677
0.123856
-0.942202
-0.353177
0.328021
0.287672
0.151086
0.248767
-0.585826
-1.08485
-1.19337
0.0195989
-0.633984
-0.511319
-0.609693
-0.215308
-0.288199
1.12029
-0.810092
-1.12115
-0.216045
0.323095
0.414157
-0.00803695
0.710162
0.689873
0.746891
0.688384
-0.501322
-0.0781586
-0.81477
-0.424625
0.000111678
-0.0620831
-0.974055
0.24705
0.52534
0.395415
1.61972
-0.0424865
-0.422596
0.699889
0.735471
0.463449
-0.0318847
-1.25228
-0.370836
0.219068
0.0875542
0.380056
-0.284439
0.49582
0.703305
-0.802353
-1.00819
-0.471421
-0.547632
0.446517
0.202365
-0.647429
-0.920443
0.0853837
0.275968
0.75625
-0.170065
-0.421653
-0.197302
-1.40147
-0.40377
0.393414
-0.405808
0.20827
0.528387
0.671236
-0.404093
-0.932446
0.118437
0.0175137
0.288073
1.73623
0.138249
-1.44679
-0.759817
-0.68166
-0.755431
0.0840012
0.249091
0.00520116
0.559906
-0.911745
-0.98896
0.0435906
-0.475073
-0.435824
-1.39251
-0.598774
-1.20786
0.026756
-0.0974055
-0.709318
0.469774
0.980061
-0.181621
-0.834247
-0.407409
-0.272642
0.847345
-1.03937
0.321892
0.761542
1.27438
1.16689
-0.225631
-0.710508
-0.860187
0.943055
0.551
1.72181
-1.29564
-0.61808
1.16042
-1.02238
-0.434735
-0.372132
0.491882
0.633501
-0.00636915
-0.901042
0.341114
1.28749
0.290176
-0.145746
-0.211219
-0.36764
0.962116
0.186091
-0.0113689
0.961747
0.169854
0.643196
-0.123756
-0.338353
-1.0136
-0.483777
0.319246
0.55848
0.593152
-0.383541
0.646904
-0.778945
-0.431066
0.776786
0.061287
-0.921498
1.13392
0.907448
-1.18254
-0.0659418
-0.16416
-0.697478
0.918223
-0.142396
0.454234
0.984672
-0.21642
0.192906
-0.091975
-0.218535
1.39463
-0.528445
0.305983
0.348999
0.690575
-0.986561
1.15703
-1.34793
0.0392316
1.90976
-0.223425
-0.196211
1.02423
-0.145517
0.429608
-1.21012
-1.67955
1.02911
-0.744978
1.31811
-0.109787
-0.826587
0.241534
-0.146621
0.111019
-0.373914
-0.932294
-0.777921
0.0733715
0.164991
0.281837
-0.108053
0.129055
-0.173464
-0.177879
0.4994
0.106388
-0.563246
-0.215273
0.958133
0.751226
-1.44355
0.0123329
-0.270082
1.22087
1.21954
0.184349
-0.497236
0.427407
0.210665
1.01207
0.175418
0.364876
0.411787
0.924676
0.0573397
0.894023
-0.726727
1.11262
0.863696
0.491251
-0.339519
0.613024
0.0348113
0.271142
-0.482083
-0.784565
-0.0753527
-0.335271
0.996764
-0.396092
-0.102202
-0.558387
-0.41588
-0.570255
0.142556
0.694835
0.767436
-0.749733
0.323471
0.149181
0.703004
-1.54986
0.520691
-0.495866
-0.553049
1.25842
1.05992
1.12778
-0.0979568
0.731972
-1.08353
0.0373208
0.0465053
-0.286341
0.0608412
-0.592609
-0.264344
-0.844884
-0.887549
-0.0423107
0.779777
-0.294508
-0.725784
-0.989457
0.0948712
-0.52506
0.643852
0.319206
-0.117074
0.75339
-1.19901
0.406372
0.0265645
-0.272085
-0.158417
0.0765438
0.608964
-1.37038
-0.877993
-0.650135
-0.020164
0.271737
0.930346
1.28757
-0.989228
0.374183
0.294453
0.18076
-1.32932
0.712499
-1.24793
-0.357689
0.828125
-0.271802
0.122889
-0.455058
0.0292252
-0.240058
1.40243
-0.488734
0.350377
-1.00931
0.708883
-0.157781
-0.270505
0.0602519
0.310072
-1.15421
-0.234085
-1.53234
0.791581
-0.25854
0.499923
0.329243
-0.799209
0.165839
-1.29079
-0.851285
0.364428
0.125486
-0.0969298
0.574087
-1.50918
0.190234
0.0726719
-0.741283
-0.735902
0.681071
-0.262768
0.591186
1.38167
0.816793
-0.422873
-1.33636
-0.152013
0.614962
-1.35027
-0.342276
-0.0689686
0.371157
-0.338872
0.10618
-0.537025
-0.0886442
-0.0761522
0.304375
1.59433
-0.355555
0.103528
-0.06858
0.536833
-0.21097
-0.415859
0.246047
0.418233
0.984468
0.250215
-0.270304
-0.863026
0.96401
-0.757142
0.800082
-0.507116
0.129476
0.202503
1.1432
1.03281
0.688009
-0.187058
-0.0332271
-0.277251
0.226998
0.657646
1.30046
-1.07912
-0.338348
0.734765
-0.156299
-0.0913478
-1.13642
-0.0407682
0.628252
0.716479
0.330119
0.652104
0.910871
0.709008
0.774811
1.25617
0.645377
1.38608
0.369388
0.841234
-0.511678
-0.806443
-0.0239185
1.37012
-0.372154
0.676536
-0.477761
0.604402
0.0311865
-0.680708
-0.413823
0.650324
0.117889
0.423386
0.397882
-0.121088
0.0837676
1.25902
-0.762493
0.349662
0.155519
0.97412
-0.695169
0.581758
-0.056181
-0.74542
-0.168289
-0.165922
-1.76769
0.0279021
-1.13553
1.0293
0.133274
-1.6242
-0.840963
0.312156
-0.461207
0.986502
1.41735
0.902473
0.64718
0.362875
-1.30734
1.31622
-0.588688
1.19199
0.0457346
-0.203571
1.16702
-0.345902
0.144648
0.291904
0.14594
-0.793744
0.633531
0.661167
-0.235528
0.369133
0.688751
0.550532
0.806339
1.1321
0.560696
-0.962426
0.251757
1.33123
1.05238
-0.00346322
-0.0869542
0.196544
-0.688891
0.683855
0.0632874
-0.0167313
-0.83983
-0.952413
0.772417
0.45701
0.272703
-0.911516
-0.0789797
0.865212
0.401891
-0.0814706
0.17246
-0.102715
-0.43936
0.102299
0.352821
-0.692748
-0.730008
0.115507
-0.172572
0.923608
-0.328823
-0.449156
0.880825
-0.380247
0.120372
-0.112519
0.422299
-0.265556
0.763027
-1.04922
0.498875
0.0976144
-1.07011
0.213409
-0.489507
0.0744891
-0.124591
0.1578
-0.788817
-0.582706
0.240796
-0.319509
0.321691
1.18015
0.854944
0.271576
0.428554
-0.45729
-0.0832362
0.848728
-0.541261
0.110624
0.109479
-0.231832
0.227254
-0.0295954
-0.145152
-0.343622
1.34527
-0.374144
-0.305903
0.315133
-0.294132
-0.32562
0.860657
0.368446
-1.37787
0.650882
0.770454
0.305049
1.10497
-1.63939
1.1418
1.37047
0.382606
-0.297465
-0.332984
-0.369043
0.637915
0.200441
0.963437
-0.290839
0.407618
0.358969
0.968082
-0.237527
-0.582689
-0.344222
0.568147
-0.00238805
0.634628
0.83191
-1.92561
-0.113823
0.260852
0.0360222
-0.387384
1.21123
-0.410493
-0.31889
-0.323224
-0.392182
-0.330367
0.308436
0.423813
-1.2774
0.0329517
0.517093
-0.521528
0.990199
-0.081918
-0.337759
0.746049
0.156475
0.311307
-0.225957
0.422087
0.60257
0.0113299
-0.742219
0.378922
0.442411
-0.805458
-0.894376
1.45239
-1.22573
0.316531
-0.961487
-0.522735
0.444098
-0.124818
1.17009
0.792916
0.3995
-0.225397
0.200742
-1.20415
-0.463658
0.123544
-1.59499
-1.42163
-0.283307
0.747684
-0.75447
-0.545493
1.61306
-0.252685
-0.521491
0.540574
0.465362
0.368777
0.44129
-0.383619
0.545875
0.343881
0.0103131
0.444079
-0.212511
0.0535194
0.523979
-0.928997
-0.0535314
-0.471822
-0.529381
-0.521874
0.218605
-0.209374
-0.52798
0.111079
0.264716
-0.756911
-0.143832
-1.463
0.396781
0.612403
0.25756
-0.718838
-0.391612
0.143128
1.06873
-0.458072
-0.0877495
0.516692
-0.833491
-0.482773
-0.100124
0.227175
0.821814
0.143583
0.320541
-1.56062
-1.17658
0.210462
0.0919914
0.731924
-0.955676
-0.357874
-0.265704
0.0059943
0.0264074
0.628364
-0.881396
-0.127824
1.10738
-1.05568
-0.425417
-0.443142
0.547387
0.0466735
-0.820259
0.298617
-0.221274
-0.128319
-0.442188
-1.01829
0.514054
0.257415
-0.381355
0.144879
-0.920575
-0.569743
0.210405
-0.0082826
0.133318
-0.449682
1.21758
-0.35213
1.05112
-0.931311
2.00847
-0.0903463
-0.133105
1.55526
0.835906
-1.12091
1.24879
-0.832367
1.42192
0.446042
-1.25567
1.4484
0.798442
-0.554554
0.00385939
-1.23782
0.422185
-0.0286199
1.03078
-0.310584
0.544554
0.458116
0.171612
-0.413175
-0.748529
0.788906
-0.96881
-1.41247
0.0181957
-0.855651
-0.0775432
-0.868242
0.726658
-0.190121
0.34907
0.846039
-1.80479
0.240969
0.449619
1.20565
-0.899477
0.131293
1.53216
0.395393
-0.107203
1.31645
0.662916
0.0271771
-0.81807
-0.57306
0.098772
-0.530059
0.0952941
-0.987602
-0.411487
0.0240009
-0.484646
0.440575
-0.0646818
-1.12279
-1.20484
-0.254339
0.0872604
0.102249
-0.381002
-1.20683
-0.729611
0.992779
0.401086
-0.429209
-0.027017
-1.30171
0.773418
-0.19055
-0.368451
0.719134
0.842154
0.430961
0.0676857
0.404531
-0.361803
0.63075
-1.81013
0.438927
-0.756963
-0.630451
0.505431
0.653842
-1.74544
1.24827
-0.835104
0.787858
0.0963941
0.000357281
0.0467423
-0.0223153
-0.473641
1.09141
-0.544874
0.719224
-0.00826945
0.0208331
0.229375
2.03064
0.022745
-0.196278
1.1096
-0.695445
-0.215371
-1.62192
0.0281523
0.717648
0.21269
0.162288
0.773021
-0.576685
1.08821
0.510085
-0.975
0.0148346
0.262911
0.133993
0.325386
-0.515661
-0.30552
-1.38646
1.1282
-0.344979
-0.382113
0.163746
1.74784
-0.151361
-1.94526
1.41203
0.326274
-0.428619
0.762232
0.18906
1.20386
0.320714
-0.371454
-0.781493
-0.503829
-0.485673
-0.4538
0.585411
1.1307
1.53255
-0.238935
2.11518
-0.0930039
-0.302124
0.437914
0.565048
1.38597
0.714775
-0.992596
-0.206612
1.13095
1.04842
0.545266
0.468485
-0.381219
0.116873
1.42997
0.12387
1.37686
0.214196
-0.976493
0.629653
-1.20369
0.339656
-1.13352
-0.389542
-0.601229
-0.883767
-0.695117
-0.446034
0.378759
-0.345233
0.196747
0.215342
-0.643254
-0.295457
0.580504
0.548148
0.601812
0.306425
0.193722
-0.897139
1.00234
-0.471025
1.40598
-0.731796
0.273136
0.794251
-0.235843
-1.03391
-0.70906
0.646665
0.503788
0.0781151
0.00580624
-0.566723
-0.481421
0.940109
1.56351
-0.547852
1.14863
-0.233948
-1.7627
0.555624
0.0204071
-0.872984
-0.375163
-0.316632
-0.228679
0.27292
0.0802703
-0.17657
-0.000909312
0.815473
0.0301782
-0.53525
-0.140715
-0.539757
-0.259899
0.544082
0.572606
-0.106845
0.990188
1.02918
-0.0512099
-0.415129
0.697116
0.52925
0.37111
0.728494
-0.159426
-1.30943
1.19577
-0.313566
-1.31032
-0.691324
0.0814984
0.793002
-0.325349
0.316123
0.251788
-0.572018
-0.367891
0.569026
-0.194473
1.14936
-0.788762
-1.13614
-0.349757
1.72311
-0.202077
1.16562
0.45173
0.798672
-1.69397
-0.726784
0.172608
-0.504254
-0.000539024
0.273443
-0.775822
0.564628
-0.159987
-0.269322
-1.01092
1.23422
-1.65651
0.212952
-0.830052
-1.10984
0.101291
-2.18489
-0.861168
-1.43175
-0.465919
-0.281281
0.999103
0.766812
-0.216038
-0.0898536
1.49255
0.422756
-1.29071
-0.149613
0.0569394
1.03854
0.355142
0.942794
0.894107
-0.158145
-0.356569
-0.223973
0.0370231
0.213755
0.0188998
0.342341
1.34808
-0.124316
0.923095
-0.0746675
0.694161
0.174148
-0.945261
1.19202
-0.279201
-0.827606
-0.98746
0.541275
0.970043
-0.684615
0.125178
0.538728
0.316048
-0.193447
1.10354
-1.3784
-0.35946
-0.402986
-0.303814
0.000198922
1.60387
-0.735581
0.402408
-0.0249451
0.11407
-0.800679
1.61121
-0.594914
0.0221314
-1.46955
-1.20005
-0.329836
-1.30899
-0.502447
0.521993
-1.10351
-0.365211
-1.84012
1.35075
0.108441
0.804882
0.517922
0.736996
0.661783
0.325577
1.806
0.134347
0.15312
-1.03475
0.43084
-0.598273
0.0520124
1.36848
-0.866042
-0.185515
0.126734
-0.980487
1.07486
-0.15712
0.451502
0.0437159
1.03217
0.478068
-0.272658
-0.0878453
0.868031
0.176008
-0.394655
-0.19794
0.479926
0.461657
-0.826419
0.511511
1.72326
-0.496716
0.435317
-0.225358
-0.295482
0.256467
0.371456
-0.602132
0.0312133
0.117451
-1.55378
0.299753
0.0169895
-0.122437
1.14338
-0.101602
-0.486827
0.393321
-0.319371
0.202322
-0.448949
-0.17703
0.597356
1.18343
-0.429525
-0.470626
1.37247
0.0618604
0.659326
-0.00768125
0.57891
-0.387289
-0.285619
-0.531043
0.00810532
0.809243
-0.146261
0.139448
0.859392
-1.55612
0.101916
0.571883
0.473076
0.499954
-1.03758
1.72227
-0.521217
1.42664
-0.118922
-0.43258
-0.708785
0.185465
-0.00176231
-1.72197
1.01156
-0.108395
0.2792
-0.510428
0.795074
0.19388
0.0786362
-0.269116
-0.924572
0.0230501
-0.246501
-0.644791
0.58996
0.544464
-1.34288
0.117676
-0.219897
0.344859
0.677665
0.851457
-1.67323
-1.62841
-0.36657
-0.69247
0.31042
0.0639913
-1.75776
-0.488627
0.0765583
-0.367932
0.195681
-0.848875
1.42298
0.939986
0.00368748
0.0983942
-0.280894
0.795187
0.79
0.774666
-0.972649
-0.74327
-0.363565
1.95339
-0.49658
-0.355238
0.00998616
-1.17874
0.125184
0.368355
-1.2781
-0.0201491
-0.975339
0.59436
1.50783
0.224549
0.530053
-0.370949
-0.899726
-0.0961238
-0.752665
0.223428
0.533046
0.0786258
-0.715216
0.606985
-0.524864
-0.865677
-1.20314
0.320722
-1.13042
-0.215456
0.951131
-0.386347
-0.870546
-0.322864
-0.45692
0.0609214
2.04294
-0.349521
0.336061
0.422525
0.0976794
-0.62946
-0.469801
0.746235
0.167137
0.346607
0.223919
-0.740743
0.462567
-0.17079
-0.67675
0.65447
-0.0251591
-0.199008
0.0711167
-0.210159
0.709944
-0.133542
-0.0946093
0.0700419
0.242968
0.0675849
0.408984
-0.0122613
0.0428824
1.69711
0.342067
0.634381
0.168321
-0.960879
0.135505
1.0764
-0.0720469
0.521046
0.88907
-0.541952
0.138516
0.0606925
0.0695139
-0.151284
-0.198931
0.922708
0.0786788
-0.726585
0.335341
0.704258
-0.173797
0.118649
0.223839
-0.2796
0.438911
0.0748708
0.00360637
0.545217
0.0311513
-0.600284
0.915058
0.727031
0.00356791
-0.00915854
-0.910683
0.393936
0.291074
-0.385512
0.338162
0.0875135
-0.356431
0.160496
-1.79057
-0.761389
0.0835275
0.602097
0.532576
0.449171
0.0650294
-0.667517
1.03407
1.0724
-0.211405
-0.121578
0.228428
-0.41202
-0.30441
-0.650286
-0.927986
0.228165
-0.0308823
0.0755911
0.171988
-0.732928
-0.687712
-0.441275
-0.282303
0.454504
0.158573
0.682926
0.02092
0.133053
1.06874
-0.552915
0.0666617
-1.3622
-0.709792
-0.60099
-0.107212
0.253763
1.03504
0.226178
0.115404
0.0225213
0.0480897
0.685625
-0.309755
-1.03658
-0.520917
-0.410662
0.451792
-0.78215
-1.01996
-0.522205
0.50824
0.341262
0.376154
-0.0620514
-1.66553
-0.0628924
-0.779637
-0.111154
-0.760815
-0.146881
-0.298336
0.951833
0.341178
-0.31085
-0.000176452
-0.986699
0.192755
0.876033
-1.39119
-1.12481
-0.0729796
1.07434
0.853541
0.0348971
0.291467
0.601793
0.44471
-0.225535
0.856132
-0.425298
0.143913
-0.381147
0.210661
-0.562718
0.764472
0.819447
0.333145
-0.980745
0.588481
-0.404345
0.0357798
-0.437943
0.167093
0.0244854
0.997229
-0.36398
-0.0814448
1.18322
-0.754993
2.04944
-0.478764
-0.702113
-0.580754
1.00686
-0.266296
0.26294
-0.923461
0.158475
-0.814091
0.178057
0.0790504
0.536415
1.00372
0.239053
-0.699349
1.10785
-1.02362
-1.28784
0.287135
-0.399152
-0.415147
-1.14402
0.315093
0.13904
0.388969
-0.48305
0.119558
0.30399
0.561215
0.597494
-0.181312
-0.792321
0.296522
-0.163977
-1.21646
0.433533
-0.358486
-0.0965732
0.0167681
0.0483941
-1.17891
0.312693
-0.8088
0.566894
0.622282
-1.80981
-0.34021
0.287033
-0.024475
-0.542762
0.00609995
0.875534
-1.12041
-0.283109
0.865301
-0.521581
0.103115
-0.517376
1.27023
0.114964
0.257582
-0.00944986
-0.592343
-0.226052
1.22563
-0.432519
-0.690401
0.584265
-0.290544
0.70489
-0.482254
0.183459
0.607349
0.660053
0.738609
-0.277584
-0.149849
-0.956461
-0.739272
-0.844835
0.288462
0.125481
-0.277568
-0.20472
0.189154
-1.47726
-0.180738
0.365454
-0.906802
0.964742
0.0722719
0.0149692
-0.368954
-1.31592
-0.0558613
1.08009
-1.28404
0.0644278
-0.416692
0.649983
-0.548973
-0.0518958
1.00218
-0.833389
0.756357
-0.327893
1.01839
-1.85073
0.0136838
0.0243766
-0.290043
0.69862
-1.28975
0.0341106
-0.358057
0.311316
0.660267
0.206351
-0.502347
0.777143
-0.507554
0.394753
0.345019
-0.581485
-1.86209
0.940872
-0.740919
0.152406
1.25694
-0.509512
-0.350247
-0.25745
0.511396
-1.21556
0.240594
-0.442171
-0.265034
-1.12702
-0.0919595
-0.101257
-0.287379
-0.466604
-0.576243
1.19732
-0.652973
0.294467
-1.10901
-0.810771
0.803855
1.94602
-0.239661
1.46881
-0.362041
0.376527
0.189933
0.471915
0.350556
-0.562271
0.72271
-0.209998
1.09748
-0.597498
0.776284
0.195742
-0.731175
1.10584
1.04627
-0.356798
-0.175032
-0.885038
-0.138259
-0.295759
-1.09771
1.47434
0.172214
-1.13263
-1.34428
0.873219
-1.59959
-0.997528
-0.732112
-0.743148
0.333354
-0.931423
0.750677
-1.15094
-0.427433
-0.0581334
-1.28923
-0.534009
-0.194531
0.436539
1.23769
-0.77095
-0.984928
-0.138624
-0.288877
-0.00971296
-0.121231
0.14527
-0.19691
-0.00351383
-0.0814507
-0.357322
0.0398162
0.513233
-0.912663
-1.41067
-1.85049
0.285257
-1.44908
0.788568
1.1452
-1.2092
-0.490858
0.750083
-0.0369939
-0.116398
-0.0846051
-0.489784
-0.413526
-0.835782
-0.391964
0.246407
0.888918
0.742878
-0.473567
0.000675098
-0.470857
-2.08658
0.220239
-0.218862
-0.170279
-0.182008
-1.61205
-1.21088
-0.415094
0.0593524
-0.194736
0.549316
0.614064
-0.756675
0.329253
1.50193
0.463284
-1.39384
1.04174
-0.118446
1.03973
0.755703
0.746041
0.947998
1.0813
0.188759
-0.194323
1.61007
0.469592
0.0249599
0.398557
0.0751672
0.0409036
0.775452
-0.882626
0.325866
-0.976536
0.418849
-0.475341
1.81774
-0.150371
0.239606
-0.100289
-0.116888
0.179028
-1.00291
-0.084629
0.289876
-0.35784
-0.765456
0.178663
-0.273743
0.206632
-0.724464
-0.310918
0.666032
-0.906578
-0.0344342
-0.0140347
0.268272
0.0636089
0.452073
0.189746
-0.492446
0.344664
0.284893
0.260914
-0.067295
-1.40025
0.205965
-0.860533
0.181338
1.02409
-0.807624
1.92405
1.25483
-0.211254
-0.482925
-0.210024
-0.171477
-0.770609
0.882977
-0.0748498
-0.122348
0.0419703
-0.394128
1.08277
-1.61212
-0.561766
1.07239
-0.473734
-0.0784756
-0.386858
0.0456381
1.28055
0.361787
-0.473808
0.0706983
-0.130412
-0.298348
0.759197
0.849437
-0.0655384
-0.548361
-0.338376
-0.518504
-0.206646
0.0868079
-2.20217
0.254494
-1.01355
-0.179666
0.219433
0.00262211
-0.419297
1.07298
0.285463
-0.118643
0.577558
0.426907
-0.341768
0.619058
0.280908
0.0511967
-0.123614
-0.0182823
-0.953764
0.015406
0.351025
-0.397065
0.387878
0.311744
0.0826998
-0.606486
-0.651628
0.314791
0.128241
0.191897
0.144657
0.448638
-0.159605
0.668649
-0.0352531
-0.821727
0.241705
-0.0187454
0.361672
-1.04872
1.20369
0.606757
-0.511692
-0.594168
-0.757804
0.189997
0.0683436
0.90513
1.35665
-1.00417
-0.571291
1.53291
-0.874124
-1.15022
0.502655
0.208893
0.761023
0.512396
-0.470677
1.12592
-0.140782
0.387517
-0.895215
0.74525
0.191422
0.664579
0.809165
0.538699
0.343542
0.181086
0.340352
-0.243098
0.514952
-0.571457
0.264637
-0.0771299
-1.76437
0.567254
0.0308021
-0.271599
-0.0420723
0.71586
-1.07056
0.0544972
-0.0143483
-0.918567
-1.11228
-0.989288
0.194327
-0.743264
0.198466
-0.164019
-0.869142
-1.14962
-0.254532
-0.582448
0.619257
0.0277792
0.633816
0.36924
0.1256
-1.36563
0.702427
-0.00351743
-0.2126
-0.241243
0.849044
-0.704822
0.0248256
0.256699
-0.927826
-0.597441
1.12199
-0.946176
-0.614229
-0.456859
-0.245251
1.5864
-0.117431
-1.49846
0.0611008
-0.470946
-0.70301
-0.0295604
-0.906604
-0.827004
0.44178
0.298647
-1.20461
-0.0220127
0.0118716
-0.809351
-0.361775
-0.325735
1.81124
0.775671
-0.0364941
0.0459597
0.10027
-0.442546
-1.27333
0.13586
0.0298389
-0.972621
0.855174
0.011245
-0.610002
0.605997
-1.2899
-1.25012
-0.104247
-0.855268
0.547158
0.273613
-0.972432
0.445228
-0.226737
0.444253
-0.466287
1.35963
0.028379
0.669875
0.905372
-0.944769
-0.245589
-0.0506227
0.179425
-0.195983
-0.0930527
1.35826
0.242943
0.312721
0.745082
-0.294153
0.132386
-0.726428
1.01546
-1.40092
0.375146
-0.357864
-0.108116
0.859579
-0.0783414
-0.53693
1.58207
-0.867713
0.947192
1.03536
0.59058
0.939599
0.499661
-0.64821
-0.939419
0.517177
-0.665536
0.590627
-0.287824
0.0830223
0.568961
-0.182154
-1.16113
0.36806
0.321376
1.31049
-0.754193
-0.563787
0.269009
0.660171
-0.60692
-0.875522
-0.360418
0.214571
0.763406
-0.0421439
-0.253046
-0.640038
-1.65683
0.912686
0.552311
0.548484
-0.806096
-0.0471118
0.288331
-0.839324
-1.74381
-1.10341
-0.921498
0.158197
0.528466
-0.69869
-0.0183047
-0.477948
0.498769
-0.234253
0.98195
-0.154581
-1.3831
-0.777704
0.739177
0.47786
0.497745
0.703037
-0.0855183
0.628152
-1.58398
-0.335028
-0.0778402
-0.134889
1.22917
0.0539872
-0.204356
-0.0184802
0.00821758
-0.176402
1.16324
-0.186794
-1.59742
-1.75112
-0.532438
-0.427147
-0.104466
0.485123
0.82233
0.589628
0.0181795
0.959182
0.782993
-1.44869
-1.16752
0.486456
1.10527
0.48495
0.350125
-1.23564
0.353704
0.224333
0.40953
-0.0259727
-0.629818
-1.36763
0.334133
-1.36855
0.617394
-0.113732
-0.188475
-0.856616
0.378987
-0.845527
-0.415077
0.0703857
-0.10655
0.134691
-0.234553
-0.488336
-0.559805
1.4784
-0.724042
0.192314
-0.0304412
-0.0402908
0.546862
0.287462
0.921286
0.222782
0.012449
-0.859801
0.323784
-0.717181
0.42251
-0.0516318
-0.34511
-0.317832
-0.175781
0.518094
-0.766905
-0.0345014
-0.843641
-0.510098
-0.0226828
-1.14758
0.74658
-1.96815
-0.851132
0.670542
-0.960363
-0.431778
0.705515
-0.316255
0.698096
-0.228123
-1.11522
-0.515862
1.30644
0.0586663
-0.844466
-0.431133
-0.72891
-0.28342
0.708394
0.59974
0.0732838
0.448502
-0.338844
0.0641213
0.0975715
0.126283
-0.522578
-0.390696
0.248371
-0.923588
0.846917
0.4323
-0.229674
-0.587436
-0.777186
2.06482
-0.471968
0.436898
0.0809924
-1.05849
0.8514
-0.0188311
-0.273733
0.409356
0.504871
-0.38466
0.757281
0.359539
-0.253944
-0.939406
-0.736094
0.350944
0.162202
-1.33915
1.57577
0.715169
0.220506
-1.38313
-0.46101
-0.507543
-1.16526
0.677596
-0.185434
-0.463533
-0.0572731
1.05098
1.54895
1.12984
0.130558
-1.01234
-0.185147
-1.5958
0.625175
0.236472
0.679492
0.442593
0.629399
0.453942
0.133258
0.28435
-0.060108
0.790535
0.887757
0.755725
-0.689059
1.73683
-0.683002
0.506392
-0.192074
0.211073
-0.342409
0.781299
0.361198
0.371745
-1.12263
-0.309396
-0.736627
-0.455335
-0.203734
-0.356146
-0.616202
0.380993
-0.435924
-0.723591
-0.101976
-0.54855
-0.297407
-0.642287
-0.512002
0.972988
1.68135
0.145681
0.403738
-1.27346
0.00615658
0.886273
1.53531
0.369218
-0.319305
0.320937
-0.516511
-0.126284
0.532772
0.958225
-0.0988578
0.328604
-0.385383
-0.210108
-0.0503985
0.626287
0.315536
1.40322
-0.217442
-0.839692
0.322224
0.0483421
1.29861
0.0435669
-0.577042
-0.218673
0.751223
-0.561162
-0.0607418
0.417693
-0.888027
0.0648631
-0.447776
-0.573584
0.306274
-1.02178
0.12431
0.623902
0.338064
0.918336
0.152598
-0.600583
0.103089
0.147324
-1.3602
0.696786
1.15927
0.053352
-0.592315
1.43345
-0.769335
1.35376
0.147727
1.50768
-0.454372
0.944434
0.114156
-0.364622
0.788457
-0.779642
0.803782
0.736049
-1.07591
1.14583
0.975802
-0.497127
-0.315269
-0.15347
0.241609
-0.662675
-0.224673
0.864575
-0.694142
0.923112
-1.08036
-0.141347
-0.577071
1.12989
0.677161
-0.39915
0.842067
0.969501
-1.46906
-0.396082
1.2764
-0.0892424
0.273827
-0.0813395
-0.00806919
-0.664674
-0.768555
-0.461525
-0.678351
-0.229042
-0.117613
0.315435
0.183453
-0.632893
0.633091
0.0788172
0.320466
0.544005
-0.188075
-0.298028
1.09619
-0.462111
0.881576
-0.826902
-0.682496
-0.33861
0.644692
-0.249336
0.467788
0.876347
-0.178276
0.0557331
-0.666546
0.032803
-0.129126
-0.421222
1.43745
1.52447
-0.987507
0.818202
0.233759
0.136229
-0.3504
-0.84655
1.06505
-0.0128679
-0.445158
-0.118452
-0.573291
-0.907789
-0.767122
-1.11609
-1.71305
-0.841089
0.791455
-0.346651
-0.443353
0.655374
-0.602634
-0.211803
0.0570795
-0.790937
0.730102
-0.908561
-0.690205
0.472389
-1.62934
-1.1566
1.14167
-0.262285
-1.5434
0.131329
1.42861
0.601796
-0.415251
0.307513
0.566411
0.779904
-0.110302
0.0142962
-0.717878
0.271582
1.46653
0.573857
0.391303
1.2595
0.0785014
-0.00275062
-0.426806
-0.626486
-0.47166
0.92299
-0.052588
-0.842433
-0.163237
0.2205
1.58252
0.8261
-0.61437
-0.38843
-1.61626
0.0723043
1.00783
0.50276
-0.528304
-0.252715
0.513421
1.0117
0.667736
-1.11526
0.389535
0.454409
-0.000814047
0.387245
0.746044
-0.406973
-0.207889
1.01067
0.963422
0.21829
-0.370391
0.460246
-0.252352
0.560949
0.540004
-1.34864
-0.758308
0.856747
-1.02412
-0.00954818
-0.031553
0.146599
0.34223
-0.107545
-1.8172
-0.262897
-0.302035
0.735102
-0.502755
-0.477482
-0.398187
0.723175
0.142486
0.548448
0.415108
-0.506578
-0.543345
0.0428325
0.914124
-0.0302319
0.827668
0.445622
-1.13943
-0.367517
-0.36928
0.0316481
-0.174789
-0.489043
1.05759
-0.737968
0.160831
-0.933458
-0.980563
-0.114521
1.69346
0.199041
-0.826368
-0.826678
-0.31727
-0.251611
0.139899
-0.405613
0.82853
-0.858449
0.987546
-0.64902
0.591398
-0.0277529
-0.254341
0.424053
-1.07667
0.870011
0.0291435
-0.620823
-2.04932
0.193718
0.459269
-0.984796
-1.01327
-1.32758
0.743136
2.13523
0.148136
-0.119446
-0.0711861
-0.848817
0.238075
-0.105751
0.303711
0.737042
0.227619
0.863328
0.494378
1.40819
-0.127764
-0.386773
0.259019
-0.42224
0.22137
-0.981133
0.91065
-0.14797
0.294073
-0.478199
1.9651
0.74423
0.784702
1.09846
0.666147
0.269785
-0.826931
-0.0770371
-0.542762
0.309866
1.33874
0.0776239
0.544251
-1.28836
-0.167216
-1.20424
0.10331
0.247535
-2.02441
0.611302
-0.895277
0.451135
0.629341
1.08327
-0.963221
0.243676
-0.393284
0.102391
0.0120771
-0.423741
0.635506
-0.286438
0.0948632
0.0977375
0.207375
0.384655
-1.23981
-1.12832
1.35381
0.337727
0.499196
-1.63688
-0.428176
-0.91185
0.140564
0.269241
-0.397344
-1.20023
0.108175
0.419662
-0.454809
-0.541429
-0.682987
-1.06785
1.03352
0.299872
0.263467
0.337692
-0.427947
-0.264033
0.477291
1.36535
0.534038
-0.107847
0.511952
0.0690783
1.72811
-0.877732
-0.215377
-0.386964
-0.342622
0.420149
-0.333556
-0.337733
0.497342
0.244191
1.56168
-0.659734
1.04459
-0.460161
-0.291347
2.20314
-0.394985
-0.0125317
0.543181
0.679118
-0.724586
-0.3544
0.388569
0.269304
0.175784
-0.0139016
0.316415
0.302858
-0.656797
0.0233981
0.631097
1.16833
0.587158
0.265909
-0.230888
-0.824556
-0.0807844
-0.0729926
-0.361185
-0.708111
0.919619
-0.809984
-0.266681
0.683086
0.822566
-0.286208
-0.129626
0.367721
0.420477
0.652529
0.163707
-0.175501
-0.161444
-0.380229
0.733753
-0.136765
-1.62212
0.718136
0.958373
-0.161404
1.15762
0.632719
-0.440683
0.667159
-1.04142
0.55334
1.37703
0.629001
-0.623293
0.58001
-0.479539
-0.25336
-0.783061
-1.35339
-0.131031
0.549686
0.444664
-0.470678
-1.05118
-1.1955
-0.106683
1.5115
0.0800214
-0.521963
0.101355
0.83318
0.00488917
-0.117501
-1.29228
0.481392
-0.0398482
0.0275664
0.144124
0.575607
0.167007
0.280463
0.573133
0.548144
0.336615
0.0075451
0.352873
-0.507398
-0.0852108
-0.498156
0.495324
-1.49924
1.38253
0.246922
-0.349397
-0.176956
-0.69703
0.942134
-0.129891
0.334064
0.0473707
-0.601581
0.547871
1.13742
-0.366038
-0.215155
-0.269725
-0.607375
-0.714596
0.393018
-0.226982
-0.0569398
0.598835
0.366171
0.697489
-0.261561
0.688709
0.77695
1.19509
-0.259131
-1.62759
0.660694
0.0674251
-0.588956
-1.4607
0.700748
-0.545556
0.231133
-0.928397
-0.628071
-0.395715
0.615159
0.0881783
0.46553
-0.1107
-0.328118
0.744116
-0.249323
-0.598722
0.126476
0.770849
0.680538
-0.308641
0.26381
-0.541283
0.850732
-0.6275
-0.0102384
-0.85078
-0.0195388
-0.230457
-0.08605
-1.15993
0.380773
-0.343901
0.657402
0.200898
-0.262799
-0.187431
-0.433291
0.640516
0.469069
-1.46968
-0.244903
1.21335
-0.924456
0.744797
0.242111
-0.986105
0.455933
-0.341899
1.02336
1.14145
-0.357208
1.10045
-0.615353
-0.584946
-0.0255791
0.281841
0.233845
0.262221
0.0888689
0.805028
0.374448
1.45781
0.515419
0.510212
0.029637
-2.19904
1.79578
-0.44635
-1.44403
0.73603
0.542898
0.444598
0.941557
0.621605
-0.309095
-0.951764
-0.371941
-0.0499371
0.251395
0.239404
-0.379699
-1.80155
0.307952
-0.552921
-0.795604
0.352382
0.880019
0.29158
-0.0740537
0.743431
0.119136
1.15588
0.425802
0.443903
-0.691709
-0.410716
-0.214299
-0.978934
-0.799342
1.10043
0.733477
-0.56607
-0.218973
0.959786
-0.184877
-0.24235
-0.162451
0.728802
-1.1
-0.394827
-0.0769175
0.79564
1.13135
-1.09429
-0.609802
-0.967033
-0.302666
-0.552404
-0.26081
0.551079
-1.32276
0.092956
0.157289
-0.442033
-1.34427
-0.230689
-0.243807
-0.583967
-0.482199
-1.13585
0.00251299
0.304002
-0.700978
0.759235
1.06748
-0.183535
-0.750238
0.417345
-0.0803652
0.443488
0.370748
0.479167
0.0917178
-0.409418
-0.0957441
-0.562542
-0.512933
-0.946232
-0.339876
-0.230782
-0.330128
-0.664216
-0.242989
0.0163635
-0.0694221
-1.7002
-0.850773
0.978979
-0.194056
0.116697
-1.45548
0.0868145
0.660216
-0.0581867
0.16243
-0.680999
2.24339
0.389325
0.97096
0.519917
1.00617
1.22536
0.241442
-1.21079
0.919082
1.42056
0.251479
0.0290817
1.20561
-0.0440387
-0.554104
0.168936
0.225807
-1.04797
0.666912
0.894291
0.665937
-0.431322
0.566762
-0.328237
-0.636151
-0.113944
0.205878
0.0652286
-0.0453922
0.518364
-0.169892
0.0864322
-0.0251377
-0.730751
0.176791
-0.279044
-0.205976
0.331148
1.32485
-0.548952
0.898686
-0.211357
-0.125266
-0.177257
0.279398
-0.16413
-0.287655
0.24907
0.0261632
0.818489
1.0471
1.02143
-0.462222
-0.00610797
1.85255
0.95134
-0.224657
0.774894
-0.42705
-0.310823
0.570914
-0.742656
1.20209
-0.898716
0.855827
-0.0222982
0.0502101
0.13179
-0.705144
0.292612
0.0277321
-0.012337
1.06231
0.532797
-0.711507
-0.585907
0.589774
0.694693
0.759985
-1.29346
-0.166039
0.369718
1.65183
0.729539
1.08646
0.327978
0.0736748
1.17521
0.598775
-1.55367
-0.0955615
-0.159287
-1.04935
0.440433
-0.0417469
0.724902
-0.438924
1.01672
0.996035
0.834961
-0.253096
0.450789
-0.765876
1.66967
-0.0338152
-1.50492
-0.511803
0.102259
0.851892
-0.534396
-0.435055
-0.396872
-0.699333
0.0952425
0.131296
-1.17601
1.09295
0.357471
0.65417
-0.391972
1.38256
-0.149383
-0.803765
0.155016
0.509525
0.876207
0.409725
0.0191404
-1.3416
-0.960339
-0.360538
-0.349124
0.547197
0.0489959
0.255002
-0.390047
0.17227
0.390439
0.896347
-0.440617
0.276905
0.0914848
0.602014
-0.15178
0.768426
-1.23118
1.10943
0.344584
-0.0798451
-0.247092
0.747071
-0.216871
0.289056
-1.14525
-1.06311
-0.227581
0.564451
-0.187079
1.47395
-0.34445
1.42644
0.0108115
0.108297
-0.877714
0.986382
-0.62131
0.601577
0.632695
0.134697
1.72601
-1.06146
-0.201637
1.03423
-0.232569
-0.355779
-0.0060789
0.136949
-0.451849
0.152314
-0.448872
-0.47094
-0.495729
-0.104025
-0.0788609
0.792189
-1.3775
-0.0857911
-0.338585
1.12212
-0.0520344
-1.1105
-1.46193
-1.26382
-0.66228
0.718064
0.813422
0.538354
-1.01127
0.841587
0.0394422
0.824006
-0.865908
-1.22136
-1.64554
0.233729
-0.318663
-0.547279
0.33526
0.279937
-0.294263
-1.53117
0.16109
0.392285
-1.10208
-0.502499
1.93665
-0.187919
-0.465594
0.135561
1.73736
-1.12219
-1.45631
-1.16236
-0.260763
-0.636467
-0.453099
-0.263433
0.0120958
-0.248383
0.148034
1.07473
-1.35548
0.983868
-1.46088
-0.260256
-0.391767
0.0846331
-0.753354
-0.624406
-0.272704
-0.109508
0.653118
-0.941329
-0.198918
-0.163243
-0.496026
-0.0398214
0.455438
-0.065451
-0.586654
-0.258152
-1.03308
-0.287243
-0.855483
-1.07353
-0.63726
-1.20928
-0.560619
0.177967
0.851785
-1.3551
1.22257
0.344197
-1.20073
0.496549
0.248612
0.79711
-0.934926
0.532261
0.987476
-0.329727
-2.1754
-0.233714
0.146492
0.753801
-0.916009
0.470131
0.30996
1.36194
1.42436
-0.423155
-0.878957
-0.560968
-0.570985
0.00327747
0.497223
1.06298
1.25715
-0.867817
0.396123
-0.607159
-1.01473
-0.184688
-1.77127
0.756242
-0.444276
1.94309
-1.45126
-0.165439
0.649476
-0.231079
-0.199777
-1.31049
0.346916
-0.11467
-1.08653
-0.218651
0.00718656
-0.236957
-0.667508
1.19729
0.440785
-0.495211
-0.464834
-0.0678847
-0.557944
-1.51357
0.087993
-1.01567
-1.34111
0.70051
-0.465299
0.283678
0.239166
1.0436
1.63185
-0.195047
0.430702
1.11708
0.707118
-0.00771864
-0.195703
-0.668541
0.687093
1.42215
-0.972587
-0.836796
-0.598186
0.76912
-0.577944
-0.221974
0.312606
1.43218
0.393893
-0.0478081
-0.639658
-0.465381
0.516852
-0.312631
-0.643507
-1.6616
0.262977
-0.123572
-0.236015
-0.833458
0.214445
0.131563
-1.05392
1.04906
-0.00274326
-1.02583
-0.2486
0.564981
0.90898
-0.316616
-0.821542
0.204364
0.21486
-0.304908
0.760648
0.0422048
0.936642
0.142824
-0.0292382
-0.672968
0.236226
-2.27044
-0.0603788
0.904569
-0.0099519
-0.81602
-0.242462
-0.0428097
-0.38489
1.01707
0.0738938
1.0557
-0.396806
-0.157166
0.00186104
-1.20189
-0.213892
0.365912
-0.847284
0.19771
-0.350994
0.0287812
-0.073654
0.63175
0.514508
0.553172
-0.106639
0.103062
0.313096
-0.013674
1.46673
-0.388324
0.275244
-0.420604
-0.869747
-0.00813236
1.06316
0.186689
0.2948
1.20598
0.121261
0.501898
-0.417485
-0.0245996
0.650561
1.17918
-0.0497267
0.932192
-0.442338
0.232947
0.694224
0.614309
1.34815
0.142742
0.0166908
0.0815413
-0.764316
-0.909845
0.381372
1.31208
0.255936
-0.0407357
-0.346153
1.20139
0.194408
1.67953
0.119159
-0.0565083
-0.611962
0.663913
0.0619452
-0.337312
-0.449352
0.812519
0.561289
-0.38671
-0.468807
-0.751908
-0.314922
-0.682402
-0.470041
0.726318
0.757189
0.553304
0.265036
0.587033
0.230988
0.778319
1.5752
0.590861
0.502492
0.398964
0.398326
-0.266856
-0.170068
-0.435418
-0.692518
-0.365181
0.366
1.67449
-0.574121
0.288958
0.0582819
1.7965
-0.409609
-0.650572
1.27596
-0.462963
-0.140657
-0.85802
-1.86348
-0.772556
-0.298421
0.118255
-0.134696
-0.308969
0.333973
0.128946
0.577634
-0.49239
-0.863138
-0.118668
0.302845
-0.343713
0.170936
0.422017
0.49548
-1.0759
0.0367903
0.0614853
0.388879
-1.23084
-0.0444327
0.918708
0.149449
-0.896509
0.285067
-0.0540653
-0.0781252
0.234809
0.699667
-0.202266
-0.525774
-0.848916
-0.809871
-1.27631
1.12243
0.0259481
0.52531
-0.00149836
-1.30161
-0.584309
0.663077
-0.0412743
0.595886
0.484745
-0.0223722
-1.02021
0.706074
-0.744488
-1.18481
0.0402107
0.519679
0.818418
0.925124
-0.329831
-0.954562
-0.54595
-0.0331915
1.09689
0.617686
0.246462
-0.386723
0.711034
-0.148895
-0.0772133
-0.0868415
0.819531
-0.932037
-0.338731
0.575327
0.320544
0.204781
0.488014
-0.338175
-0.902528
-0.159476
0.0606939
-0.837622
-1.09101
-0.0737719
-0.522688
-0.742203
-0.81823
0.659992
-1.16361
0.311138
-0.806812
1.35668
-0.484547
0.979524
0.338658
1.14148
-0.903275
-0.474764
1.79351
0.600683
-0.0201098
0.378609
0.726973
-0.14529
-0.489463
1.44219
1.35795
0.235207
-0.780472
-0.666798
1.78162
-0.131956
-0.581081
0.563961
-0.409329
-1.01064
0.191197
-1.42143
-0.571606
-0.202751
-0.85775
1.13639
-0.215012
1.77389
0.0791197
0.895494
-0.976344
0.0803882
-0.631001
0.268741
0.67067
0.2265
-1.54976
-1.33141
-1.28799
0.235951
0.355476
-0.501377
0.419861
-0.08583
0.55809
0.877464
-0.00953253
0.0548861
-0.782426
0.655457
1.29254
0.124519
1.04753
-0.614266
0.014547
1.158
-0.999095
-0.783406
-0.0503116
0.376888
1.22851
0.821198
0.0139262
-0.631239
-0.242115
0.216283
-0.404401
0.185489
-0.853861
0.409462
1.20563
-0.346006
-1.43142
-1.50229
-0.359983
-0.27481
0.324499
0.655043
-0.0768164
-0.793278
0.512046
1.53028
-0.885105
-0.639059
-0.171521
-0.777941
0.0310002
-0.00871182
0.385191
0.256985
-0.369239
1.27924
0.659268
-0.0967716
0.709994
1.09754
-0.31281
-0.451933
-0.542685
0.635253
0.229135
-0.162183
-0.569915
0.133811
-1.13264
1.11851
0.651009
-0.400609
0.148901
-0.557392
0.407873
0.587968
-0.266969
0.446677
0.19442
-0.370347
0.841958
0.381874
0.118265
-0.703122
-0.0302779
0.255319
-0.63139
0.620815
-0.162996
-0.139128
-0.409157
-0.0959796
-0.279192
1.26507
-0.265768
0.191149
0.0152619
-0.0188678
0.515075
-1.07774
0.841075
-0.278054
-0.744903
0.674521
-0.231916
-0.0797972
-0.335165
-0.679084
0.553717
-0.295945
0.879039
-0.576062
-0.954734
-0.207492
-0.913878
-0.742738
-0.76563
0.407052
-0.9271
0.543756
-0.380768
-0.370306
0.12199
0.338103
-0.330476
-0.320562
-0.158306
0.501622
-0.108523
0.339981
-0.445658
-0.648634
-0.187811
0.235271
2.35173
-0.394749
-0.947126
0.491786
-0.113866
0.642574
0.966264
0.470345
-1.87587
-0.417484
-0.870002
-1.15457
1.10661
0.623935
0.460972
-0.00320704
-0.937906
0.994607
1.02587
0.62488
0.550182
-0.143642
0.217347
0.323177
0.313063
-1.02195
0.576803
-0.476757
-1.22707
0.353324
-0.4265
-1.01895
0.114527
0.835515
1.71418
-0.0435574
-0.413147
0.725511
0.0929756
-0.168329
0.792018
-0.275596
-0.455414
0.859203
-0.234837
-1.33037
0.67298
-0.253344
0.458281
-0.123424
0.20608
-0.523704
0.532784
-0.793842
0.820692
0.891089
0.374382
-0.530998
0.114706
0.0645682
0.431705
1.10899
0.0186286
0.141743
-0.442574
0.638491
-0.916409
-0.353318
-0.511037
0.523249
0.00488853
0.479925
-0.0173545
0.31087
0.776937
0.99458
-1.77651
1.04447
-1.8569
-0.226299
0.753959
-0.389277
-0.274382
0.475121
-1.28042
0.0149676
-0.196902
0.043127
-0.175734
0.572227
-0.107721
-0.730118
0.0175894
-0.290091
1.01276
-0.241063
-0.954016
-0.581489
-1.78582
-0.839871
1.1536
1.10216
-0.596758
1.34957
-1.78177
-0.453383
-1.45013
-1.23422
0.085086
-0.415701
0.597745
0.459392
-0.9673
-0.377293
2.22265
0.53273
-0.0171306
-0.0976255
0.118309
1.0934
-0.305675
0.148303
-0.0169173
-1.13386
-0.000618245
0.360583
1.25446
1.02067
-0.439916
2.50796
0.846357
-0.399704
-0.169806
-0.363664
-0.954322
0.0695257
-0.601298
0.418376
-0.474811
-0.377504
0.669165
0.254486
-0.430424
0.425091
0.556171
-0.803386
-0.68326
-0.31505
-0.176687
0.0202772
1.00194
0.894463
0.107125
0.374222
0.0556491
1.13687
-0.133338
-1.49888
0.0435118
1.11106
0.616887
0.996103
-0.576796
-0.226482
0.532017
-0.0944008
0.0268972
0.323274
-2.27139
1.50765
-0.371856
0.28389
0.788835
-0.654549
0.214677
-0.799118
1.01997
0.473734
0.0880232
0.0469708
0.833327
0.503957
-0.245331
0.315859
-0.671965
-0.241383
-0.638403
-0.973088
-1.23825
1.21608
-0.75062
0.284559
-1.4886
0.0464279
0.18518
0.310693
-0.420421
0.0373648
-0.845771
1.16207
-1.20271
0.616157
-0.0472626
-0.222771
0.615617
0.884567
-0.218795
-0.339245
-0.675378
-0.782382
0.668858
0.519857
-0.123975
-0.038256
-0.317836
0.474521
-0.117333
-0.595725
0.874249
0.364231
0.406652
0.828864
0.363622
1.10014
0.088927
-0.133983
1.07568
-1.24123
1.93488
-0.26779
-0.0344429
0.181902
-0.667664
-0.970025
1.92805
0.254959
-1.26701
-0.206364
0.560418
-0.364333
2.26895
0.98308
0.104775
-0.835776
-0.0657267
-0.918408
-0.177664
0.42219
-0.593224
-1.36479
0.0903152
-0.560265
0.628767
-0.204537
1.26506
-1.29151
1.12976
-0.0642872
-0.595341
0.446716
-0.421539
-0.0389069
0.165214
0.174241
-0.370922
0.573824
0.148427
-0.384838
-0.0281544
-0.239519
-0.175575
0.356687
-0.55025
1.2452
-0.372315
0.529692
-0.363547
-0.848503
0.999539
0.461329
0.00560785
-0.498346
1.28963
-1.54592
-0.0423103
0.61098
0.0572374
0.716402
-0.546183
0.503649
1.58752
0.846156
1.20982
0.785223
-0.159373
-0.057977
0.599548
-0.431397
-0.664299
1.5164
0.665677
0.584735
1.00388
-0.772155
0.184059
0.855811
0.44933
-0.231268
-0.0779721
1.03446
0.377368
-1.30868
-0.115143
0.72745
0.456572
0.204613
0.864773
-0.692391
1.81808
-0.921942
-0.225495
0.367893
-0.450919
0.625052
-0.123958
0.00384743
-0.554717
-0.189683
0.946068
2.29638
0.785681
0.573167
-0.661435
1.13632
0.0755472
0.0436589
0.154938
-0.329424
-0.293081
-0.442627
-0.293044
-0.232595
-0.677083
0.388317
0.929891
-0.0954882
-0.197485
1.54893
-0.633858
0.00869066
-0.493727
-0.555554
1.31861
-0.864289
0.178778
0.439613
-0.394021
-0.374441
0.69311
-0.803984
0.949916
-0.516092
0.0255679
-0.1659
0.214643
-1.20954
0.339422
0.68428
0.196028
0.558631
0.432333
-0.654701
0.828593
0.658929
1.32811
-0.704948
1.09824
-1.16294
0.660573
1.15932
-1.26062
0.727325
-0.487202
-0.463577
0.669432
-1.34929
0.376848
0.544592
-0.929039
-0.0778435
0.47204
0.00460382
-0.575025
-0.617147
-0.0292135
-0.562652
0.908364
0.37832
1.29815
0.887756
-1.10706
0.554994
-0.409525
0.398128
-0.223794
-0.68803
-0.0230821
-0.982454
-0.356128
0.735061
2.16417
1.42874
-0.129941
1.09456
-0.181423
0.246701
0.628371
0.247966
0.0602567
0.623481
1.62124
0.986169
-0.240282
-0.586223
-0.386556
-0.0349776
0.57451
0.578121
1.10058
-0.747925
0.869184
0.327665
-0.125163
-0.0943182
0.546364
-0.143221
-1.09853
0.0802578
0.226371
-0.157695
-0.0166166
1.5809
-0.193856
-0.310146
0.141344
-0.686854
-0.654381
0.945686
1.12204
-0.711194
0.203404
1.48374
-0.471708
0.101827
-0.730416
0.00162575
0.828859
1.00377
-1.11718
-0.296131
-0.560384
0.49571
-0.690638
-0.127448
-0.31464
-1.20282
-0.236956
-0.415302
-0.692638
0.241558
0.960168
0.133332
0.869511
0.545151
-0.326035
-0.128412
-0.0264088
-0.54319
-0.178679
-0.41111
0.241776
0.954845
0.480048
0.536703
0.2009
0.244762
0.566236
-1.47336
0.0372033
-0.112657
0.930147
1.16799
0.505203
0.54765
1.40832
0.429043
-1.11295
0.076719
0.409059
-0.4276
-0.270752
-0.36462
0.747238
0.235986
0.599694
0.638637
-0.39597
0.263379
-0.535727
0.693637
-0.455534
-1.22804
-0.556951
-0.403219
-0.321015
0.479619
0.782457
0.298337
0.167435
0.0272176
-0.302826
-0.0723819
1.37662
-0.0588764
-0.179426
0.21452
-0.324552
0.88333
0.743812
-0.412653
1.54819
-0.424033
0.321477
-0.838948
-0.484603
-0.00730697
-1.37757
-1.2976
-1.60784
0.092851
-0.0361189
0.913781
1.3338
0.0608576
0.701207
0.194908
-0.601173
-0.472879
-1.02593
0.425758
-0.819098
0.509779
0.466381
-0.466097
0.325392
-0.110474
-0.758862
0.473947
-1.48318
-0.363005
-0.949071
-0.893112
0.136273
0.4956
0.142997
0.00408698
0.84135
0.882125
0.72118
-0.48075
-0.549237
0.903866
-0.709376
-0.97158
-0.676484
-0.0605149
-0.665422
-0.418477
0.260041
-0.165936
-0.910987
0.853968
1.23812
0.0219863
1.2788
-0.227446
0.337274
0.181848
-0.0391785
-0.673928
-1.62457
0.414445
0.617226
0.303778
0.131551
0.257622
0.391295
-0.275653
-0.276978
2.18866
0.321952
-1.06719
1.16615
0.639211
-0.118517
0.281768
1.00546
-0.397183
-0.50936
0.569676
-0.716021
-0.432465
-0.615383
0.155584
0.240624
0.254519
0.6478
-0.14486
1.55812
0.0983908
1.06443
0.271794
-0.484556
0.484429
1.1855
0.0616685
-0.941194
0.424693
-0.164158
-0.95116
-0.33371
-0.877835
0.723177
0.613441
-0.371458
-0.418516
0.712039
-1.05719
-0.289375
0.0580037
0.0495378
0.0312735
0.237161
1.08962
0.941047
1.10088
0.978142
0.808308
-0.568133
-0.71827
-0.919708
1.38642
0.137516
-0.441203
-1.12579
0.15745
0.941675
0.0828393
-0.156978
-0.294401
-1.02045
-1.1398
-1.1999
0.320966
-0.955079
-1.56417
-0.411664
-0.861459
0.59358
0.671474
0.525141
0.709792
-0.213188
0.913439
0.117513
0.497625
-0.24409
-0.514146
0.087998
0.0298209
-0.854999
-1.73222
-0.35422
0.240072
1.9125
-0.823229
0.562983
-0.254534
0.394733
0.651022
1.21822
-0.000607409
-0.132523
-0.607011
0.186585
-0.673209
-0.430051
1.59559
-0.0854094
0.425819
2.10374
-0.321895
0.483207
-1.06873
0.283087
0.35949
-0.68641
-0.444747
0.468993
0.957709
-0.795388
0.235191
-0.382267
-0.856323
0.27955
0.0365757
0.713776
1.20008
0.275008
-0.380419
0.498068
-0.36948
-0.493309
0.613812
-1.29809
0.413621
1.36821
-0.0840132
0.200719
0.897358
0.637678
-0.349824
-0.423689
0.0363414
0.619856
0.38807
0.394606
-0.492287
0.0372701
0.821888
0.218981
1.20796
0.39201
0.279129
0.3285
0.0115331
-1.25081
0.00938225
1.11657
0.0680448
0.137214
-0.337772
0.708635
1.14244
0.207617
-0.709365
-0.0922589
-0.350014
-0.420478
-0.0963354
-0.481925
0.231075
0.312887
-0.337783
0.501176
0.98634
-0.347498
-0.550041
-0.514088
-1.78449
-1.22827
-0.33665
-0.235708
0.750444
-0.516633
-0.243433
0.960683
-0.303828
-1.07672
-0.060095
-0.29004
-0.698245
0.293337
1.05118
-0.39354
0.0431424
-0.749116
-0.345804
0.685063
-0.290238
0.110736
-1.03404
0.824112
0.715389
-0.570822
0.923857
-0.194716
0.838919
-0.404462
-0.399525
-0.662952
0.292701
0.175608
-0.615242
-0.631756
-0.278283
-0.766354
-0.580331
-0.0501465
-0.32077
0.0942763
1.23005
0.642527
0.998553
-1.00036
-0.900225
-0.842712
1.45113
0.484756
0.0643082
-0.127293
0.70588
0.338787
-0.936919
-0.123907
0.300724
-0.208523
-0.604715
-0.929049
-0.240882
0.434974
1.51125
1.17601
-0.899665
-0.767841
0.679727
0.979939
0.450465
-1.32324
0.804994
0.55099
1.24628
-0.740421
-0.457387
0.142458
0.227612
-0.124496
0.659726
0.306841
0.422546
-0.031938
0.108116
0.178352
-0.357676
0.0980872
-1.41056
-0.649233
-0.378101
0.511137
-1.05038
0.10512
-0.0904533
-0.234767
0.388276
-0.537837
-1.36325
0.663927
-0.410081
-1.13402
0.271049
-1.12701
-0.821636
-0.318146
0.642451
0.770208
-0.328179
-1.11738
-0.557368
-0.412964
-0.402669
-0.950675
-0.129747
-0.0352308
-0.0420158
-0.776607
0.446957
-0.383529
0.0409911
-0.22776
-0.604942
-0.875616
-0.851534
0.953375
0.24869
-0.385167
-0.902095
-1.00785
-0.682182
-0.637011
0.792186
-0.179322
0.307524
-0.495598
0.399334
-0.352348
-0.346903
0.0377839
-2.06884
1.129
-0.74579
1.31039
-0.692585
0.794003
-0.157328
1.22041
0.464489
1.32331
0.922706
-0.624249
0.823532
0.0717215
1.21633
-0.149232
-0.865214
-0.559373
-0.052589
0.0423171
-0.0724218
-0.848492
0.555502
0.116457
-1.9169
-0.264391
1.14582
0.734131
-0.961021
-0.330217
-0.943867
0.4917
0.474757
-0.161242
0.848655
0.652566
0.19707
-0.754902
0.305841
0.325101
-0.1646
-0.0779563
0.0380168
-0.778901
-0.630258
-1.55838
0.0728463
0.907296
-1.18204
0.856756
-1.30784
-0.0664354
0.35763
-0.118747
-0.0881832
0.67326
-1.21852
-0.343785
0.823154
0.917126
0.695265
0.75309
0.600401
0.223682
0.146421
-0.602398
1.36221
-0.75852
0.196051
-0.3479
1.07346
-1.54847
1.7139
0.666759
-0.191449
-0.242855
1.01003
-0.408831
0.0145274
-0.124935
-0.122549
-0.854102
0.767536
-0.363537
-0.964945
-0.450415
-0.51898
-0.407828
0.574986
-0.598238
0.666042
-0.447916
1.44616
0.13651
-1.39568
0.937547
0.862251
-0.0278902
-1.17722
-1.76579
0.132605
0.226727
1.35624
-0.830931
0.242319
-0.23648
0.243377
0.798157
-0.68365
0.693227
1.60684
0.1828
-0.582938
0.145901
0.208741
0.512539
-0.62935
0.704247
-0.377623
-0.816944
1.06877
-0.650834
-1.02039
0.0385869
-0.982552
-0.060791
-1.04799
-0.20693
0.231311
-0.483691
-0.590255
0.404238
-0.603799
-0.267018
-0.702978
0.288289
0.682799
0.392502
-0.435392
-0.603731
-0.393428
-0.922816
0.616117
0.644049
-0.529294
0.171413
0.257333
-0.476672
-0.780953
-0.721009
0.925598
-0.33819
-0.0769913
-0.335075
0.372056
0.00979292
0.132126
0.748879
-0.228181
-0.522479
0.185483
-0.762394
-0.353458
-0.942028
-1.13455
-1.00766
1.03782
-0.430387
0.919733
-0.83857
0.601012
0.443931
0.162771
0.382606
0.280269
-0.230413
-0.414408
0.873106
-1.63361
-0.312005
0.587901
1.31104
-0.179545
-0.201352
-0.174372
-0.0298474
0.243604
0.313306
0.857699
0.0485589
0.0682446
-1.4251
0.630152
0.128207
0.27665
-0.495685
0.249954
-0.297201
-0.0699427
-0.0215803
0.701918
0.9495
0.646334
0.111321
-1.19892
-0.112882
-0.133141
-0.242463
-0.194835
-0.743273
-0.191855
1.06767
0.534096
0.588563
-0.139849
0.393309
1.67255
-0.398345
0.45805
-0.00417686
-0.246393
-0.285457
-0.293362
0.394376
-0.469686
-0.328151
-1.39587
-0.00348848
-0.209344
0.971672
0.873022
-0.271476
-0.240022
0.681346
-0.447322
0.643971
0.293304
0.00868349
-0.995564
-0.286091
0.708509
0.886667
-0.158156
0.854719
0.382215
-0.0307513
-0.290567
-0.244327
0.396588
-0.0545296
1.13708
0.459833
-1.05974
0.0355225
-0.323702
1.25784
0.37087
0.837711
0.619986
-0.508579
0.661739
-0.689473
-0.412675
-0.320583
-0.092937
1.75392
-0.168856
-0.225192
1.05419
-1.69075
1.10097
1.49541
-1.26707
1.3049
0.426378
0.982584
-0.773375
-1.51017
0.353455
0.794004
-0.962228
0.386642
-0.510567
0.746652
0.364749
-0.150673
-0.382091
0.648648
-0.392657
0.921804
0.0698623
-0.530556
-0.58318
0.00850623
-0.316864
0.708487
-0.750574
0.675503
1.27039
0.0546315
-0.399857
0.399164
0.0995231
-0.487904
-0.925568
1.20998
1.37917
1.84799
1.71359
0.595865
0.82486
2.2251
0.0710187
0.147427
-0.0453545
-0.320744
0.242657
0.0241579
-0.86787
-0.793113
-0.423138
-0.628419
-0.138322
-0.348707
-0.0815167
0.340842
0.229799
0.539872
-0.325515
0.300273
-0.302341
0.448582
0.0897538
0.140942
-1.19419
0.553409
0.00215354
-0.360031
0.186151
-0.12066
-0.226008
0.0198619
-0.614811
-1.45683
0.230251
-0.434456
0.370388
-0.353079
-0.147264
0.255827
0.729716
-0.19789
-0.0324968
-0.141464
0.882023
0.776635
-0.672654
-0.784468
-0.34691
-0.222189
0.568681
-0.373322
-0.0136085
-1.07605
-1.53944
-0.0616497
-0.457888
-0.02109
0.371713
0.315369
-1.27849
0.446705
-0.154302
0.512063
0.662813
-1.73183
0.114962
-0.037189
-0.316216
-1.22484
-1.16455
-0.128717
-0.777963
-0.304827
-0.94246
-0.362763
0.170346
0.0711473
0.735586
