-0.641302
0.26537
-5.0292
-3.86124
1.19423
-0.606417
0.463262
12.2496
-1.66768
0.159975
0.200936
-0.309382
-2.65602
-0.413429
0.524721
-0.54834
0.376528
0.194705
-3.66183
1.0883
-0.907688
-0.29763
-1.11974
0.0626206
0.545328
-0.563192
0.689197
4.94308
1.08126
-4.49023
-0.952922
-0.0559693
6.29803
14.1188
0.738904
1.53821
-0.519839
0.838406
0.128467
0.969648
0.122828
-0.346253
-18.0388
-3.63279
0.395114
0.367583
-2.02505
2.39366
0.0539834
-8.56438
1.34889
0.0963473
0.972899
0.0701141
-1.25692
1.23384
3.7415
-0.632512
1.7004
-3.68237
3.70993
-3.58376
-5.03541
-0.547758
-0.428539
-0.354974
-0.0462534
0.621163
0.691191
-0.694177
0.677749
-0.25138
-0.585482
-0.9725
-65.671
-1.802
-0.462413
-4.0082
-0.92838
-1.27027
0.265464
0.18021
-0.0385871
0.56331
-0.446793
-11.1563
-497.577
5.241
0.134196
0.551623
-0.391626
0.976681
1.00654
4.48122
-0.0671124
-0.396431
3.99769
0.427842
0.096722
-7.42341
