-1.53505
1.12606
0.0539069
0.7552
0.159825
2.61654
1.10288
-2.30132
0.584266
-0.641866
-2.2517
0.0316711
2.39173
0.39008
0.225356
-0.302061
1.40543
0.192332
0.889304
2.10068
2.54467
0.805307
-0.396093
-2.8834
-0.0975068
-0.655823
8.48361
0.594376
5.06379
8.72226
0.364903
-5.69111
-90.6463
-0.678662
45.1349
0.917084
0.637776
-1.32141
-0.575024
-0.820578
-0.472193
-2.56211
-1.14312
-1.05115
0.744338
-1.60707
2.27366
-6.61102
-0.810429
2.67794
-0.580378
-2.21013
-0.807371
-4.43466
0.228994
2.33856
1.45273
-0.836306
-0.180001
0.232261
-6.70468
0.0974659
1.87819
1.10664
-1.69055
0.949047
-0.994383
2.52137
-0.0664541
3.52982
2.15147
26.8643
2.98192
-0.159264
-0.516377
0.96011
1.99401
0.629271
-1.50923
2.34689
0.353383
0.0524131
-1.40673
0.695066
1.0012
-0.312301
0.772238
-0.204821
-1.71828
-0.14731
-2.51408
0.883733
0.583773
-1.08581
0.10026
0.746564
0.355373
-12.7374
0.67295
-4.39492
-0.557909
6.46129
-34.0022
-7.95002
-4.97375
2.59156
-2.3755
-13.5041
0.507579
-2.12678
7.68106
-2.58792
0.725234
0.0190978
-1.62804
0.935928
-21.3808
10.8933
-0.350895
-1.95717
0.623493
0.309562
0.765196
-0.872353
0.398191
-0.38801
0.508442
10.8404
0.201281
3.19978
0.942119
0.916493
-0.707289
0.179278
0.608094
1.81956
0.347688
0.825198
-1.91783
-1.01702
0.339353
-40.7783
-0.153233
-6.13885
-4.9907
-2.18381
0.297787
1.06905
1.24197
-154.165
0.604382
6.49511
1.58837
-1.8684
0.529366
3.45721
-0.422965
-0.365189
0.538732
-0.0601829
1.1832
0.447643
4.13522
0.216208
0.213761
-25.9359
-1.68488
0.0102246
0.126499
2.58263
-0.76619
-1.2379
-0.551822
-0.309951
-0.912271
0.0747062
5.84354
-0.634486
0.211293
3.86165
-0.837393
-17.4181
0.0275077
0.489179
-17.4073
3.42998
0.0128216
-141.925
-7.30504
-5.27481
0.258663
2.64738
-0.407915
-0.218773
-6.57947
-1.52485
-3.8877
4.21967
2.32808
-1.05849
-0.0615889
0.272041
-0.0117389
-0.596425
-1.30026
1.68568
-2.23036
0.141091
0.409908
-3.85425
1.37524
0.0394797
-0.569855
-0.365408
-2.28064
0.978203
-2.14326
-0.199296
0.726564
2.05354
-0.869154
0.669262
0.0782233
2.64506
-0.333626
1.13438
-0.419876
0.216281
-0.144749
4.63675
-2.21046
0.596783
-3.2558
1.69428
-3.74267
-2.4422
0.401414
-0.661493
-11.0395
-0.149185
-0.475066
-2.68368
-1.03645
0.388971
86.4084
-1.19696
-0.539927
-1.30579
-0.337994
-0.382412
6.01666
-1.34936
0.580757
-0.440519
2.46217
-9.88064
-1.27918
7.05456
-1.57806
-0.631999
0.39342
3.5579
-0.225869
-3.91036
-1.49789
0.345243
1.30475
1.0455
-0.448068
-2.00524
-3.61073
1.8026
-0.0104116
0.450931
-1.72057
2.93837
2.26395
1.95875
-0.271877
-0.253661
-0.207812
-0.649159
0.349673
-0.0750493
-13.3916
-0.189109
0.714253
0.135275
-3.28231
-0.163107
0.491469
0.543027
0.319073
-0.863802
-0.641703
0.188223
0.371046
-14.8546
-2.72256
0.546768
-0.839225
-0.131869
0.407525
-0.81183
1.09379
-0.229537
-0.221954
0.531421
3.19225
3.87947
12.3416
0.53203
-0.823845
-3.20147
0.360276
0.167566
1.80697
-0.0104262
-0.859538
-5.37771
2.46772
0.652494
0.615349
-0.583505
-3.07211
2.28447
0.917748
-1.41656
-0.471729
-0.400569
10.2354
-0.330254
1.74342
-0.521986
0.454103
-0.898114
-2.47365
-1.70958
0.625122
0.517213
-1.17236
-1.2343
-0.409873
0.207045
1.79417
1.65504
0.159625
-3.58503
-1.86914
7.17746
1.10101
1.2736
1.47248
-0.377286
-0.508909
-0.772713
16.6166
0.0215395
-0.180519
0.803621
49.2145
1.33378
1.57835
-2.5856
3.22618
-10.1403
-0.357559
0.142645
524.224
2.8154
0.669384
0.675592
-1.01463
-0.000175904
-0.685616
1.99115
-2.19278
1.34792
-0.824208
-0.520149
0.0270839
12.8307
18.5062
-0.174585
1.80167
-1.87063
0.169064
-1.77877
-0.41467
1.91717
-1.13117
0.0659273
-6.62399
0.164554
-1.08726
1.18291
-1.30892
-1.19382
2.72483
0.324031
-0.476342
-0.603291
-1.26092
-0.495133
0.733559
-2.89721
4.27631
2.85387
0.337368
-2.56938
2.02862
0.511359
2.74838
0.541146
2.26365
-3.65406
1.73936
1.23243
0.868416
0.0638298
-2.43679
-0.489766
1.09074
3.26815
0.0929931
-101.096
0.354915
1.37869
-3.68705
0.333054
8.38177
-0.00354794
3.33665
-3.45254
-1.28426
-5.13362
3.28925
-0.360622
1.0337
1.36195
0.149328
-3.16357
-0.265431
4.86803
0.166837
-0.151184
0.522656
0.0259211
-0.0186318
0.262765
28.5899
-0.834887
1.26323
-3.03947
-1.13846
-0.582892
0.078192
-1.66974
0.604152
-0.283983
2.2085
-1.24262
-0.574252
-1.00218
1.47577
0.645668
-0.65519
2.97631
-0.402912
-2.51086
1.71472
-12.9009
-0.247421
-3.55219
1.10545
2.32026
0.502508
0.487929
0.558746
-0.239215
-0.596129
-0.457503
5.94836
-0.193376
0.226808
-0.405876
-0.497477
-0.146015
-0.445947
-0.0696167
-0.843661
-1.93376
-0.632428
-0.645452
0.250831
-2.0214
-0.816509
-1.96282
-0.527523
0.114101
-1.75483
-0.191179
-0.627337
-1.20577
0.84117
-2.1405
1.979
2.23004
0.394242
-0.0776605
0.909345
-3.50242
-1.66541
-3.20594
1.95772
-0.914483
-3.09188
0.879694
0.285048
-36.7331
0.101373
51.1384
-5.32107
0.0473192
0.741431
-0.554195
1.45634
-0.518873
1.71735
0.332005
0.194944
1.50234
0.14869
1.37104
1.77063
1.03564
0.020507
-1.72852
-0.199412
-1.12262
1.41271
0.126202
-0.721046
-1.08285
10.3659
-0.162948
0.434584
-1.52912
-5.30782
0.0121345
0.542882
-1.09292
-53.643
15.2023
0.7924
-1.84275
1.89469
-0.512874
0.84477
-4.60082
5.11548
0.0323873
0.869088
1.43842
-14.7809
-6.7156
76.1639
1.95326
0.0548693
4.89968
-0.644781
1.41237
-4.92091
-0.577016
0.0589564
0.412489
-0.26025
-0.663473
-0.629193
1.72676
2.05931
0.943309
14.9186
-0.876991
0.138349
1.06246
-0.423639
-7.29845
1.5661
-1.78306
-27.5071
0.102249
-2.44236
-1.31825
-10.4008
0.910129
-0.45113
-1.54104
-0.403566
-5.25332
-10.0338
0.153957
-0.121882
-1.81048
-3.07341
-3.86818
-4.19169
0.761445
5.63793
-1.83169
-0.26762
9.05585
5.27287
-3.27639
0.83412
-1.44689
-1.77203
1.47801
-7.56472
-0.163888
1.19869
-0.466215
-0.340975
-0.0738426
-0.633752
0.465197
-30.1867
-2.70446
-0.384256
0.264124
3.433
-0.916636
2.90993
0.122344
-0.96629
-0.04982
-0.359803
0.30474
-5.78979
-1.53583
0.796745
0.137335
-60.4689
-0.318368
-14.2861
1.45704
-0.641914
-12.7945
5.31842
-0.0621755
-0.0694553
-0.37965
1.77754
-1.75927
0.604781
-8.60928
1.70506
0.388681
-2.42778
-1.05824
-4.32008
-0.173679
-0.585412
-0.653387
0.274311
3.58747
-3.5381
2.00635
-3.69497
-1.43338
-15.1577
-11.6767
-1.66384
-0.822602
1.02497
13.0816
1.40373
-0.893607
4.29904
1.12309
-1.98223
2.45196
-14.5075
-4.22752
-0.937167
-0.020776
-0.262627
0.335512
12.5558
-0.799533
-1.14161
-2.01184
-2.52751
-0.95302
9.38559
7.0154
-0.751028
4.85409
0.650258
-0.157331
0.262467
-0.590527
2.50303
-0.771207
0.622037
-0.89654
-7.32293
-2.13223
-0.492695
0.0194229
-2.38387
-1.13033
-0.350437
0.664798
2.12132
-1.40459
-0.423162
-3.55311
-0.392574
-5.29096
1.01089
1.98112
-2.44618
0.0573687
-1.12835
-2.44908
0.5259
-1.52446
1.33822
0.0555347
-0.695887
-0.485736
-0.422272
3.12115
-1.50325
-1.78532
-3.01234
3.26091
-4.722
0.805484
0.997314
0.392781
0.302783
1.18841
59.3844
0.302371
-2.39752
-4.89381
-0.0404182
-0.0398089
0.0654442
-3.67549
-0.361986
-0.350107
-2.06795
4.95733
-0.835516
1.48045
-1.6122
1.16636
0.239508
1.56891
0.144058
2.16937
78.27
-66.3782
-2.65741
2.37663
-1.16156
4.96538
-1.60714
-0.498907
-2.82033
-0.199559
-0.365602
0.079415
0.540616
0.0306911
1.13521
-3.50347
-1.14691
-0.328145
0.0851345
-0.38292
0.564756
0.641718
2.05356
-1.04355
1.07665
-2.97432
1.26182
-33.5804
0.96034
-0.345519
0.11663
-0.180876
0.360139
-2.56106
-3.15377
0.0657729
-0.498299
0.407845
-6.08163
2.32118
1.0909
6.49359
-4.18491
1.04576
2.0741
0.0935585
-0.726681
-2.14295
1.11947
0.31877
-0.154912
-0.618341
-15.3072
-3.34361
-2.0457
0.203363
-7.23306
0.73554
7.21046
0.620781
-0.442468
-0.915518
-1.00484
2.95283
0.393467
2.73944
-1.08113
19.7195
-1.25745
-3.51985
0.956154
0.124814
0.411367
2.1945
6.25344
0.674052
-0.471401
4.23118
-2.74521
1.15866
-0.270726
-6.49874
9.06972
6.26131
0.0662834
-1.57099
-0.170757
-1.879
-1.96126
3.53476
-2.14551
-0.0554302
0.970067
1.93087
-1.81087
1.95073
0.0976494
0.171381
13.7523
-2.2349
-4.44984
-0.702863
-0.0623709
-0.0348769
-2.34194
0.908569
0.549369
0.0669553
-2.95463
1.24475
-0.0451889
1.0255
0.130167
-3.63595
-0.96395
-1.32878
-0.718283
-1.71
1.96124
3.32792
0.226765
0.268846
6.1021
-2.2295
-1.25305
2.79822
0.710916
0.599933
-0.323864
-0.578267
-0.702736
-2.74238
1.21389
0.00770798
2.69072
0.530165
-0.183842
0.479831
-0.533045
-0.696662
0.40125
9.18483
-1.57416
-0.8169
-0.736902
-12.9372
4.43134
0.913579
-1.02358
51.8301
-221.324
-12.8981
-0.809192
-2.71082
-2.08196
0.00745322
-26.123
-0.451413
-1.00837
1.79931
-2.86678
-1.19218
3.66349
0.746002
-1.92909
37.8665
-1.06959
-0.210927
-3.81788
3.27939
0.74627
-0.38092
-0.953493
-3.0404
-1.40874
1.94676
1.60162
1.67765
0.909089
0.129186
0.307943
1.26566
-0.274842
-4.71478
0.506788
0.983109
0.702995
0.818695
4.80791
0.627463
-1.28589
-1.1906
-0.396218
9.8511
-1.14786
-0.442296
1.55827
-0.411098
3.88324
5.23973
12.0142
-1.28885
1.32177
17.5858
2.49524
0.0855088
-0.664625
-0.411252
23.7954
0.125652
-0.63429
-4.14802
0.484771
-7.92439
-0.244463
1.21292
-6.30491
-2.00535
-0.665574
-1.63246
0.940255
1.60024
-0.789401
0.479842
3.83872
-2.51535
-3.36706
-1.35214
2.59475
-4.86445
0.128137
-7.89547
-0.458226
-0.648775
6.77114
4.14049
-0.311526
0.592904
0.705261
-7.26038
0.204283
0.308971
0.502456
-0.0074839
-3.27769
-0.805253
0.684307
-2.65385
-0.537429
1.16923
-0.96461
0.136468
-0.463009
-5.2248
1.00066
-0.643354
0.109615
0.662842
-0.246601
-23.3245
-0.750068
-3.74668
-1.38535
-1.5629
-2.1307
2.75591
-3.32279
0.328664
0.243728
-1.92949
13.7864
-4.01051
-0.927941
1.21845
0.795765
-0.370131
-0.534843
1.73947
11.1528
-3.16459
-4.94325
1.77486
-0.0881385
-0.0861218
-2.59919
-7.98428
-0.483725
-1.3438
-0.736854
-1.50961
3.81982
0.043376
-0.888325
0.172291
2.6741
-1.8706
-1.32985
5.80496
-1.48458
-0.998546
5.74559
-2.1897
-0.463023
-17.8141
1.31092
1.32669
-2.98808
-1.10084
-1.48113
0.0597158
0.616799
5.87231
-3.01876
0.0822455
0.521037
0.0798982
0.363502
2.15015
-0.328838
-0.233475
-0.390043
-1.31712
-0.228601
-1.11786
-0.113436
0.302533
0.821062
-2.98192
0.162927
-1.15614
0.0423682
2.03899
-0.666501
-1.00105
0.508297
-0.164562
-1.32776
1.44102
-1.0467
6.3575
0.776524
-0.18133
0.400986
0.80962
-25.1249
1.00571
0.412986
0.822479
-18.8479
-2.54606
5.52641
2.14541
0.0616941
-2.09945
-3.22033
-3.93629
-1.62606
1.87653
-0.589213
1.92787
-0.336198
-12.2002
-0.494982
-2.39136
-1.04418
5.80682
-2.85345
0.0950016
2.29894
5.06105
0.571825
5.81043
-0.81708
-9.0392
-0.654866
0.212414
-2.48599
2.10577
1.69339
1.57779
-0.513953
0.322824
0.247592
-7.57712
-3.7869
-0.614068
-2.20539
1.73652
16.4133
-0.238487
0.712248
0.163777
2.22061
0.433647
2.88413
0.900976
-1.50351
-1.62114
0.0202082
-1.07509
0.019286
-32.7525
0.290341
2.46897
0.241263
-2.03758
0.868829
5.99114
49.2881
-3.7896
-5.6686
0.511039
-4.18623
-2.07437
0.740251
0.796326
2.45438
-0.455309
-0.385491
-4.1601
-6.07037
-0.321467
1.67813
-11.3712
-0.769264
1.06999
-2.19174
-0.461453
-0.275401
0.784015
-13.2591
-0.374874
9.27823
-1.92238
0.369752
-0.0337695
4.29013
0.184519
0.139563
0.1275
1.47122
-0.938659
1.28182
-0.452392
0.44078
0.644274
-0.740429
3.9426
1.35189
0.207442
0.668729
0.173962
-1.76556
1.28149
-0.419103
0.420126
7.87156
-1.22951
0.499885
1.71516
6.92469
-0.862027
10.2922
0.0638334
0.251905
-4.28191
0.618688
-0.145848
2.57744
1.63726
2.0507
0.249045
0.276877
-2.34466
-2.87186
0.0641092
-7.91329
0.923955
0.235969
-0.0597212
3.06297
0.353208
-3.62118
-0.149828
-1.51145
0.278334
3.06564
-1.21905
-2.83426
-9.06908
-40.7101
-2.19829
-5.6308
0.785238
3.30464
-1.85053
0.3042
-1.77635
4.66899
-0.343537
0.139703
0.976008
1.95957
-1.15875
-2.25179
-1.33282
0.0854862
8.74532
-1.17695
5.17802
-2.18078
-0.340043
2.37625
2.94727
-1.11116
0.224233
3.02243
2.03029
-0.421138
1.13059
-0.818852
-0.8542
-0.127916
1.12103
1.1171
-0.0891304
-0.419586
-0.0736424
-1.85508
-1.72142
-0.0521532
8.25099
-1.18367
0.570194
2.42259
0.215747
4.54001
0.0403979
-0.956708
0.222557
1.39499
1.14569
-5.74252
-6.44757
-1.7723
23.4086
-1.87789
-0.539631
4.17203
0.640329
0.266235
0.114587
-0.26665
-0.459643
-0.577718
-0.231221
0.133637
1.73075
0.26167
-1.05553
-0.282488
0.351245
1.35488
0.41297
-0.639612
-0.0189218
-2.10974
-2.70664
-13.8185
-0.0613582
-2.52072
0.289763
-9.42726
-1.18673
10.2649
-0.773604
15.8394
-1.67835
0.372376
0.0814141
-0.319778
19.2152
5.30494
-1.50848
-0.138821
0.0196284
-0.104833
-0.293627
0.266802
-0.527544
61.0408
1.87787
3.78677
-0.313089
-1.78599
30.875
0.0333116
-0.976827
-1.40405
0.663851
-2.2581
0.597376
0.114492
0.0561182
118.016
0.532668
-0.131483
-0.753131
2.88252
0.0902247
5.63174
-1.92206
2.53136
0.247877
-1.78097
6.15604
-0.473068
0.714858
-7.78419
12.9584
19.9703
0.861521
-2.59483
-0.731261
0.415628
10.5604
1.14791
2.30299
-6.03095
-0.40761
-2.90553
-0.287198
0.0814124
-1.36742
1.44809
-3.87484
0.106339
-0.198313
-0.184435
-0.22384
0.334774
1.21381
-0.90273
1.07752
-1.17668
0.880242
0.664987
0.138209
3.85417
0.515338
0.645907
63.5037
0.326547
0.893311
-0.25921
0.709684
0.103071
0.265938
-2.15937
-0.61013
-0.391123
-0.265728
0.946605
-1.44017
0.140342
0.677857
7.97443
-16.4416
0.0346219
-0.935066
-0.378831
-7.16566
-0.236508
-0.841484
0.773816
0.673052
-0.041257
-0.529391
-1.13581
0.66574
5.70516
3.65401
3.08405
-0.401569
0.00526411
-9.58662
1.1279
2.48137
0.108752
1.60822
-0.410199
-1.87066
-0.481959
0.286684
0.276361
1.23363
7.23549
-0.214201
1.80751
0.54634
0.489296
1.40077
0.658003
-0.939144
5.64623
-0.261813
0.692677
-0.522634
0.24845
-0.279493
0.0667816
-0.488859
3.12269
-0.846978
-3.882
-1.81926
4.98348
-1.74589
0.00172873
5.89931
-0.161624
-0.885314
0.631641
-0.636495
-0.271283
-0.821173
-3.9878
-0.04181
2.32076
0.912574
0.0199525
0.124623
2.34797
2.60581
-251.595
-1.23283
-3.7669
-2.26068
0.56853
2.05778
3.11973
0.128622
-1.35584
8.34325
11.2802
-0.693682
5.92612
1.35342
0.0475993
2.03139
0.445629
-0.0626288
-16.8067
-3.06164
4.99025
0.687268
-0.00751096
-68.4
-7.04893
-0.944759
3.30706
0.212116
-1.86237
0.11869
0.198907
-3.34839
0.31175
-2.43811
-5.21508
2.04578
1.52726
-2.508
7.50731
-0.872789
0.111082
4.91418
-1.71297
-0.68296
-0.250177
-0.0151141
5.50242
7.88309
0.874799
-0.575411
-0.211824
0.962071
1.68824
1.12376
-2.07661
-0.311914
-5.27786
19.4153
-3.96065
-2.46596
0.305835
-0.799478
0.39209
-1.38931
0.634936
0.658855
6.70105
3.92228
0.64976
-7.26376
1.15715
-5.17372
1.03438
0.144391
-2.57661
-1.15692
-0.454149
-0.414416
-4.72328
-0.389889
0.383685
-2.72784
-3.4122
1.33765
0.371226
0.181888
0.60739
-0.87815
1.41888
1.71863
-14.1377
-0.228183
-4.91794
1.46673
10.5893
0.178429
2.75885
1.1316
-2.526
-2.1021
7.33729
-0.743466
-0.941495
-0.267515
-5.79928
5.03911
0.810039
-0.0596258
-0.445016
-8.63746
-7.45721
-1.39882
317.451
10.8305
-0.4157
0.876719
0.255112
0.580564
0.857745
-0.521173
-0.533094
-0.336617
1.24291
0.127591
-0.099117
-0.435742
0.749603
0.18355
1.32652
-0.189215
-9.1048
0.561837
0.480121
0.10208
-0.995583
3.10745
0.797412
-0.648477
0.934824
1.53974
1.21265
-0.105247
2.44288
-0.126074
0.497795
4.08664
1.87137
-8.70199
0.488125
0.315762
3.00902
0.341842
4.52444
1.68719
0.441936
-5.34236
0.980789
0.583778
-4.18743
-0.410316
-2.81615
-0.018497
1.05934
-2.00292
13.1749
-0.0629797
-1.06646
-3.76781
-0.780337
7.28077
0.734124
-3.42065
1.55846
-1.68121
2.07615
1.12393
1.44861
-3.3436
-0.0493928
-1.8864
2.68906
-2.2802
-0.253499
0.563368
2.32614
-1.50808
675.732
1.98479
-0.615879
-1.64002
4.33206
0.612337
0.213279
-0.541983
-5.47108
0.311991
-2.04166
0.734259
22.1994
0.666972
3.13069
-1.04398
1.64002
-0.704183
-2.11647
7.26143
-1.6909
0.528029
-0.0581644
-0.0984891
-0.151365
4.96525
1.17605
2.86458
0.590115
-0.850789
8.88865
-0.245021
-1.88193
1.20655
-0.810565
0.936148
-0.402596
0.765671
1.28601
4.93087
0.772428
0.825548
-0.957319
0.188975
-0.0613844
-1.78966
0.992835
1.74063
10.5266
1.74684
0.20881
-8.09909
-1.17297
1.35372
1.42757
-0.655877
1.94223
-0.384396
1.43427
-1.75293
1.4968
-0.219118
0.618098
-0.986856
0.545746
-0.825106
1.32193
-2.18326
-1.31857
-2.53977
-1.3876
2.59725
0.593572
0.377133
1.57968
0.598806
-0.465943
0.791113
4.60211
1.10648
1.12892
0.671826
5.83524
0.882647
-2.23268
0.914384
3.35595
1.33361
0.349147
3.84546
3.89116
-0.977246
0.280933
-1.70318
-0.805119
-0.179904
0.0322077
0.825272
0.465776
-2.82808
-0.485739
-0.119746
-6.7744
-1.29401
-1.21992
0.871151
1.04021
-0.749326
0.326274
37.2579
-0.0959106
-5.69889
-0.551713
20.6102
8.53634
4.49876
-0.613466
0.555258
-1.3629
-0.455616
-0.654992
-23.3872
11.0007
1.39067
1.81928
-0.200696
-0.0873074
-0.603862
-0.680438
0.293997
-0.744163
1.28188
-0.192492
0.417274
1.83351
2.098
-1.35159
-4.57224
0.351371
-0.0587841
2.6116
-0.872337
-9.59562
0.78635
0.0419225
0.139716
-14.9179
0.909556
1.63228
0.13449
0.0637838
1.08727
0.722581
0.42268
-1.0062
0.458935
0.565591
-3.41119
-0.458052
-0.428189
3.18569
-4.93717
2.79089
-1.25264
7.51958
1.73821
0.491102
-0.868656
-1.02168
-1.41361
1.51302
18.7896
-0.864626
-1.36592
-0.0995071
0.492879
-4.25365
-4.90121
3.79071
-1.92654
-2.17997
-4.9958
-0.354819
-0.934871
0.020803
-0.611987
-1.21122
1.52652
-3.62738
0.107399
-5.33903
-0.843134
1.17441
-1.05722
-0.705072
1.08545
-8.18232
-8.34232
-1.11672
0.809687
0.724706
-0.782003
18.9505
0.712421
-0.31832
-3.09594
2.46593
-0.302115
-0.202258
2.00477
0.27664
-10.3051
1.19952
-0.979675
-11.9631
69.9501
0.907939
2.15152
-0.0959333
-0.136537
1.55074
-0.657334
-0.0390545
-0.464399
0.613612
6.47753
6.06971
-16.9815
0.507572
-4.58555
0.284832
-1.39324
-0.184542
-1.79552
14.2338
5.95057
0.819499
-1.43626
-3.21127
-3.22317
7.43163
2.92219
-1.59705
0.521118
-8.94875
-16.0762
0.568957
-0.682404
0.0450805
0.418436
-0.319223
1.76601
-40.7806
10.8074
0.011871
-0.640082
1.97
1.38226
-3.3725
1.61005
34.8406
-0.313806
2.85651
-0.305557
7.23496
-0.290471
1.68899
-1.49764
-1.04551
-1.67416
-25.1161
0.41923
1.42989
-0.0845763
-0.213449
-1.54442
0.000375457
1.86233
-0.326228
1.67009
0.585821
-0.315354
34.4155
66.6484
-1.45538
-2.10592
2.13262
-1.85192
-1.67539
-0.3069
0.641254
-0.943466
-0.611357
-2.05995
1.39358
-1.02258
-22.2279
2.39476
0.310034
-0.465601
1.13584
0.48853
-0.125985
0.460856
-1.11101
-0.911111
-0.322771
-0.506118
-8.63032
0.687948
1.20411
-0.230029
2.56675
0.49
0.72534
3.51122
-0.0577099
-7.32892
-2.77637
2.18095
0.433679
2.04745
-0.468352
-5.43578
1.79553
42.6845
0.790564
-0.360517
-1.25254
8.93825
-0.0041324
0.383517
-0.0698443
-0.554091
-0.8792
-1.81513
1.07987
-1.0089
-0.163333
-1.22707
0.108857
-8.31376
-0.196446
0.755911
2.09472
1.02063
-0.311324
0.350405
0.00327499
1.58284
1.16895
18.9033
-0.82092
-1.43002
3.72183
2.50778
0.468545
0.349933
-2.50647
-49.6832
-0.136055
1.14815
3.85902
-1.55367
-3.13108
-0.752204
0.0229632
-0.642788
-0.669321
4.36698
-2.51082
-0.244601
1.07187
-0.0326803
-4.99044
0.830199
0.568575
-0.970053
-1.93424
1.51979
-0.123364
0.283643
-0.999523
-3.93453
3.23372
1.29568
-0.426259
-1.63995
4.15071
-0.449676
1.11752
-1.10592
-0.271238
4.01699
0.111295
-0.874605
0.0621042
-24.22
0.108578
0.905027
0.323483
1.22652
0.785348
-0.834453
-3.97462
0.50185
4.57873
2.36417
0.0207275
0.446853
0.165746
-0.500291
1.0734
-0.0596849
-3.26118
2.20509
3.09881
-3.79693
0.776138
14.3153
0.00600746
0.26839
0.266356
-0.800981
0.29513
-1.46882
-0.974668
-2.45744
0.648175
0.246539
-1.36935
1.3303
0.566698
-2.49751
-1.57242
0.615306
0.398135
-0.517015
-0.529428
2.06953
-0.524754
0.81545
-2.84106
0.342378
-1.02539
0.18073
-1.10361
0.217527
-27.7996
-1.05773
0.0255452
-6.89599
-832.335
1.34699
-0.567551
1.77663
1.4026
-0.293432
-0.496202
0.156829
1.69106
2.55809
-6.55953
-2.67852
-5.64461
-31.5478
2.90467
0.151565
4.90248
-6.48274
0.900723
-0.492313
-144.783
0.723751
-4.74106
1.13671
0.00558208
-15.3009
0.83555
-5.50589
-2.54309
-18.322
0.161155
3.08434
0.288293
-2.00733
-4.19037
0.349401
0.122016
-0.600373
1.02732
-0.533826
-0.548936
0.754994
1.08144
-1.83001
0.363938
-0.467967
0.649378
0.277663
1.04117
0.0283736
-0.22493
0.249436
6.65424
-1.55597
-0.213169
-1.03084
-1.78942
-6.67604
-1.21935
0.0528314
4.58966
2.49564
-0.881626
5.46913
1.94787
0.0192296
0.679361
0.279229
-0.517969
-0.697366
-0.119229
-0.879803
3.32199
7.12104
-0.222238
-7.41624
-3.00988
0.72162
2.73329
13.4143
-0.463568
1.12226
0.0309611
0.908693
-0.101315
-0.50657
2.34877
-2.82701
-0.0536144
3.97262
0.614423
-1.52885
1.66691
0.692573
0.357145
-3.41205
-0.259476
0.795893
-1.80576
0.0246092
-0.340572
0.457086
-0.548609
-0.11161
-0.540704
-1.55749
-0.808898
0.634164
0.298249
5.32507
-1.9989
0.0287011
-1.02155
0.988982
0.46706
2.17349
5.60261
-0.709919
4.11113
0.0890511
-9.68753
0.537874
-3.27161
2.08586
-0.749178
-0.416684
8.08287
1.07545
0.376279
-8.29657
0.454538
0.347944
-0.484838
-1.40469
-0.564237
1.61652
-0.188784
-1.13385
6.38443
-8.83331
-16.7652
0.971529
40.3468
-3.23484
9.04742
-0.828716
0.528487
-0.231001
-0.135801
6.77894
0.0219063
1.98039
-0.125158
-1.40891
1.04675
-0.610019
-0.297033
-18.7374
-0.423359
-0.515786
3.38967
0.210691
-1.09531
0.801296
-0.534221
-0.555927
-2.75889
-1.25303
-0.0680302
-0.232267
-0.28998
-0.684724
-2.06985
-32.6806
-0.0350097
0.163764
-0.971134
0.279678
0.67873
0.866908
-0.472979
-13.4586
1.84489
1.31305
-10.5989
-40.9619
-0.676572
-1.31078
0.593634
1.17541
-8.75766
-1.63068
-1.97802
-1.40044
-0.229818
-0.535734
-0.877543
0.410171
-2.21156
-1.56164
-2.30457
0.715809
-0.275361
0.0966742
-0.585896
14.432
0.361643
-4.47162
-0.206395
-1.06259
1.1688
-0.976991
16.2037
-2.8776
-0.0730372
0.470143
25.3809
129.755
-0.501406
0.0488698
-1.46817
0.481567
0.211377
-0.0888996
-11.9645
-4.37518
-0.0541733
-0.995301
0.537072
0.234039
-0.709816
-0.078626
0.838928
2.13566
-1.18023
0.628567
-11.4107
0.223172
-2.06447
-2.6525
2.17462
-1.30942
-2.67281
-0.293359
2.34848
1.2459
-2.35485
-0.577827
-1.24624
0.751706
3.89318
-0.319701
-1.06175
3.57657
-0.970395
-0.602692
-0.808451
2.60391
-0.274503
-5.47632
-0.241806
-0.856544
0.23452
-1.40732
-37.0282
20.4038
3.09314
0.154715
0.767013
-0.175578
-0.162932
-1.82875
0.339794
0.844739
-5.784
-11.4127
-1.01515
36.6801
0.303299
-9.09791
0.639047
-1.65672
-1.48721
-1.16338
-2.23404
12.2097
0.595767
0.433848
-0.109683
-2.8132
-10.4014
-1.48546
-0.579897
-0.990691
-0.91397
-2.07624
-0.859962
-0.311573
0.454163
4.52471
0.150289
-0.203052
-1.01061
-5.52139
7.38806
0.766579
4.55819
-1.93832
1.97415
1.66633
0.331771
0.697498
0.248215
5.73617
-14.3614
0.720623
3.00777
-1.08247
1.2186
-2.37705
0.196296
-242.341
2.39846
-0.391997
-1.29854
7.35713
-0.167205
-0.303693
-0.483693
0.299218
12.1644
-0.250907
1.66492
0.343922
1.0778
0.765165
1.65713
0.994101
-0.535505
0.238284
3.3143
0.564088
-0.710212
8.15579
6.19754
1.65821
1.46601
-0.148431
-2.83246
-1.85305
-8.17063
0.807981
-1.70411
0.291508
1.76648
-162.735
1.18712
0.230594
-0.150915
-45.3794
-1.1685
1.07595
0.458926
-1.05102
-0.866073
1.35693
0.152009
-3.46045
-5.73555
11.9013
-5.35897
1.05485
0.0253131
0.829419
4.25761
5.16114
-1.78997
-5.2413
2.10791
4.99955
-0.442876
-0.132972
1.75995
0.0577692
1.05337
-0.235318
-2.45
-1.10558
-0.750561
0.290107
0.721596
2.70789
-0.0497758
0.692474
-0.952279
-0.153628
0.022566
-1.05973
0.272158
1.43107
-0.570274
-0.426848
0.73406
0.673869
0.904161
1.67859
-0.654817
51.2724
-1.25934
1.43588
-0.520338
1.21866
1.75947
0.129012
-2.06713
-0.201935
-11.6877
-0.793959
1.44508
1.16931
-3.33997
0.495161
-0.0254083
-0.748144
0.618739
1.07854
-0.0601737
0.115033
-4.82757
0.204509
-0.0257695
-0.0236863
1.09421
-0.444572
-12.473
0.287799
1.76206
-10.9438
-3.43582
0.573367
0.603903
-5.33343
-0.437379
8.43329
-4.04826
11.2506
1.05579
2.15466
0.344007
-0.268485
-0.190016
0.333567
-3.04895
1.98902
-0.878757
-0.257344
-1.51776
-1.04477
-1.77702
37.2828
0.567023
7.30225e-05
1.60596
0.253603
-0.163741
-0.11278
-0.473459
-0.885842
0.0499062
10.7132
1.43193
-0.236166
-9.78778
1.23274
2.35929
1.69109
-0.331434
-0.395919
0.0987988
-0.599824
2.24827
0.174496
-9.7328
-0.0694736
-2.21457
1.13175
-5.51584
-0.0532375
0.34738
8.19059
-0.272758
0.231614
-1.82893
3.79083
-0.557361
3.11604
-1.5904
-2.52103
0.291661
17.4929
-0.58017
1.64627
1.48371
-2.90086
0.535792
41.2689
0.218685
-1.06048
-10.56
-0.0278429
2.09637
-0.153318
-0.138299
-0.432919
0.602223
1.89649
1.0834
-18.2919
23.2725
-1.14889
5.33239
1.56439
-2.20075
-2.14958
0.778945
4.19351
-0.739304
4.41888
0.0300146
-1.39031
0.156318
0.662196
0.0858883
-0.784732
1.07726
0.211054
-0.0792823
0.962473
0.134456
-0.318038
-2.05737
1.08791
0.967753
-4.65167
-10.3774
0.141457
-5.57772
-0.407959
-0.0595342
-0.122268
0.819754
0.101386
1.33236
-1.05499
2.68197
0.897396
0.35849
0.0267187
1.53643
-0.239932
-2.43585
0.521236
0.229132
0.428923
-0.545131
3.97672
-59.5287
0.555756
0.0600492
1.00048
-1.54784
0.838552
0.197445
-0.480695
0.442825
-19.4049
-2.28352
-1.05521
2.27957
50.3311
-3.20163
-0.210831
0.14863
2.79707
-0.227974
0.318654
0.249481
1.70057
0.997979
-0.481738
-3.78574
0.797785
1.56536
-2.13652
-0.14119
0.382072
0.693007
0.264218
34.8648
-22.763
-0.247229
-1.13685
-0.685046
-5.614
-0.164812
0.337843
0.128436
1.41913
-38.1842
-0.456419
-5.24079
2.84344
-1.50987
-1.00298
-0.00248149
-1.76784
87.4179
0.24344
3.43168
1.85695
-0.3113
-2.89613
-4.65316
0.733815
0.920224
-1.42604
0.0338339
-2.93332
1.12582
-1.95579
-1.84344
1.0366
0.832608
1.96889
-3.44133
0.686294
-5.87912
-4.20446
-3.94245
-0.949115
1.14016
0.753872
5.99089
0.608645
0.546571
-3.22813
1.3958
6.74866
-1.02877
-7.14314
8.17159
-1.74234
-0.291468
-12.4675
0.317884
-0.0686318
-5.46888
1.11417
0.304264
-3.69933
0.27784
2.91045
0.090911
2.37616
0.312555
0.232463
-2.07899
0.726078
-0.057183
0.384755
1.15773
-1.80662
3.01359
0.540748
-0.538149
94.4939
1.42333
0.53448
9.44318
-1.639
0.571517
-0.227857
82.6866
-0.570027
0.64409
3.90881
4.59192
1.20494
0.0287619
-0.243724
9.86067
1.06677
0.439665
-0.0551514
-0.347892
-0.117866
-0.0614902
0.244555
-6.02623
3.49333
0.548044
2.25469
-2.88791
-1.12096
4.15182
-3.63499
-14.5875
-1.01893
-0.444525
-0.864281
0.344155
-2.0844
0.017385
-0.831555
0.197016
-1.11151
-0.782567
1.77388
2.26876
3.0356
-1.23535
0.967352
0.891492
-1.40795
-0.219446
6.13721
2.54161
0.417955
-4.00251
1.05859
0.149944
1.37657
-0.640576
-5.64756
0.149202
-4.08958
-2.44446
-3.21
-0.742606
1.12582
0.182001
0.15735
-2.32849
0.179342
0.356921
-1.04644
1.36232
11.1467
1.02407
2.88452
-10.4021
6.44706
8.63231
-3.53894
0.162722
-0.254524
2.12137
-1.09922
0.291317
-55.4688
1.90123
6.43151
1.8149
0.860297
-0.154488
-9.79624
1.06639
-0.394888
0.554134
-1.82985
-0.684931
0.305718
-0.475815
4.23628
-0.00365869
-1.13899
-5.51855
4.44466
36.2704
-0.775752
-0.875604
-2.02387
-4.19481
-1.519
1.70798
-13.602
0.0356554
0.738146
0.297956
0.110477
-0.565667
1.44349
-1.38293
-0.263072
-0.840767
0.251757
-0.277166
10.5783
-0.961843
-0.0633264
-0.139204
0.140992
0.314602
-1.77081
0.380113
-0.257087
79.1934
-2.68307
-0.507448
-0.680294
1.34035
0.245934
-5.10312
-0.152523
-2.06452
2.96768
-0.805967
-0.859767
0.581565
-5.5841
0.697666
0.276511
0.0764109
14.4909
-0.512601
-0.259349
-4.24488
-1.3186
-1.98012
6.42363
0.779289
-44.7216
-0.273198
1.31137
0.496707
0.105825
-3.03355
-0.727539
0.710861
3.50449
-0.106808
0.553735
-0.913351
1.37038
3.68659
3.05341
-0.291123
-0.517058
-0.928521
-1.14313
3.68528
0.784931
0.139439
10.4883
0.569406
-0.0756303
0.935725
-0.08477
0.447342
-166.732
1.40986
0.0942995
1.30366
-7.88562
2.34888
-0.165526
0.232026
-5.88937
-4.13168
1.06915
-3.38271
6.31234
-1.06132
-4.19656
2.80456
-2.2238
-0.0952865
-0.282472
2.70217
-0.268873
0.246632
0.811421
-1.33976
181.257
1.11816
0.379999
0.877918
0.743378
-0.812701
-0.669296
-0.542252
1.22259
-1.69983
0.597498
0.511507
-0.0923606
-2.96162
-2.40784
-1.10499
1.91968
-5.98734
0.0845361
0.17711
0.0353692
0.91782
13.0255
0.0595128
-0.833605
-0.100939
-2.21438
-0.0624385
-1.73172
12.6686
-2.36792
-3.20049
1.08064
1.02617
-0.307721
18.1113
-0.37543
-56.2644
-0.821165
9.16547
4.67532
-5.81011
-0.247961
0.73024
-8.71866
-0.803429
-1.41263
10.2971
75.692
-1.00383
2.68818
1.1516
0.15736
-0.372036
4.71431
-2.33746
0.838894
-0.208972
-0.42557
0.0605749
1.7433
-199.144
2.2054
2.46404
-14.2738
-0.664692
2.89589
-1.08642
1.48311
-12.115
-0.429954
-2.56678
-0.754768
-2.16179
-5.54646
1.57395
-2.74273
1.36797
-0.0178639
-1.11869
1.62136
-1.3555
1.11218
0.118129
0.00273692
1.22016
1.57159
-1.00075
-0.493823
-0.878387
0.922094
0.046555
11.2272
-0.442105
0.507943
0.606112
0.963387
-0.88038
7.42326
-1.27343
2.4503
0.364054
-0.146819
-1.98464
0.288619
-0.106728
0.752785
0.0905536
-75.3545
-0.602571
3.21394
3.77228
-0.169701
-2.19229
1.1008
31.1915
-1.18768
-0.607977
0.174412
-1.77833
-258.567
5.70173
0.608455
8.39402
2.79497
-0.838667
9.21325
0.38845
-0.138983
0.409755
1.59896
-1.6195
11.243
-0.618223
3.84905
0.724645
-0.172784
-3.26514
-2.57136
-0.236218
0.268705
12.0739
-8.9017
1.14131
-1.49017
1.22722
-1.03304
-4.82793
-16.311
-1.30692
-0.163384
-7.25577
0.217325
8.78139
0.512107
-0.527674
1.59672
0.165927
-6.65442
2.03465
0.319838
-5.55314
6.66889
0.0922258
0.972692
0.35335
0.378773
-0.505995
-0.709353
-0.0252765
0.363668
-2.3922
0.0772172
0.188881
-2.75353
-0.131992
-1.13866
-0.817234
-0.357701
-4.36918
-4.9299
4.19777
0.239307
0.0399101
1.2027
4.0782
0.596065
0.390256
1.32249
-4.63283
1.32012
-0.555887
-0.0350712
0.114205
0.324477
-3.36157
0.827338
-0.397562
-0.386796
-0.447948
0.767617
8.51367
13.3983
0.970244
-16.5743
2.63291
0.495421
1.82807
-0.252714
0.723896
12.361
-1.90782
-0.127497
1.21217
-10.4183
0.300493
-6.52492
-0.392914
-10.8116
-0.924812
2.94828
-0.718301
-4.24988
0.805295
-1.55886
6.16797
-0.463068
-13.932
-1.7577
0.693539
-9.46626
-4.87746
1.39685
0.497786
-0.343721
9.05051
0.807096
0.445751
-2.65757
152.224
-1.15108
-0.362375
-1.1429
3.37266
-0.245583
2.10562
21.7233
-0.56222
0.279047
0.488338
-19.33
0.293295
-0.743953
-1.24529
-3.37676
0.913265
-0.834893
4.92591
-0.272514
-167.841
-5.5811
-0.937444
0.930164
0.40234
0.77498
-2.56665
0.55797
-0.231154
-0.0763446
0.838242
-11.2059
1.81402
2.21131
2.00988
-0.786737
-0.118252
0.282777
-0.273652
0.451039
0.603211
-0.382853
0.182201
4.12694
-1.95023
1.81104
0.167475
26.3105
1.50495
4.14102
1.12885
1.62494
-1.50467
3.86226
1.63443
0.726801
2.85717
1.34955
1.23991
-0.690322
0.0897872
0.484871
5.79546
2.30263
-3.10473
-73.5006
1.31241
4.6369
1.91385
-0.282477
3.16344
5.22185
0.881238
-0.840525
-1.29573
0.802444
-0.4717
0.378436
7.25673
-0.702981
-1.49202
-0.0204693
-0.163465
-1.63836
-0.741646
0.159129
-1.4288
0.12429
2.1232
-0.873519
-0.232899
-0.6922
0.831372
8.80522
-0.474483
1.49485
-2.77687
-0.562627
1.82979
0.787991
3.61541
1.97099
6.1394
-2.03351
-1.83977
0.0255518
-1.82064
0.210127
0.909439
-1.1377
0.939789
-0.241077
0.94787
-0.367191
0.552073
-0.377836
0.593924
2.42668
0.377619
0.1276
-5.61812
-0.576253
16.252
15.3798
-2.68707
1.40299
-2.72444
-2.71468
0.314134
-0.69988
-5.56427
1.32532
-0.378463
0.556995
-3.00946
-0.456966
0.0288665
0.346381
-0.276184
-0.384001
-0.188725
-0.223805
-12.7683
1.55384
0.957274
-4.41872
-0.501618
18.7303
0.923684
-2.35761
-1.9549
-0.580395
-0.17039
-0.426236
1.05546
-0.389715
-15.5276
-0.00710429
1.62602
-14.6886
-0.43384
-1.44891
-1.11985
-1.32625
1.34279
2.87461
-0.771137
-0.236799
-2.97153
2.40674
-1.54915
-3.53027
0.260674
1.43625
0.362723
27.8855
0.817324
-1.95904
0.932775
10.2903
0.973337
1.13956
4.69057
0.0745247
0.2652
16.0083
3.24107
0.331122
0.522382
3.1237
-0.0564423
-0.0720148
-4.78711
0.0550468
0.472763
-0.410532
-0.490228
-1.0841
-1.31728
0.380915
0.0971644
-1.84925
-0.570756
2.13541
-28.7896
3.74765
-4.16093
0.0449653
-0.216474
-2.71966
0.487683
0.555702
1.04391
-0.125696
-0.579748
-0.875933
0.683447
-2.56678
0.216335
0.178323
-2.16208
0.436399
-7.06086
1.03598
0.704553
-0.199481
0.0174027
-0.609436
2.1064
0.145841
-0.475521
1.82524
1.69511
4.26034
3.83514
-0.635061
2.52401
0.135506
-0.320108
1.01645
-0.442454
-2.09744
-1.77761
6.61024
-7.19757
-1.71218
1.18186
-0.339055
-1.72473
4.55786
1.23687
-2.25559
-0.0732197
-1.77198
-0.521987
-0.216393
-0.382431
-1.24526
-0.766126
0.423038
0.340388
0.637501
0.0708696
-0.171363
0.270566
-25.0401
-0.736086
27.5766
1.73478
0.308307
-0.182332
1.26989
-1.62711
0.339238
7.47408
30.4852
-1.58901
-2.03468
-0.109993
4.02805
0.631094
0.574225
1.35809
-0.746667
-1.91578
-0.234733
0.308872
0.544797
-2.10135
-1.79205
0.178002
0.0123618
-4.84655
-0.0101264
0.426971
1.97621
-0.163101
-10.7486
0.0768318
1.86539
0.290505
-0.257811
-0.435956
5.72678
2.93312
0.793421
-0.977415
-0.451078
0.196735
5.79304
0.431385
-0.259127
0.393018
0.847522
-2.85212
1.23287
0.358736
-1.24227
1.0845
-6.57056
-0.826978
-18.7352
1.03635
-0.416352
1.03321
3.70715
3.78195
-1.30346
-0.216784
-1.67516
-12.2928
0.574206
0.590115
0.103361
1.87524
-1.37143
-0.786955
13.1855
2.65909
1.05791
-0.601076
0.44074
0.549895
1.1284
-1.72676
-0.322472
4.53629
-5.81271
-1.87269
-0.10908
-1.96025
-2.63972
-0.758214
-2.05501
0.589398
0.725916
-1.03615
-2.65269
-0.989191
1.47818
0.461815
0.807781
-0.71146
-0.635294
-1.96121
1.23446
-1.33414
-0.00646803
-0.148944
-5.03685
1.23027
0.0818804
1.11584
1.54386
0.425273
0.18983
2.14181
-29.0673
-1.64241
0.557987
0.208211
-6.51298
-0.0221095
7.87851
-0.609296
16.4241
1.09073
-0.760664
-0.417024
0.377998
-0.784946
-2.46649
-0.718092
-1.06116
-1.00936
-26.0224
0.39674
4.64395
12.7082
-3.9031
0.282206
-0.47721
0.0907257
-0.358609
-0.605131
0.593446
-0.962007
-27.6619
-23.0232
0.445195
12.8584
-4.47701
0.36226
0.340723
2.81843
-0.289242
2.57818
-0.578834
-4.03694
1.78277
1.74429
2.31491
-0.244932
2.09223
-3.02631
0.273423
-3.18236
7.86946
1.09323
-2.99918
0.152854
-0.541644
-0.125057
0.408669
0.576738
-0.129162
6.26422
1.70284
0.386771
-10.176
0.60478
1.59817
0.647551
-3.467
0.702606
0.281221
1.68123
-0.0879445
-6.26305
0.528656
3.2733
-3295.08
-5.14558
-0.728999
0.282642
-1.26383
1.27432
0.515939
-0.169739
-0.263989
-1.90447
-0.306075
-0.357884
1.34851
0.227071
-0.38267
-0.212829
-1.15019
-1.3231
-0.200644
-0.288566
12.9324
-0.166615
-1.29902
-2.19107
3.18216
-2.68141
-2.92898
0.0383277
1.66783
0.449395
0.501717
1.01846
1.5099
-1.01703
1.20967
2.3056
1.64727
-0.580631
-0.478984
-14.2288
23.3954
-0.537173
1.20187
-0.347083
-0.104067
-2.90872
-7.53668
0.774455
-0.649466
-31.8811
-25.3321
0.612358
0.376545
-0.588013
-1.07975
-1.82496
-0.401932
-2.98717
2.2406
-0.706427
-0.242969
-0.608074
1.70572
-0.732382
1.60415
-2.95953
-0.766121
3.1621
2.20617
0.524862
-0.169329
-0.523479
-0.315967
-0.438514
0.946723
-30.2586
-1.45194
0.876962
-0.00502895
-2.25189
-0.184652
0.196708
5.37559
2.96867
-1.18505
1.86504
0.555624
-0.206574
-0.567914
1.28529
1.17308
-0.778078
0.326801
1.11312
1.13495
4.26242
0.217624
-3.02588
-0.146599
-9.78644
0.716519
-2.54178
0.0429043
-1.54287
-0.263446
8.16394
0.647177
2.79904
-0.154051
-0.803647
-2.05832
-0.524808
0.522116
8.36417
8.60061
-2.03326
4.34618
1.54475
1.31402
-2.33413
0.244338
0.672025
-13.1712
6.05878
3.43151
0.180013
0.0359495
-0.275914
-0.336862
-1.15348
-1.51301
-3.20483
2.28035
2.03033
-39.8953
0.0428946
0.0618097
2.96435
0.415129
0.247459
-0.357923
-7.48362
-0.273682
-0.624794
0.126858
-1.59702
0.0560573
0.433379
-0.849785
-0.932802
-2.90777
-147.481
-0.0691581
0.0494401
-0.745447
0.0228083
4.29716
15.0508
-2.25724
-0.236369
0.488726
0.475073
-0.557938
-0.408684
0.144365
1.80918
-0.533669
1.24808
-0.328367
0.554969
-1.89899
-2.5474
0.458902
-5.00278
0.534268
-3.48826
-2.78832
4.34185
-1.14683
-1.0673
-1.59463
0.827496
-10.0016
-1.31581
-0.560007
-0.34632
1.59763
-25.6718
-1.5465
12.8713
-19.5342
-1.18141
0.565677
-18.8468
-0.318486
-0.223771
1.19063
-0.469376
0.45906
-2.24866
-11.9266
-0.890144
3.56262
-1.36004
-0.286135
0.797925
0.0884256
2.75663
-0.460482
4.03861
-0.112766
-0.728461
0.593165
-15.0533
5.54502
0.676004
-8.34575
2.2924
-1.31402
0.0818218
-0.202049
-14.3266
-0.898266
3.40227
1.16802
1.49256
1.3376
-1.12252
0.0344214
0.903327
2.92963
0.224665
0.374033
0.0979985
-0.943965
-0.604966
2.73333
-2.01622
2.73173
-3.61286
0.997033
-2.8771
0.48518
-42.1857
1.82752
-2.38796
-0.0728897
-1.53085
0.858851
-1.8387
-0.408142
-0.544088
1.00639
0.502449
-2.78067
-0.843077
-0.559157
0.158078
2.3423
0.378363
-1.14586
-0.444083
-0.991049
-0.233715
1.79951
0.146693
0.0922568
-0.56785
2.68741
-2.12097
-1.70589
1.7758
0.841357
-6.18495
-0.620765
-0.679931
0.547778
-15.369
-0.0802451
-2.41664
-0.317023
-0.0722908
-0.972752
-0.567564
13.9852
-3.54828
1.40036
1.48201
-0.41817
0.00026542
-1.34569
0.390912
-1.80565
0.145616
0.346283
-3.3795
1.9918
-0.164506
8.99258
-0.39015
1.73907
3.25793
-23.4041
3.07387
-0.239571
-0.932652
-1.45931
0.0336986
0.671953
-0.748444
1.16465
-1.22119
1.41967
0.964222
0.633986
-0.589735
0.839314
0.0618824
5.77336
2.17883
-2.31322
0.116129
-2.82464
-3.02927
-0.706789
16.5294
7.24025
0.563779
3.28694
0.0635743
-1.5199
-0.929062
0.202614
-0.927632
1.14075
-0.365159
-0.307754
-0.984189
-1.18845
-1.76633
1.64725
3.84202
-0.023877
0.343528
0.884967
-2.51375
-0.901908
-0.304599
-0.644915
-0.180015
-0.840746
-0.0128206
-2.68947
-1.99286
0.798379
-0.0980463
0.881625
0.600701
0.000837027
0.0357945
-0.0101781
-2.03776
-0.614776
-2.68747
0.729048
-0.072114
-0.0726674
1.31151
-0.875231
2.15835
-1.1217
1.28383
0.912002
-0.246946
2.40356
-0.137527
0.898322
-0.0693307
-0.380192
-0.530312
0.02839
1.22809
0.359211
2.37376
0.380895
5.21194
-0.68214
1.03828
-0.166771
1.11472
0.0988533
0.134121
-0.977513
-0.739635
-1.50496
0.238841
-0.314179
-0.483179
-2.57085
-1.56776
-0.966827
-1.11711
-0.296827
13.1413
-2.33008
0.696537
-0.671662
3.10153
-0.663355
0.215467
-0.601967
-7.89113
1.55719
6.16746
-1.30305
-1.68699
0.540713
-2.36454
0.0746836
-0.450431
0.219315
-0.615844
-1.53717
2.90199
-3.42051
-2.39225
-2.59792
-2.21089
-0.322881
-1.16745
1.53071
9.10338
-0.766091
-4.70905
-0.880337
7.29046
-0.628105
0.312354
0.234495
-0.348801
0.709411
-0.445824
3.38062
-0.206368
-3.14155
-0.818346
-0.108396
0.181094
9.25073
-2.53114
4.03646
-0.476847
31.275
-1.31741
-0.170967
-0.707907
-5.09193
-2.29816
-13.3701
2.27415
-0.361557
1.50205
-0.127477
-0.126399
-0.599188
0.256244
-1.5943
0.968717
-0.536282
-1.23288
-0.584131
1.76004
0.468431
2.7124
0.515682
2.41996
4.57156
-0.488744
1.10343
0.0729915
-5.16778
3.26615
-0.888806
-3.14647
-4.55616
1.69741
0.903977
2.41425
0.18914
1.7584
1.28172
-0.168203
-0.118529
0.952065
-0.0045889
1.57444
-11.8702
3.61926
-3.61202
-0.0566554
-0.24665
2.26958
-1.14252
0.503628
-0.806799
0.146465
0.249776
-1.28161
-27.3993
-0.753042
2.49072
-2.84134
0.817289
-0.597883
1.74576
1.23119
-0.0703265
-1.55745
-0.364564
-3.5581
-0.146792
5.93448
0.676497
0.411075
0.997842
0.337922
0.13608
0.193369
0.0542975
-0.0150003
9.03964
-2.78481
0.0599828
-0.370582
-0.160771
1.29968
-0.481999
1.00979
9.64184
0.114912
-7.43749
12.1231
-18.1637
0.0664042
5.62693
0.374191
-1.96551
2.47675
-0.501583
0.919836
1.10851
-1.21441
-0.329936
-1.12751
-2.09713
2.62038
-1.13716
0.332038
-1.98392
-1.78117
3.18552
114.699
1.36881
0.836126
-311.822
-0.174519
1.7478
3.15216
1.28201
-0.871467
-0.779251
-271.784
-17.1575
-0.00546126
0.628603
-4.285
-0.593341
-0.454884
-0.0448428
0.0351608
0.917702
0.285067
-8.33797
4.66402
1.84258
1.85283
0.0705393
9.74917
-0.684914
-82.0125
-0.471746
-13.7425
0.421816
1.20763
-3.21157
4.5863
1.09668
5.8791
-0.172591
-0.572578
-4.64292
-0.629989
-0.56668
-0.179756
-1.4781
-2.65758
-0.667103
-0.932477
-0.115369
-0.61132
1.47753
0.67448
-3.15629
0.267166
4.23441
-4.76252
0.422585
5.30142
-0.652271
3.35802
-0.418312
-0.50355
1.11025
7.5542
3.05974
0.702014
-0.0911
3.09361
1.95643
-0.0300694
-8.32181
-24877
-3.26338
1.88932
-0.642373
-0.628737
-2.20045
8.38027
0.00023571
-0.0494739
-3.66351
-0.618664
-0.467691
0.292273
-0.55654
1.44069
0.0890428
0.134952
2.17016
0.171691
-0.468693
0.517061
167.186
0.045937
0.709508
0.344916
4.29462
-0.899888
0.319509
1.42106
1.66423
-2.60321
2.70484
0.58751
0.79054
-3.57657
0.159928
0.498826
0.375988
0.195642
2.08274
0.504868
0.656458
1.70239
1.76746
1.51485
19.3332
-1.29519
-0.343083
-1.32422
0.174696
-2.08837
4.66413
-2.06168
-1.79876
-0.516199
-0.446014
64.473
-0.114189
-1.00477
-0.755343
-2.18587
-0.363804
-1.5802
-1.9906
-1.48823
0.376661
0.0318063
-5.79002
0.255956
3.3338
-0.365912
0.425946
0.846327
-6.79515
1.96137
7.32188
-1.08042
0.699955
10.9984
0.204487
-0.0106559
-2.28816
0.123919
-0.650279
1.48489
-0.217304
-1.40633
-5.25925
0.0428522
3.00303
-6.30443
-0.433134
3.55273
-1.21314
1.14851
0.588839
1.00549
-0.619293
-0.484675
-0.927389
9.61531
-0.733189
1.90196
-0.895097
0.25819
-0.722789
-0.514794
1.04179
0.642389
0.163471
2.87036
6.9351
-0.564676
1.59521
0.133494
1.75402
-0.506166
2.91581
4.38929
1.25104
1.78222
1.63793
16.4449
0.830894
-0.096361
0.20589
-1.98392
-1.41905
1.5695
-0.734897
-5.18412
-0.960416
0.0149992
-1.20363
0.785279
7.52361
-0.350482
-0.312791
-0.0971221
-6.25969
0.656494
0.253209
1.49596
-0.390504
-0.224834
-0.4233
0.18348
-0.628227
-2.67617
0.169065
0.652512
-7.15719
-0.309818
-0.599225
6.82645
0.592371
-4.48648
-0.185996
0.108457
0.7587
-0.515797
6.09306
-12.823
-0.91819
1.22315
-0.181295
-1.18013
0.814964
6.38026
0.309521
-0.628911
0.144122
-0.341395
0.392282
0.252855
0.923813
3.95821
1.30545
0.083006
-1.63331
0.633857
0.501274
-0.473277
-5.97548
1.14306
-0.700069
0.711037
1.88225
2.08576
-0.518387
-12.4188
-0.646872
0.664605
0.196461
3.41992
-7.87839
-0.0591572
-4.94347
2.14359
3.70884
-0.223476
0.0103522
-0.598957
-0.320298
1.10238
0.0270145
-3.10213
-1.08045
-1.58551
-0.945629
2.17696
0.187071
-0.820424
0.773899
-2.78733
0.0958453
1.00608
0.51668
2.03591
1.22336
1.24837
-4.63654
-0.838059
3.47203
13.6801
0.747619
1.43215
1.11514
-1.07089
-0.264158
-0.343458
-0.409731
-0.43219
0.592124
0.897434
1.85816
1.72712
-1.8399
-0.584715
1.88069
1.51736
3.80688
1.43201
1.10863
0.202852
-0.675558
-0.0794065
0.415548
-1.0513
1.205
0.987941
-0.927042
-1.5747
-2.77693
21.9237
-0.233934
-0.0772797
1.07016
-1.61762
1.53843
-0.847403
-1.89452
-3.34435
-2.8394
-0.196461
1.72989
-1.52053
-1.18466
9.67058
0.216849
3.26099
-0.289732
1.29857
0.770031
-0.443517
0.138686
-2.33301
-0.380248
0.744864
2.63248
2.84453
0.188629
-1.40301
10.6469
0.0269683
0.551247
0.4508
0.560188
-1.14706
2.23813
10.2305
2.89562
-5.86049
1.77045
0.333483
9.20904
-3.60891
1.96288
0.596257
-1.44416
-0.418723
-2.93709
-0.21812
1.86927
-1.21059
1.43003
0.249506
0.0238617
-1.15994
16.4679
5.42544
1.54891
-1.8811
-0.149129
-1.66187
0.559612
-0.152487
-0.457624
1.02202
-0.22206
0.403256
0.813356
0.513782
0.304915
0.619955
0.284762
-0.277139
42.904
1.57805
-1.36662
-1.06716
0.290446
-1.01432
1.31702
35.6717
-29.5491
2.40542
155.844
-4.0625
6.91193
3.90939
0.410136
-0.241406
-1.93932
10.8206
-0.269024
0.898088
-0.677328
0.310997
-2.25641
0.0897454
-1.56555
-0.558754
0.825483
-0.0488883
-1.50225
-2.3206
1.01209
0.0683227
0.537632
5.73741
0.529662
1.93237
0.445888
0.747085
-1.80932
-1.50612
1.75717
-0.728562
-1.51836
0.0228913
0.0196798
1.67894
0.958716
2.01306
-0.330547
-1.66156
-2.43884
6.89301
7.01911
0.769451
0.707506
-0.949322
1.62052
-1.86746
-1.0663
0.320918
1.62662
-0.178348
0.814947
0.249393
-4.91595
-1.10103
0.334184
-8.9457
2.30254
0.986932
-0.660129
0.409385
-1.58176
5.02668
2.65699
2.31797
-0.254991
-0.500401
-3.14737
-16.1607
-1.92054
3.41875
-3.43009
2.58797
-0.189148
-6.74773
0.779451
0.663039
1.24744
2.32027
-15.4651
2.59097
0.577805
-0.143022
-0.585759
-2.70732
8.34044
0.678975
-3.03078
-0.0843
-2.8987
-0.611657
-0.671102
0.0417666
3.55828
2.43393
-4.6689
-33.1998
-0.608547
7.67483
-2.30425
-3.69274
-0.950077
6.22777
-0.271386
4.85978
-9.05336
0.231309
0.17435
-0.440625
-1.90889
-22.2881
2.49558
-0.711914
-0.206754
1.79336
2.10999
0.621747
20.7882
18.0699
0.135973
2.00275
0.612442
5.66702
3.77207
0.0550211
234.704
0.243704
0.0824284
-2.88795
1.17396
-0.372983
7.98461
-0.561164
2.26269
-0.611683
0.0476467
-3.05881
0.295847
0.192682
0.694214
-2.10595
0.732503
2.31818
-1.15788
1.32181
-1.98202
-0.00776718
-3.06109
-1.69097
1.75464
-1.67037
-1.00324
-0.0484492
2.81386
-0.183134
0.346443
-11.5386
-1.61117
-19.2833
1.39625
0.320274
-3.5805
-5.32535
-2.59708
3.22072
0.0378798
5.31347
-4.7164
-4.65911
0.173315
-2.05718
-1.26807
-0.304109
0.927789
-0.277081
-0.173739
-0.171655
-0.176736
5.34801
-0.0393957
2.9013
-1.35593
-1.82637
2.94933
-1.27931
0.262812
0.0861011
1.99705
-0.883602
0.343132
8.06746
-1.21631
2.5478
0.574539
-0.214148
-0.0886093
-0.670151
1.43653
2.5064
-3.92936
-1.12055
6.57658
-1.33463
-1.41691
-0.638698
0.402785
-0.699276
0.640885
0.266625
1.0141
0.577077
-0.00918986
0.258107
0.254358
-3.38613
0.0188554
0.53277
0.379311
-0.476208
-1.50925
-0.35453
4.07427
0.0182414
-1.06168
-0.717987
2.03234
-0.89306
2.44927
1.00935
-0.456846
2.58842
0.0278198
0.685606
1.23001
0.143473
-4.49914
1.6952
0.899522
-0.79781
2.39815
0.167094
2.57162
-0.966508
-0.498844
-4.61895
0.0671687
-0.236152
0.183391
0.581394
-0.484831
-0.585049
0.621113
32.7563
0.289257
-0.370968
-3.13929
0.234209
-0.959044
0.123044
2.45554
-7.10922
0.98167
-24.6548
0.448959
0.604599
0.894116
-3.7938
-0.849445
0.16985
1.37792
1.48123
0.343695
0.208268
-0.623223
-34.3734
-8.56311
-0.819394
-48.9992
0.299377
-3.56005
3.89183
0.813692
-273.898
0.430393
-0.974466
4.83699
0.494575
-2.77432
0.0034732
0.140242
1.37902
-2.42616
-0.1033
-3.98632
2.4033
5.84576
0.277163
-0.158835
-2.589
-2.2022
0.354419
-1.3408
-0.141855
-1.1761
0.234811
0.23053
4.65442
1.00601
2.57809
-1.94207
-0.126818
-2.2145
0.0516029
0.196637
-0.462396
0.00871705
1.50157
0.560387
-9.24345
-0.549799
-0.165872
-0.156708
