-2.94732
-0.122769
-0.416906
2.66902
-0.482132
0.589946
1.7126
-0.202201
-0.226846
0.546495
4.10713
1.12595
1.8043
0.401457
-5.4909
0.888262
0.60564
0.562892
-0.984987
-0.298745
-4.22031
-0.283103
1.0368
-0.973459
4.2069
0.576566
-0.64749
1.42765
1.3631
-0.912385
-0.202899
-0.401223
0.729864
2.08101
-0.378786
0.76345
0.703409
1.0752
-0.696909
4.89828
4.85574
0.233603
-1.36226
2.97288
-1.63127
0.839088
-3.02657
-2.74022
-0.697511
0.502497
-1.10638
-0.20527
15.8049
1.16234
-0.0393424
1.22809
2.23295
7.89462
15.4317
2.01278
0.338572
0.391234
-10.6732
-0.709049
-179.563
-1.72951
-0.517781
-0.839542
0.115864
90.154
0.91591
0.918257
0.786571
0.488981
-2.68475
0.0419257
-0.608027
-0.542021
-1.71803
0.0768692
-1.32706
0.382677
-0.203589
-4.92064
-0.121954
-2.16428
-2.47648
0.374179
1.56076
-0.0720787
-0.146306
-3.06784
-4.06285
8.61018
2.63308
-15.8551
-0.969566
-0.651291
5.7703
-0.414424
-0.0766492
-1.08411
-6.20409
1.78382
-2.05844
0.4437
-4.96151
-3.90782
-0.0814669
0.539456
3.96557
0.711549
3.91949
-1.01403
-2.18478
0.512167
0.210589
-0.570592
-0.116312
0.580834
-13.1182
-0.291117
0.141164
0.0537674
3.34959
0.406781
1.87649
0.336786
-0.257708
-3.12339
0.552132
1.34596
-2.46822
0.479455
0.11704
4.92571
-0.201549
0.0686409
2.22953
4.83011
4.29896
0.00397218
50.1624
3.56609
4.51331
1.45052
0.448104
-0.766632
0.246744
-1.2795
2.7534
-0.833177
1.08858
2.89944
0.663766
0.594777
-2.27801
-0.740439
4.9981
-0.30433
0.343398
0.363367
-1.23728
1.34211
0.133313
-2.94677
-0.853589
2.24372
-5.70266
7.70507
-1.52764
0.90304
0.181742
1.36273
-0.258703
-0.15094
-3.70848
0.271918
0.657101
-0.951721
-0.157797
-4.87037
1.30229
0.465172
1.33037
-0.162828
-0.390826
-1.78079
0.211935
-0.0114149
1.51217
-0.0190402
0.0245232
0.686222
-25.5402
0.0654165
0.684993
0.660907
0.246232
-9.03608
-1.80665
0.690834
10.3068
2.61583
-1.08593
-66.9185
-4.20127
-11.6988
-9.33763
-0.609878
5.4003
-0.217175
-0.987006
-3.764
-25.868
-1.14022
1.30414
-0.288978
0.45632
-4.70988
-1.00295
16.3651
-1.52212
-3.65372
1.9318
-0.481334
0.200393
-0.162198
2.0455
-5.30158
-0.24541
2.11727
-6.46282
-36.2988
2.87658
18.91
-0.839533
0.137744
-2.70531
-1.20902
0.625771
0.621215
-0.361968
0.981092
0.315053
1.21534
-0.822165
-0.922541
1.21297
-0.416587
-0.322817
-0.453204
2.42783
-1.41095
-0.953345
22.6342
1.45636
-1.0538
4.74147
1.65809
-3.56911
5.45334
3.15636
-1.32337
0.275945
-1.69052
1.30757
-0.949014
2.2557
-1.03951
-0.309404
3.94852
0.303265
0.392111
1.2421
0.4083
-3.64126
-0.19441
0.5195
-2.55354
0.248377
0.43033
-81.1828
-0.373819
-1.10293
0.796463
-1.64467
-10.633
-0.089374
-9.89203
-1.57065
-2.79698
0.482036
0.113539
0.491215
1.64689
0.497491
1.98645
-3.11765
-305.213
0.0203062
1.18846
11.8853
1.10494
-0.0714792
3.24821
-3.4345
-0.302304
0.935928
0.122803
5.69737
1.21705
-1.15852
0.312587
0.30152
-1.0319
0.501375
0.57609
-0.164106
0.0437404
-0.958606
3.325
1.24888
-0.353599
-0.250833
8.52128
-0.906268
1.33868
0.172947
0.254575
-0.810541
-51.0612
-0.165472
-3.20429
-0.211772
0.232221
0.258599
-0.00560048
3.74976
1.4155
-0.181054
-1.35133
-1.62496
-0.85085
-0.199727
-0.903916
0.225194
-0.845096
-0.29741
-1.52713
-0.308943
0.458355
-0.479763
12.1668
-3.27579
2.00682
-0.321411
0.743997
1.33661
6.38668
0.0447681
-1.71955
-0.781138
-34.055
-2.2711
2.32611
-0.229169
1.20753
-1.98275
-32.8318
7.47667
-0.616721
-0.406099
0.431743
-281.018
-2.83207
-15.0639
0.453784
-10.4737
-0.0758898
-1.25806
1.77538
0.375343
4.91941
-1.574
0.758172
1.04264
-1.48019
-4.16015
-8.99878
-2.43755
-0.612138
-5.90735
-1.86805
10.8779
-2.43852
0.418156
4.23801
-4.73052
2.61354
2.08525
-2.20843
-0.238105
0.782188
-0.129646
0.106169
-1.92498
0.732128
-0.590432
-2.01009
-1.40291
4.77426
0.357782
-4.81851
-0.578095
0.860276
1.20713
-0.387318
-1.81945
-5.88906
2.85113
-0.100651
-0.211307
0.290266
-0.132462
-1.00725
0.102386
-0.833202
-5.20079
0.639508
-0.470757
2.42716
-0.989267
-3.29726
-0.0238007
-0.374792
1.19367
0.259461
2.38785
1.71923
0.699581
-2.43789
2.17795
-0.839427
-0.252928
0.409374
5.18022
0.109913
-0.731651
0.0643998
2.2918
-0.0230318
0.697922
-1.53768
0.468372
-0.03581
-1.28156
0.99206
8.73812
0.535383
-4.69157
0.270646
0.55987
0.633696
-1.56615
-4.94544
0.856439
2.53212
-9.142
1.65665
-0.473473
-4.41092
2.09402
-1.29119
1.63113
-2.95411
-1.41952
-20.6595
-0.430804
0.132433
-0.309
-0.641132
-4.98685
-0.380505
-1.98336
-0.0895518
1.62769
-0.849744
-0.228924
173.046
-0.0686821
-2.32524
-1.24466
0.164803
-2.9044
0.292811
-1.0752
0.399213
0.0787354
-0.84356
13.9092
-1.8759
-1.4603
-1.23841
-0.258946
1.42046
-0.623662
-0.257377
0.453717
4.47062
0.196623
-19.9579
0.858476
-3.41684
11.7001
2.40903
-1.44207
-1.71404
0.632345
-1.89634
-0.73464
1.52148
6.39862
0.717169
-0.150084
-0.301654
-8.59842
0.777709
-1.38929
-1.60648
0.197865
0.492622
1.80773
0.801767
1.18511
0.905887
-0.907313
0.0111772
-0.0780287
-3.93246
-7.86129
0.639832
2.59244
1.01275
-0.770139
0.749316
-0.638887
1.54075
-0.102442
-3.3387
5.08364
0.793109
0.0552831
4.47262
-0.49077
4.40827
0.120557
-0.664311
-0.13444
-0.372882
-0.146726
-0.268897
-1.23947
-0.058844
1.18885
-0.489506
1.26333
-1.41343
-26.8867
0.10355
0.827924
-1.20614
0.940368
0.488137
0.241523
0.0290267
9.35133
-15.916
0.992447
-1.31866
1.02812
-0.0451842
1.53797
-0.451919
0.878042
-0.239896
-1.37276
-0.354848
-0.0525233
-1.23088
-0.128247
0.504694
-0.152729
0.894821
-27.5997
-2.10953
-0.684158
-4.76095
0.296164
0.797373
-0.194151
-1.4843
-1.00454
0.740806
0.113766
0.701284
-1.45938
-0.164279
2.80232
-0.614742
-0.860624
0.40155
-0.27296
-0.170947
-0.160749
1.22359
8.075
-1.6905
10.9986
-3.23969
25.5027
-0.819583
0.562658
0.501401
-2.22512
0.577425
-5.58437
-0.818578
0.994607
-0.274055
0.725064
-0.389933
4.47215
-0.858207
-0.167309
0.146457
-2.2005
0.481428
-10.9736
0.218198
3.78053
1.15492
0.76363
0.541357
1.66678
-0.436085
-0.600251
-0.56676
-5.20827
-0.935948
0.196827
4.37211
2.44893
-0.613429
0.529821
-3.36294
-0.418149
-0.525309
-0.0652635
-0.735875
0.503181
19.9677
-1.42529
0.764779
3.37024
0.1166
-0.59759
-0.446382
0.298035
0.610172
0.230127
-2.02636
-6.55753
1.61022
-2.97904
-0.440117
1.63469
-0.384447
0.926895
0.10753
-2.20354
-0.141183
0.807312
-3.27591
0.125817
-0.945562
-0.239736
0.653826
-0.287951
3.8763
2.24779
1.06228
-1.13176
1.45101
-1.65059
-5.51946
-0.856495
-2.88178
12.8484
1.50651
0.94216
1.25986
4.22804
-1.68084
2.33257
0.612403
-1.47058
0.716009
-2.28946
1.27165
-1.41021
-0.135215
32.8587
0.374431
-0.113563
0.156642
-0.441464
0.0804272
1.41324
0.194003
-0.769474
99.1984
0.732388
1.93517
1.67966
1.47703
-1.54867
-3.62253
1.89169
4.56067
12.4543
-32.7349
0.454454
-1.16957
-0.960078
1.24537
1047.69
0.759093
1.49936
4.13144
1.366
-0.0272287
2.75751
-1.40633
0.198179
-2.22744
0.18731
-0.187662
-1.4804
0.10917
3.10977
0.872527
-0.702911
-3.68265
1.35883
1.33701
-0.606024
-1.04239
0.536794
-1.57709
1.28032
-1.22615
2.05397
23.6075
32.9363
4.07621
-1.16529
0.816117
0.0293098
3.57402
-0.443243
-3.29802
0.504125
-0.165996
-2.79473
-0.762805
-0.46801
-0.36133
3.69552
0.138822
0.771988
-3.03434
0.13027
0.00158447
-0.24882
-12.9992
0.958983
-0.629875
0.291779
-2.46631
-0.484687
2.8505
-4.8535
2.23566
0.0904171
-2.47805
0.365145
5.08451
-0.21994
0.868003
-0.414873
-0.53781
-1.07298
-0.133605
0.749468
-3.27131
0.695498
-1.68576
3.19967
-1.73255
-6.51617
0.721752
5.93519
2.61743
0.743043
4.96469
0.893422
-0.218686
-0.586089
-4.55268
3.47983
0.577416
1.41268
-0.389967
2.10875
3.38801
0.829121
0.253171
1.80102
2.72627
1.8451
-9.15323
3.36539
0.113324
-1.06555
3.53042
0.444551
1.29228
-0.127122
0.254782
-1.88128
-2.99229
0.0207671
-1.0003
0.598749
1.58273
7.36833
-0.832033
2.49418
-2.30819
-195.232
-6.96049
-0.193361
0.903191
0.841823
1.91555
-13.3381
5.96397
-0.28099
0.947097
17.1203
-0.356727
-1.0831
1.07601
-1.41841
8.0917
-6.69416
-0.210911
-1.58489
-0.983635
0.492652
-10.7599
9.02957
-2.45107
-0.661617
-0.0596267
1.84997
0.217439
3.08424
-0.360338
-0.000959831
0.299616
-0.841053
-5.48608
0.410953
-0.941815
-0.082698
9.81875
0.0421838
0.291491
-0.823744
0.521376
1.0418
0.00351115
0.484383
-0.43254
0.111988
-0.149251
0.467791
0.0577388
0.341462
56.8384
-0.52846
-1.14131
0.00479878
2.52166
-0.30628
-5.77267
-7.36223
5.08531
0.313739
-1.47952
0.565599
-0.409215
-1.3567
-1.98277
0.509757
0.698547
-0.0212453
-0.546721
1.60278
2.81421
-2.34045
-0.144805
0.857064
-2.00557
1.14666
-3.15103
2.43896
0.51258
0.904692
0.386644
-2.39155
1.08117
5.88281
0.0698088
0.698882
-1.5047
-4.85851
-0.163213
3.99786
-0.568434
-22.4473
-3.35459
-0.689264
0.194423
1.19082
-8.29521
2.40157
-0.190677
0.883578
3.75695
-0.246276
1.25129
-0.597788
1.57365
0.895669
0.221823
-0.142702
-0.335727
-0.984841
-0.207416
-1.15999
0.244982
-0.505325
12.402
0.2194
-0.606151
0.58269
-0.129075
-0.464745
-0.347007
0.42713
-1.42208
-0.123979
-0.168051
0.610544
-1.50244
-0.320881
0.181647
-0.909901
-0.777421
-3.67791
-0.189604
-1.35012
0.0852653
-0.952901
-0.338004
-0.544899
1.04656
-3.61281
-0.429984
-1.17888
-0.454136
0.416558
-4.3422
0.810881
-1.86593
0.00294052
0.225262
-1.55496
-1.9547
0.2898
-0.672159
-0.998002
-0.256671
-13.6688
11.2572
0.996605
0.685735
-0.71137
-3.56962
1.78783
2.17017
1.85955
2.60052
3.14058
-2.3521
0.913825
-1.06915
-0.866162
2.68485
-5.73038
-1.27445
-0.669413
-2.6614
-0.0229559
-6.38892
4.30658
-0.391139
0.463629
-2.2926
-4.71185
-1.4719
0.74759
1.0118
-0.991475
1.56157
-72.0203
-1.44596
0.724292
-0.521546
20.9441
81.3327
-3.29896
-7.34318
-2.56702
2.66166
0.159134
1.32373
-0.119571
-0.988818
1.86479
1.04789
-1.50421
0.466461
-0.195729
3.63044
2.48271
-1.8187
-0.357736
0.747623
3.88412
-0.87944
0.554952
-0.257573
1.05732
1.68477
3.40732
0.133938
-0.468952
2.54023
-0.681162
0.722176
0.530614
-3.98765
-0.134877
-0.263948
-0.797144
-1.4481
3.28317
-0.457743
-0.145129
0.397534
-0.320952
-1.12114
-1.59577
-0.569917
-0.467347
21.1992
1.05997
-1.38586
0.535529
0.333639
1.11013
-4.16836
-0.988693
-9.62694
-0.536342
0.560611
1.01412
0.0716463
-2.15394
-0.0318884
-0.254748
-107.031
0.589086
29.8155
0.79254
0.79226
-0.252566
-3.43294
2.83069
0.958691
-0.0508782
-0.97487
1.09539
0.594146
-8.82281
-0.378836
-2.72301
12.954
-0.069636
0.134411
2.02486
-0.286687
0.058286
2.81855
0.0248103
-29.5866
-14.9027
1.47151
148.909
3.4192
3.60063
0.3059
-0.446269
0.556008
9.14079
0.658568
-0.176494
-1.11307
0.928379
1.89635
-9.32533
-0.51648
0.0497884
-1.20382
0.545246
-0.427333
0.0433898
0.781589
-0.20123
-0.319269
-1.60284
0.275892
-2.33394
1.07555
2.35297
1.10055
3.92747
0.191146
1.11932
0.767294
29.814
0.0230941
-1.14762
-0.606366
-0.284213
0.56091
0.00466863
2.12024
-0.0985892
-0.748689
-12.5025
-2.09443
3.01515
0.117055
-2.04435
-1.52178
-1.89154
-53.1227
0.159493
0.0450039
-1.13857
-3.74616
-1.05612
-1.58038
-3.84011
-16.9615
-0.644338
2.4646
-1.06446
0.162198
-0.301717
-2.78036
0.445956
-1.25309
-12.0088
1.50211
-1.47036
-18.5973
0.701485
-0.393572
-0.840796
0.597032
-3.67476
0.0537914
0.0870141
-6.23384
-9.64552
1.90916
-2.92203
-5.46135
0.757058
0.765832
11.0171
0.258765
0.876191
-4.53958
-1.35471
0.819473
0.249478
17.8622
3.55034
6.9954
-6.61591
0.0631354
1.79831
-0.130068
-3.26828
0.374491
-2.12425
-1.41981
2.08061
0.87541
-0.0873944
-15.042
-1.71971
1.39193
2.55855
-0.16117
-0.520642
-0.411787
0.26339
-0.94534
0.331797
-0.479482
-1.71551
0.448009
1.5218
-0.591402
-0.662572
-59.7107
-7.30102
1.8921
0.0585492
-0.827061
0.0777293
0.450518
6.4076
0.45841
-0.0104298
-1.82284
5.61079
0.20906
0.451545
-0.206858
-1.35213
-0.580448
-0.275468
0.175828
-0.877458
0.157852
-1.4001
2.00958
-0.653196
-10.9264
-0.489599
-2.58207
1.27022
0.323272
-1.16926
1.44393
-116.439
-4.49914
-1.27194
0.635205
-1.29048
-27.2817
1.72181
1.19228
-1.44194
0.158117
-24.0966
-1.49235
8.93072
1.70612
-0.17869
0.0543386
0.338447
-0.477358
-0.775537
0.0162358
1.35116
2.20392
-4.27204
0.753506
-2.28536
3.49492
-17.8043
0.585748
0.715874
2.69425
0.614287
0.163075
-5.13029
0.274734
-2.39496
0.278473
-2.00972
-6.63043
0.206891
-0.554249
-3.02526
1.85444
0.249344
-1.55612
0.649033
-0.100411
3.35456
3.82038
-1.107
-5.96919
-14.22
18.2327
1.28856
-8.67849
-0.818429
-2.04833
-0.375891
-29.9395
-21.474
-1.87927
-2.99355
-0.334131
-0.690058
-0.955146
4.0513
-2.00137
1.45364
24.7095
4.99135
-2.18388
-0.501863
-1.28535
8.78996
-0.191887
0.801494
1.44468
-2.1758
-1.78867
-0.740539
5.64446
0.0349984
-29.0499
-7.98929
-0.465759
-1.04307
-0.831267
-0.377707
0.336155
-0.305572
-0.219683
0.257134
0.413889
16.9804
8.13132
-2.3277
0.728634
-3.05678
0.773554
0.733325
-4.75701
-4.4011
-0.653907
-0.739804
-1.16624
-0.963162
19.7343
14.5386
-0.507811
-0.484144
-1.01791
8.98327
0.724916
-1.92894
3.22945
-0.297525
-0.0171361
-0.973327
1.49826
0.462773
-1.64383
4.21179
0.794271
-1.42161
-0.120806
0.0779482
1.16613
-0.163932
-1.62915
0.409933
-15.0558
-2.93344
-1.33102
-0.464669
-0.52072
-0.270661
0.309506
-3.90497
-0.862763
-0.374162
-1.8865
1.39852
-2.09939
1.24231
0.0872855
0.356957
3.88568
-0.88911
-1.92007
-0.12592
-0.720403
-0.239716
-6.86651
0.0797832
-0.864931
-12.2478
1.66587
0.235596
1.78618
-0.665334
4.62757
-0.0744921
-4.81787
0.362855
-0.248118
-0.397232
-1.85947
-4.37643
-0.521722
0.328787
0.723013
2.1464
-5.19531
1.41642
1.26002
0.282201
-0.171132
0.021277
-1.41305
-0.848832
-0.122641
-0.0768036
-0.767741
0.720144
5.52215
-4.76954
1.76305
-0.467618
-3.10303
-5.6723
-0.352387
6.14133
0.38049
-9.43063
-0.0133812
0.141456
1.46951
2.8662
-0.871572
-0.276341
1.0619
-0.04181
0.647376
0.579204
1.79761
122.499
-3.73034
0.331843
0.272898
-3.86599
-0.929055
-9.224
-0.563618
-0.588382
0.507546
-0.270836
0.191218
-2.34052
2.47141
-6.63862
-0.712355
-0.248091
-0.475881
-1.43187
0.73166
0.00138725
-4.13728
-0.324553
10.2392
-0.708968
-0.962064
1.55018
1.41071
-0.541817
-2.68259
1.89675
0.435965
1.06573
-0.58671
2.72718
0.410641
0.374017
-0.0859007
0.114244
4.22449
3.36754
153.172
13.3726
-146.129
-0.150936
-5.16389
4.57745
0.175808
-3.48407
1.16095
5.29704
4.63372
-0.516588
-2.69769
-0.842081
-0.155733
-3.6861
-1.95456
-0.648456
0.249338
-1.98818
1.25697
0.526958
-0.368128
0.516462
0.56477
1.18696
-1.12558
2.4295
-0.159079
0.32184
-7.32878
-0.393639
-1.90018
0.548329
-1.20462
-0.429951
0.60022
-0.763469
-0.00237198
2.27919
-1.14968
0.219678
1.06376
1.01667
3.09045
-0.632665
-1.45443
-1.23224
3.38553
-6.92179
0.973141
0.731172
1.79247
-66.4535
-0.707338
1.95985
-0.0391655
-0.687195
-0.00384282
0.18348
0.0497804
-0.709642
0.347889
0.504503
0.215775
-4.9669
-0.155224
-1.00145
-5.30609
-0.815029
0.946574
-0.285058
-0.711539
-0.373686
1.18938
-10.2129
-1.95031
-1.87861
6.52097
0.433087
1.74872
0.608591
12.3786
-6.87206
-1.49776
3.0448
-0.953293
0.282594
3.8656
0.577419
-0.390302
0.787824
-2.24119
-0.222545
-4.06335
1.19381
1.04513
0.123823
0.513717
4.17547
-4.48529
-0.45943
-0.777252
0.485641
-31.1001
-4.87308
-1.81413
-3.88737
-0.204023
-0.599898
1.00662
0.454849
-14.921
1.8989
-0.427819
3.80643
10.6145
2.26396
-1.02239
0.297046
-1.18198
0.396684
-2.22772
-1.47231
-0.53736
3.01163
2.89402
-0.200912
0.987846
0.441279
5.0376
-2.12323
-0.0390228
0.957621
38.4814
-1.35291
-1.16198
-4.03632
-3.00338
1.50378
0.408531
0.932622
-0.682994
-0.440022
1.26276
0.380574
4.00844
-1.59203
14.0989
-0.300099
1.6482
0.0627673
-1.00557
7.46719
0.995176
-4.10456
-1.38585
-1.3725
3.68982
-0.575782
0.0343297
0.0539611
-13.0514
18.232
-0.0925124
1.53829
10.9843
2.4052
-2.27263
-2.16238
-0.979597
0.317304
-0.658818
-3.69867
-0.0593282
-1.21489
-2.70763
2.72202
4.34751
-0.991408
-3.2996
-0.264196
0.153336
-0.333677
2.27381
4.20956
-0.347832
-2.31886
-1.30288
1.88088
2.02058
0.52798
-0.332682
-0.203601
0.546363
-0.622056
28.1266
0.321214
-4.79101
-9.40812
0.508431
0.455703
-1.86143
0.694547
-0.819289
-0.772479
0.702725
-0.835888
-3.84799
1.99794
-0.180798
0.198427
0.900312
0.47176
-0.337849
-5.62716
-0.282108
0.579055
1.91045
-1.21096
1.12059
1.26507
0.785926
0.00292855
0.257405
-2.19223
-5.07968
-0.992349
-0.935552
-1.7425
-0.915055
-3.97621
2.53964
-4.09069
0.670683
0.670461
3.25202
7.01599
-0.360152
1.12335
-0.669823
-0.248075
0.785767
13.0373
-0.833126
-3.28058
-1.17843
0.224207
-2.7303
0.538156
5.05827
1.0894
0.33243
2.37556
-1.17569
-0.606074
-0.0416529
-0.691762
-0.464772
0.0476686
-1.45314
-3.4453
-2.03946
2.29515
0.132641
0.046306
-0.03089
5.0146
0.366841
1.20709
-0.146761
-0.0508531
-0.31683
0.608128
0.351535
-1.12362
0.0575329
0.0463013
-1.43963
0.70613
0.0963698
-2.08735
20.457
-1.7669
-1.38143
-0.865487
-0.768314
-0.411933
-1.06187
-16.5363
-9.33817
7.36992
1.49276
2.49231
-0.665152
-1.73984
-0.307313
103.941
-0.280483
-441.979
-0.668467
-26.3432
0.547039
-1.15098
-0.467404
-0.827062
-4.59458
-0.382184
-3.78174
1.29534
-1.28043
-0.696657
-51.5494
0.245405
-1.14823
-1.02339
-0.993343
3.8595
-0.260877
-2.52863
-3.20493
-1.83205
-0.552317
6.53774
0.789245
-0.28619
1.77819
-4.75401
0.895823
69.45
6.28307
-3.93021
1.79104
2.53265
-2.95451
-1.0017
-6.63406
6.44768
0.111092
-1.08159
2.57413
-0.318266
-0.443574
1.71115
-3.61813
-5.21569
-0.865108
0.711648
-3.52913
5.80008
-1.90656
0.708692
2.49456
2.29221
1.0631
1.8686
-0.0504214
-0.405514
0.663886
-0.188748
0.804633
1.91803
0.613282
-0.147092
-0.402591
-9.91901
0.48946
0.650178
0.363398
2.32433
-0.358108
1.25832
0.147671
2.06505
-0.427657
0.701081
8.91473
1.18139
0.0735332
-0.0010161
-2.57076
-2.45537
0.0741671
-0.532155
-0.260281
19.905
-0.202819
-0.378902
-1.91682
0.792321
-1.67691
-0.41962
3.53616
-1.46663
0.64443
3.9184
3.84808
11.036
-0.556578
19.8783
4.15019
-2.2324
-0.3453
0.508083
2.13545
-2.34232
37.5139
0.993343
3.99714
-0.227917
0.398935
-0.416872
-0.912378
-0.735618
-0.0868861
1.87265
45.7181
-0.0986804
0.349984
-1.66887
0.400285
-7.88689
-0.409146
0.317604
0.651939
-0.311337
-15.5374
-1.12348
0.634552
-0.0118401
2.43768
-0.451114
-12.1587
-1.52248
-2.48823
0.0344014
-1.36555
-3.23505
-0.0298778
0.809185
1.07133
0.630001
2.57048
-1.26272
-0.316082
1.69029
-0.73061
6.62112
1.05632
2.04647
-7.07718
-3.69692
-3.03719
-3.03552
0.331248
4.74382
0.445671
-7.47455
-2.25435
0.0936833
0.162591
-2.18339
-13.6075
-1.08434
0.167891
-0.977965
-0.319585
0.173073
13.3692
13.1905
-4.90952
0.415096
-1.03815
0.272706
0.913102
0.0612156
1.34931
-11.2612
-3.25955
1.84823
-1.43967
0.639818
-0.0218766
0.829656
0.175256
-1.37853
1.36356
0.860579
-7.41596
-0.853614
-0.756891
1.26791
0.100706
0.295582
-5.60329
0.487073
-1.56193
1.31937
1.01909
3.19382
-5.12304
1.11176
-0.838826
-1.02512
0.0990982
-8.63954
-1.81007
1.87464
0.126678
0.291379
-1.57809
0.122031
0.097199
4.22532
-2.89964
1.78228
-2.27548
0.454408
-47.1035
-0.818748
-0.681387
-0.619587
-6.87378
-1.04092
-1.72978
-1.74146
-1.38433
0.737041
-4.99843
3.90002
1.61181
-5.56464
-1.08094
0.639276
0.0180515
0.0971511
0.390305
-1.41326
-2.44572
-1.18345
28.7562
-8.15357
0.132545
-0.481218
-1.37466
-0.159528
2.59644
1.25343
0.338098
-2.05421
1.31395
-0.696088
-0.373598
3.01358
0.46535
1.8402
20.4655
-1.29362
-5.03557
-8.96305
-0.923448
1.91809
1.63163
-0.605193
0.428916
0.273249
-0.445492
-6.35407
1.15569
4.61887
-20.5874
0.384307
-1.35176
-1.82555
-0.862058
-0.545934
-0.927774
-0.225808
-2.79342
6.21088
1.42876
-0.58213
0.668882
-0.533583
-1.24307
0.456592
-0.112009
0.575392
4.77281
0.168523
-3.90972
-1.24985
-1.40985
-0.615327
12.2252
-0.839629
-2.12953
-0.204979
-1.79211
-0.228336
11.7195
-0.938759
-3.44063
-0.532198
-0.393848
-0.196879
-35.4314
0.716841
1.905
1.35213
1.30125
-1.5624
-4.41376
-2.60856
0.406887
-1.27169
-1.69057
0.127296
-0.00786456
-0.389577
1.62317
5.95194
5.79268
-1.41983
-4.61768
-4.10154
4.26603
-1.79627
2.83835
0.821873
-0.662077
1.26106
-0.534055
1.19281
3.10748
0.0748724
-0.732548
-0.00522812
-0.461723
-1.07018
0.290092
0.627639
-3.26188
-1.0483
0.591096
-1.80306
-0.432661
-0.188378
-0.0384926
-0.278034
0.883101
0.587707
1.05442
-0.00712717
-5.9567
1.02036
-0.694503
-1.08352
-1.22876
-0.481077
0.565814
2.68588
1.39209
-1.64565
0.312647
-2.93561
0.933521
0.026792
0.989802
0.123611
-0.452736
1.52974
-4.18525
1.66018
1.22186
-1.0746
-1.0188
-0.657529
13.3725
0.772061
0.780986
-0.728362
0.365701
0.564037
0.237936
-2.89093
4.51017
4.08836
-54.3382
1.30309
0.708338
1.43687
-0.610904
1.31845
0.326509
-37.5818
-0.11393
-0.649151
-4.44297
-0.613439
11.6663
1.15144
3.13938
1.03937
-0.915985
-4.70524
0.506333
-5.49138
-0.949285
-6.52482
-1.34776
-0.80514
-2.44697
3.80348
-0.0504134
-0.354206
-0.824221
3.21878
0.636958
-0.196581
-0.475815
-33.7009
9.30039
-0.15056
-0.839405
-2.20166
-2.58106
0.0459682
-2.13433
-0.370324
11.984
-2.78981
-2.91709
2.12724
-1.93724
-0.705677
5.30356
0.845404
9.27669
1.43813
-0.294475
2.84495
8.77592
-0.137238
-1.49692
-2.95963
-15.1188
-1.29143
-0.0182986
0.695399
-0.270571
-1.78658
-3.1854
2.6337
1.57783
0.621153
2.76564
2.71859
0.436983
-1.82427
0.796367
0.400733
0.244915
0.150023
0.345162
-0.500237
-14.654
-5.52813
-2.04567
-4.64819
3.42006
-0.990929
-3.41985
2.40594
1.06709
15.4316
17.3949
-1.04776
0.570786
-1.06119
2.48569
-0.389355
0.716908
0.104668
4.33654
0.229874
0.637421
0.926123
4.84213
0.939928
0.862023
-3.38007
0.373046
-3.22675
-0.0155249
-0.685952
0.726369
-2.4287
0.278529
-0.323018
0.36159
0.991484
-66.4966
-0.988347
1.56903
7.44033
-2.50239
0.0165087
0.466016
0.777778
-4.85294
1.48285
0.254807
-0.252432
12.2347
87.0861
11.4901
1.63888
-9.21808
-1.3189
-10.0183
0.115484
0.906593
0.24635
-8.61881
-3.26695
-0.881789
-0.0426641
1.52317
1.5132
0.0794565
6.24835
-1.33959
-1.10404
0.193422
-1.37498
0.604003
-0.0767102
-8.24349
-13.3702
1.22944
-0.680575
0.0376422
2.78453
0.571723
-1.0293
-21.713
-0.177407
-1.36112
-0.204847
2.34483
-0.305653
-4.07782
0.785579
-1.70848
-0.197994
-0.352807
0.152107
1.41592
-9.18886
-17.3293
-0.93835
0.188603
19.0212
-0.464761
-1.0211
-2.82367
-0.131194
0.870699
0.23483
-0.302369
-0.730957
9.31121
0.763789
-0.394751
0.0814615
0.197664
0.759534
-0.504535
0.520024
2.42241
0.574721
-2.45204
1.9058
0.657842
0.878666
-1.78345
-0.0322612
0.913821
-0.0966226
1.38517
-1.33616
-0.144702
5.11549
2.76971
2.62397
0.079814
-1.37022
1.78511
1.34366
-0.00619936
0.479673
-0.131748
-0.691598
-2.83951
2.36647
0.196507
-0.81304
-0.0251654
0.0457761
0.794476
0.824607
14.9185
0.687947
-3.14697
0.572754
0.427015
0.0576197
3.37269
15.1472
-1.29778
-0.352103
-1.37195
19.3596
1.22485
-0.321668
0.449335
0.237656
0.266155
0.474832
-9.03866
1.66828
-0.430907
1.05615
-1.34784
0.61042
4.54446
0.0418685
3.23265
0.633249
3.46815
0.600086
-0.101997
0.00359024
0.550163
-8.58798
3.89865
-4.86202
-0.881713
3.48847
-3.36026
-15.7505
-0.0761166
1.45848
0.389427
0.100231
0.371706
0.78391
-0.903352
6.83821
-0.712272
0.635974
0.0704418
-0.156785
-7.08557
-2.50719
2.20753
-2.69796
-0.324942
0.0454112
0.511256
0.423328
5.70795
3.6119
-6.05
-6.25471
0.586187
-27.7785
9.64035
0.969879
-82.3901
-3.82046
-0.576121
-9.44476
-1.81685
0.346824
1.22365
0.395074
6.2142
2.65378
-6.35483
-0.558892
1.16729
-0.205086
-3.34762
-0.827036
10.165
-0.0414552
-0.645619
2.13048
-1.85107
-0.412135
2.36415
2.23201
1.68713
-2.05101
-0.266485
-5.81034
1.30676
-1.97204
-0.693601
-0.518245
0.689217
17.085
0.405603
-1.54521
-0.808694
0.0178314
10.3382
-4.75176
0.390207
-0.615362
-0.0647233
2.89313
1.85938
-0.104454
5.999
-3.41543
1.19311
0.36717
0.081296
-2.62751
8.67237
0.501686
3.5589
-0.319172
-0.523104
2.38495
-0.123777
-0.877667
-0.760037
0.493208
-2.20161
2.75649
-3.01232
1.19952
1.04253
1.49513
0.739081
-0.00549113
-0.17277
-1.63644
0.797271
-0.958298
0.811013
-3.86287
0.152705
-1.25679
-2.18605
-0.993069
0.888762
0.663129
15.8388
-0.0685969
-2.29875
-0.423449
1.56384
5.78261
-0.937431
0.534344
-0.102851
9.59664
-0.516606
1.32985
-1.24905
-1.37975
-0.533669
-0.750316
1.19543
2.64276
0.147227
-0.809123
3.10051
-1.66104
-9.82401
-1.65489
-11.2402
-3.74316
0.198556
-0.20983
47.0271
-1.78594
-1.96983
1.14964
-2.22891
-0.383111
8.72716
0.0522505
1.22841
-0.509608
1.04208
0.0889852
0.140188
-0.48406
-0.0492405
-0.235734
-0.683551
-0.469168
-0.686269
-0.18214
-0.280301
-0.260725
0.527998
0.757695
2.7038
0.49842
0.0249196
-0.915318
-1.19573
-0.985917
0.420942
0.470239
0.232251
0.706207
2.00356
-1.05759
1.88353
0.133454
-1.41268
-0.28258
0.244737
-6.7396
2.52012
-0.17484
-5.23843
-8.61158
-19.0253
-0.531887
0.40917
-2.10173
-2.9397
0.55889
0.0206359
4.22454
-23.0791
-1.42021
-0.953256
20.005
0.524717
2.10224
-3.64945
0.131335
31.5475
0.113762
-3.47046
0.429549
0.315202
-1.26961
1.43244
-0.407816
-0.231741
-1.43708
39.8675
-0.0480577
10.6579
0.816173
-3.83313
-0.234473
-0.0431692
1.09361
-1.05435
-0.195132
-0.0145328
-0.468472
-0.118782
1.94758
-1.41398
-1.38581
0.330726
1.41508
120.666
2.14082
1.61491
5.69204
1.8815
-0.13445
-0.491729
-3.61568
0.0437028
30.8688
30.8812
-0.129223
0.195847
-1.11032
-0.843333
0.210955
-3.01906
-0.148724
1.47643
-1.34121
-3.17499
0.998195
0.196556
0.785231
-0.556246
-0.518331
0.630568
234.695
1.33746
0.412171
0.653165
-0.320393
0.057427
-1.49509
-0.0111664
4.66343
1.1016
1.43718
-1.25673
11.1207
0.142745
-0.00305028
-3.84108
6.10697
-1.04425
0.263582
0.232172
-3.62302
0.0610849
25.6587
-13.3466
0.955154
-1.90129
0.513727
0.915989
-0.250777
-15.3176
-0.853837
26.7706
37.6785
2.26217
-0.857758
2.5808
-1.57741
-3.61226
-1.3222
-0.14032
2.84362
-2.01236
-0.0296847
21.1505
-0.286501
2.58231
0.859628
3.74635
-11.3155
-0.746435
-0.311137
-0.504083
-1.72769
-4.08337
-0.599455
0.0250595
0.161836
0.000988663
0.133393
-2.86822
-0.101868
2.99805
-4.35257
-3.39711
0.668891
-0.456214
-0.804508
0.407881
-3.35724
2.98837
-1.67498
1.2273
0.199047
0.4705
-0.472432
2.90005
-1.49385
-0.311609
-1.91046
4.0655
-0.533978
-1.81938
-0.271563
2.03205
0.728672
0.601301
0.28208
-0.00566113
0.768354
6.94
0.54309
0.487585
0.414262
0.877551
-0.382203
127.39
0.424026
0.229067
0.19368
1.59294
-4.10712
3.5887
0.56462
0.854749
-0.0864146
0.292557
0.483164
0.0487126
-1.58941
-2.72934
-1.38563
0.165371
-0.187606
-0.59464
-0.623149
0.0916931
1.21362
0.679594
-0.247115
-2.63322
-0.709844
0.990529
1.73391
-0.378201
18.4878
-2.53889
-32.7627
-0.120366
-0.0928025
0.162046
-1.22072
-0.64941
-0.0243324
-0.733331
-12.1518
-2.17952
-0.398314
-0.0747016
-0.362826
-1.32014
1.32354
0.224096
0.518323
0.827782
-1.36269
1.28018
-0.952866
-0.105915
-2.0594
-0.212216
-0.0855107
1.41699
2.32667
9.08366
5.04947
2.25856
-0.391675
6.55978
-0.55173
-0.251408
-0.219912
0.23044
-18.496
-0.677276
0.197645
2.05815
1.39817
3.56457
0.750681
-0.533178
3.06927
0.147168
-0.279148
-0.541251
-2.70822
-1.03311
-0.815417
-0.148502
-1.22595
1.79931
0.34521
0.207512
1.3327
1.13457
1.68018
12.7908
-0.656033
0.22763
1.94532
1.66971
1.30207
-0.209393
0.813482
0.165111
1.37948
1.42206
1.42119
-0.105189
-1.64797
-0.230316
12.3046
-1.01211
-1.69368
1.17005
1.6179
-0.23255
-0.234366
-0.810903
0.164674
0.332225
0.00585449
-0.56484
-0.00421821
0.137781
-0.708038
-0.26968
3.82537
2.42001
-1.20136
-0.492594
-7.78198
0.017983
-0.9999
-2.63863
9.98662
-0.0196707
4.59578
-8.08755
-0.0783714
0.0818288
-0.337268
12.1359
-0.988151
0.664904
-0.616242
-1.15439
0.538623
0.724659
-2.39498
1.12199
0.0910846
-0.633651
-1.99125
0.348906
-2.80661
-5.169
-1.30978
1.22616
0.464195
4.17733
-0.944565
2.76971
0.613082
-0.573177
0.00841699
0.240829
0.683279
4.01266
0.901922
4.3097
-502.802
-0.388916
-1.06259
-1.40307
0.258988
-7.79279
-5.68147
1.1601
1.66803
-0.530968
2.18947
1.92609
1.55925
4.68022
-0.426088
0.683332
-2.6485
-0.0631733
-0.171258
16.8578
0.651249
21.9091
1.57291
-2.96027
11.1519
0.700344
0.626579
2.08027
0.716988
-0.621789
4.07431
-0.0115264
-0.258207
1.14947
-0.240046
0.114788
-0.262719
-33.3506
-5.15839
-0.964889
10.7215
-0.741003
2.01029
-0.635756
0.160092
-0.175114
-136.674
-0.126032
-13.2297
-0.868196
-2.34721
0.457693
-0.380711
6.99483
0.0533114
0.370921
-3.51589
-0.20886
0.650493
-0.413113
0.145659
0.252154
-6.07278
-0.624003
1.55447
-0.930965
-5.42555
0.549325
-4.16801
-6.26216
-0.0609937
4.15255
2.42839
0.626131
-0.704638
-4.31135
1.54313
13.4715
3.95542
-5.701
0.361516
-0.139352
10.4595
-0.631109
-2.11632
-1.30962
0.417723
-1.78364
0.188488
-0.688842
0.478008
-0.508236
11.3046
-0.299752
5.30524
10.4609
1.11749
0.632104
-4.33007
3.17925
-1.94132
1.51768
-0.573052
2.49719
4.48753
-1.11106
2.18391
0.0636107
-2.79791
-1.3553
-0.002756
-0.621072
-0.499519
-10.0562
0.881571
37.949
2.16625
-10.0875
0.0652203
-4.99714
0.896471
-0.2848
-0.592591
-1.00636
-0.587573
1.37175
-2.54503
-0.233583
1.08499
0.184883
0.563695
0.754016
13.1276
0.274477
7.84499
-0.000426428
0.167182
1.13234
-6.8042
-7.72332
1.03765
1.27665
-9.37213
-0.975301
2.32076
-0.252005
0.510958
-0.222176
-0.304901
-4.84831
-2.73603
0.422198
-1.31341
0.405112
0.375529
-1.20436
-9.30687
-0.1397
-0.924107
0.14433
0.545909
0.22146
0.867526
-6.32321
-7.62716
0.802763
-0.161953
2.83725
0.439267
0.303186
0.638837
-0.275061
-0.47114
1.68592
-1.49798
-0.258323
-0.45667
3.29443
2.80536
0.631891
-29.1795
0.904231
-0.814754
0.358389
-0.879891
-8.95599
2.82434
0.109129
22.3533
-1.17468
0.429492
-0.0726334
-2.80689
8.3246
-0.734794
2.99799
-0.176035
-4.87596
-3.56482
-0.63939
8.59679
6.07778
-0.545746
-0.941186
-1.09051
-0.792479
-0.244594
-0.290437
-6.57451
-5.02405
10.144
-0.0657979
0.933665
0.686414
-0.597714
0.478462
-0.56719
-0.322841
0.0740361
-17.3489
-15.0369
0.122441
-0.00677244
-2.79088
-286.406
921.308
21.2386
0.422459
-0.629758
-0.201643
1.28152
0.471922
0.668784
-0.15856
1.25113
-0.0900058
1.95662
-0.241129
-0.171369
-0.870978
0.304254
-1.37044
-1.42874
0.755509
3.46945
-0.983631
-0.346045
0.601226
-0.393276
0.195042
-0.853439
-0.0180454
-0.535121
2.03433
0.345039
0.0220604
2.98311
-0.330075
-0.291783
-0.0866476
-0.800813
-17.4088
0.118099
1.00557
0.872187
0.0880541
-0.341914
0.546073
-0.989893
-1.00127
0.449843
5.76506
0.202383
1.39244
-2.7661
1.46914
0.134069
1.73558
3.40104
-0.321571
-0.38325
2.80855
1.01681
-1.22731
8.41826
-3.53249
0.275467
-0.527615
-0.0987081
1.0943
0.487534
7.68574
2.22277
1.51997
1.57066
-18.9746
-1.14823
2.12448
0.363596
0.267928
0.0579489
5.9601
-0.0504539
0.734138
1.93153
7.11735
4.36697
-0.99259
1.24811
-0.364236
-11.508
0.823229
1.07161
0.889966
1.82931
-0.661756
-2.31225
-6.0626
-0.314263
-0.506369
4.90208
-10.5344
0.50719
-0.544184
5.61289
-3.49421
-4.79943
0.793587
24.8738
1.47596
-0.429385
0.303425
-1.48917
-0.643741
-7.79451
0.258895
-2.91773
1.35706
9.3883
5.17325
-0.468871
1.93712
-4.82221
-2.01909
1.43456
1.68236
-2.12498
-1.23745
1.20554
2.94676
1.32976
0.918088
0.0132792
2.88393
0.776166
-7.46336
-1.44934
1.35056
-3.65774
-0.115048
3.10553
2.2726
0.150089
-4.71049
0.720699
-1.2277
-0.54823
1.67497
-1.40166
6.05394
-3.6023
0.586137
1351.29
0.175797
4.8669
-0.897323
-2.39738
1.16562
-0.309658
-2.97038
8.53622
0.127898
0.751721
0.472952
1.39373
-0.967172
2.40759
-3.49155
0.0315405
-10.9737
0.0178762
0.606106
-0.337369
-3.74594
-0.376556
1.84507
1.62998
42.7688
1.90215
-0.568202
0.426435
5.83494
-2.27234
0.184386
2.53384
0.7462
0.287476
-1.69584
-4.03129
-0.201658
15.0883
-0.565484
-0.789931
-2.59186
0.851726
0.204331
-0.644439
0.52811
-0.353851
0.156873
-0.120247
-0.182483
-1.28843
11.2189
2.33691
0.0151824
5.17382
0.555333
-2.62848
3.80871
2.63111
-4.33269
17.0935
0.683809
-0.446599
-0.0434439
-4.94603
1.18218
-0.158523
2.57161
-1.31156
-0.309567
-1.08542
2.95772
-0.497153
-0.308038
0.0826472
1.4487
1.80164
0.770383
-1.9994
11.8611
0.802087
0.74277
1.15705
0.494045
-2.30875
0.394115
0.0335812
0.34437
-0.579721
0.456952
-3.66877
0.0894469
-0.484469
2.47014
3.38466
0.0965928
4.6049
16.4482
2.0148
1.47889
0.670732
-0.253113
-17.8034
1.60525
-1.45007
-0.895873
-0.706574
3.41401
2.69652
0.158618
-2.95049
1.63874
-0.0713027
3.95576
3.07144
-3.84023
1.60205
1.2665
-3.60556
0.0997102
2.69418
0.299421
1.52477
-1.963
1.44573
-0.209534
-1.66536
-0.308354
0.422601
0.668891
-0.0523726
-1.59784
1.03531
1.60855
-4.87572
0.509196
0.745869
-3.38301
-1.28483
-3.79472
-1.8492
-0.925995
0.912396
4.28209
4.7192
-3.53206
2.17112
-1.41686
2.52494
0.634421
1.16412
0.033491
-0.848973
-0.0829118
0.400288
1.18194
1.21008
7.99413
-0.716977
2.92995
-0.0391149
2.29696
1.47384
-0.130191
-2.0118
13.6823
-0.125404
1.8907
-3.28375
-1.18161
1.31416
0.514612
7.34938
-0.637475
-0.105055
2.77227
0.65266
0.0456328
5.15679
2.53413
6.96242
0.819897
-1.04582
-0.908667
0.0706168
0.491249
0.558843
-3.9652
0.157695
-1.76793
0.367891
-0.727699
-0.0480022
0.112418
0.0885151
1.56203
0.119003
0.812548
-4.62895
-1.02722
-0.673768
-0.29771
-0.215823
-0.0236695
0.463437
-14.0122
-2.76629
0.17826
-1.55526
-0.884588
1.94862
-0.206316
2.04635
0.0340784
-1.84771
0.349057
0.363063
0.289485
-1.96621
76.4821
0.541581
-0.733402
-13.5956
2.19786
0.558628
-1.66205
41.0572
0.163282
15.8305
1.24218
9.00755
-0.0100386
-0.0468561
-1.18008
1.21021
-0.0996975
-7.81096
5.08517
-0.704769
-0.206463
-1.68909
0.379109
-1.44439
-45.33
22.7847
-0.783381
0.393521
2.38783
4.17774
-0.539183
1.24597
-1.64736
-0.506458
0.331843
0.000490736
-1.20822
0.230506
-1.59138
0.536543
0.0514513
-0.554336
-0.93399
2.59912
-0.0353672
-0.4575
0.0725157
-1.41242
2.24697
4.24092
-0.573894
6.30881
-2.1128
-2.53436
-0.168818
2.71274
-11.8572
1.23247
-0.529727
0.323212
-0.44078
0.664015
4.55918
-1.42446
-0.320212
-20.0872
0.895996
-0.0351577
1.60786
0.792262
-0.708417
0.0375331
0.2419
0.887703
-30.7234
0.490165
1.32895
0.999332
2.26523
-1.51872
1.7877
-0.263324
0.390892
0.500222
1.67432
0.575711
0.869451
0.346131
0.499229
-1.92679
-0.0856194
-0.394306
1.31218
-0.358051
1.48923
-0.424474
-6.3979
0.396273
-1.31238
-0.49124
-0.365137
9.98375
-3.61238
0.0689027
-9.94324
8.2546
-2.67282
0.330784
-2.83606
5.37436
9.66481
1.76998
1.70644
-0.20254
1.18474
-2.1867
0.449389
-6.48487
4.44151
-1.26243
-1.56478
3.34633
-0.320292
36.8954
0.683707
-1.0334
-0.695854
-2.75307
0.0212188
-2.00584
1.80682
1.57094
-0.585187
-7.72467
-0.782629
-5.0724
-4.73002
8.26893
-0.687515
-4.48576
0.63267
-1.7432
-2.61674
-0.951122
-9.04047
-2.17077
1.46113
0.886383
-2.75613
0.1445
-0.102894
-1.33951
0.115532
-1.31564
-1.1068
0.494608
2.55843
0.347308
-7.60207
-0.176919
0.391716
-9.04151
-1.63656
-0.32674
-1.35953
2.90443
-0.5556
-0.485164
-1.62928
-1.16287
-0.24727
1.13278
1.03811
-16.8045
0.43984
-18.1708
1.48621
-0.508917
-1.72452
1.04928
0.570096
3.59507
-2.14566
-2.10348
0.539478
35.2429
2.65811
-1.5643
2.98914
-0.257909
-0.378731
-3.76841
-2.42347
0.371576
4.56028
1.84524
-2.44947
-1.49186
1.08734
3.65623
0.353316
-0.995826
1.54911
-0.922232
-19.688
3.1668
-0.767748
0.248919
-2.20827
-22.4929
-1.43333
55.7752
84.1249
1.62251
0.193369
-3.3564
7.65945
-0.255599
0.0637328
-0.0260592
-0.247014
0.522555
2.57892
1.96966
-3.28433
0.128176
-0.206285
0.202069
-1.13087
0.799935
0.427288
11.5322
1.4229
10.5618
1.57765
-0.364414
-33.5987
-0.119895
1.13504
0.906137
-10.0772
0.38461
0.185054
-2.89252
0.106037
-0.719073
0.349989
-4.68716
1.09612
-0.666575
29.1341
11.0087
0.892407
0.927549
0.711449
-2.42546
-0.447065
-1.04752
-5.37501
-3.55552
-2.89081
1.81211
13.0511
4.1038
1.74058
-1.42743
-1.76667
0.741635
0.300601
-13.8672
-4.03026
-5.82925
-26.3232
0.437666
0.700248
-3.74199
2.37718
-1.81642
1.90658
-0.140669
0.977541
0.260751
-0.899197
5.9628
-2.43077
-74.5423
-7.01899
-0.878707
22.4935
-0.513019
0.536761
-0.0611828
-1.21898
4.88323
-0.943229
1.08853
1.676
-6.50481
-0.240196
3.65704
-0.436948
-10.7677
80.4489
-0.67256
0.0449468
6.78496
-1.07194
0.630738
-1.24185
-0.183776
14.6537
-0.108666
-0.472275
0.593131
2.78486
-2.53927
-0.456006
-2.5417
0.450682
-3.82573
0.477418
-2.27961
-47.9526
1.30677
-0.468313
1.61335
1.24642
0.0677466
-0.236899
-0.299609
-0.127289
-0.614772
-2.47407
-0.0577482
0.0584991
4.28394
-0.559274
-0.551393
-0.101064
1.92611
1.41407
2.03597
-0.864328
0.189311
-0.820018
69.1735
-0.342435
135.915
-2.61837
0.0788967
-2.98965
-1.25446
-2.95738
5.30898
-1.04375
-0.032281
-3.67157
-1.31979
-2.03099
0.737068
-1.35087
-0.571387
1.8539
-0.938342
-0.948591
-0.423008
-0.799705
-0.311437
-3.80846
1.8779
0.909258
-1.57658
-0.468574
-1.30888
-43.1468
2.85058
1.93895
-0.401727
1.02179
-0.555528
-0.375674
2.42364
-0.151952
0.425649
0.551411
0.486043
-0.738014
3.00995
-2.08824
-2.77633
0.55431
0.831576
-2.6538
0.0654241
-0.710966
0.0509059
-1.06314
-2.38407
-14.8766
1.10781
0.268085
-0.955606
3.36382
-0.537759
0.0777003
1.9809
3.15259
0.998501
-0.0185014
-0.0423502
1.49303
0.269095
6.75335
-0.0821683
-0.0332515
-14.8366
0.178801
-4.9808
-0.571932
0.451834
3.91007
-0.641086
1.50844
-0.543421
4.63831
0.822127
-1.75883
1.29431
-12.1659
-8.97066
12.5617
85.861
-0.492058
0.130721
1.45041
0.0510029
-0.772037
-2.69844
0.193351
19.3875
-1.51096
-0.886092
0.877827
-0.743243
1.51028
0.780499
-0.920188
-0.884344
-0.223838
-0.286094
-1.47231
-6.14674
2.51648
1.49642
0.663325
-2.65172
0.633931
-1.53148
1.20481
-2.47585
0.021713
0.714358
-0.496643
-0.0888759
-16.5387
-0.881565
0.488673
1.68661
-0.174785
0.914976
3.27447
-0.152961
2.19422
-0.339862
-0.282786
0.326848
0.373962
0.00511168
0.0014383
2.16118
1.00449
0.889035
1.44886
0.573621
37.233
-1.31968
-0.322158
1.51887
-4.37891
-2.79462
10.2383
-0.599183
5.61475
-0.145169
1.08226
-0.312186
1.01205
-4.87395
-0.138983
1.38493
-100.751
-0.654782
0.382672
-0.145175
2.44148
0.692144
7.02589
0.382271
-3.4896
0.843203
-7.10537
-0.547261
-0.957148
-0.580987
0.626914
0.339188
-1.62476
-1.50938
0.170743
2.4484
6.28557
-4.8937
-0.127945
-0.185079
-0.304123
1.66079
0.482948
-0.861996
0.796635
-10.1208
0.139919
1.15701
0.503389
0.92405
0.213099
-1.67938
-0.26073
0.262404
-4.13087
3.038
0.00158283
0.516038
-0.762765
0.916442
-0.349155
-1.14663
-0.852414
-8.79472
0.925667
5.9347
0.532753
1.74895
0.842414
-0.218775
-0.633743
-1.9695
-1.31039
7.53378
0.767645
-0.875548
-0.0238046
-1.37141
3.60644
-0.501337
-1.7105
0.378476
-0.920952
-3.08382
11.1178
0.0517522
0.170838
2.42794
-4.17714
-0.320649
0.444858
-49.422
0.981978
0.237021
-0.0198655
0.370495
1.43956
0.430886
0.216081
1.06056
1.39247
1.89292
-0.322226
-1.14039
-0.528516
-7.5584
-0.390848
0.890781
0.112919
8.385
0.772451
1.87365
2.8547
0.865978
-0.824523
-0.0211165
0.914823
-0.254334
0.585826
-0.806825
-0.193756
-0.470818
2.61762
-0.0826704
-0.0366994
-2.94071
-3.58165
3.25745
1.15273
1.06048
5.13714
0.701821
-8.29569
0.426764
1.12551
23.6892
4.94137
1.1244
-1.11238
0.235553
0.301227
0.0142537
0.518459
0.692194
-2.29416
-0.143431
0.73369
1.34462
-4.28226
-2.40324
0.453905
0.352514
-5.26739
0.425164
0.871187
-0.926538
1.41962
0.224506
-2.9632
1.8155
0.845104
0.647735
0.485661
-3.20071
-1.79431
-1.13781
-2.00703
0.697038
0.533573
1.05509
-0.258823
0.916775
-1.9508
-0.992722
-0.0661336
3.78207
0.356996
-1.21694
0.167431
-3.68078
5.31168
1.43922
-7.12134
0.0520665
0.63269
-0.142096
-1.90868
0.910312
-0.548853
-1.60445
-0.602762
-2.16699
2.60205
-54.3996
-1.19971
-0.890984
-1.22447
0.553888
-0.502798
-12.15
-1.64198
-1662.12
-2.55306
0.383287
2.31069
-0.732696
-0.402407
0.161765
3.3915
3.84843
-1.04324
-0.000464551
-0.5864
-0.248259
-0.744145
-0.721156
1.03481
0.626014
2.7561
4.67298
0.443206
-13.9035
0.784441
1.00898
-6.36603
-10.607
-0.682225
1.38581
-64.4814
4.93488
0.87445
0.000105524
0.303024
-0.785971
10.5909
0.0233789
-12.9889
2.0302
-0.228753
-4.15655
3.17193
-0.435692
-289.13
0.680991
0.766512
-1.94607
-7.53605
-0.668373
2.9418
-1.84369
1.85486
-30.7645
0.162724
0.104146
1.56695
-0.713161
-10.2986
-1.4617
-3.62448
-36.6804
0.0363171
0.0239719
0.298339
3.45154
2.71713
0.547728
0.0288581
-9.06627
5.0516
0.604279
-8.98501
2.13006
-1.43126
0.916713
-0.672681
-1.02602
-0.174729
1.66438
0.39026
-0.329703
-0.737948
-1.2174
0.119522
0.608557
0.90143
3.1131
-0.950223
0.0629044
-3.72292
-0.0117189
0.739595
-0.445115
-0.49082
0.740951
0.557805
1.11629
-0.560961
1.73098
0.351366
0.310039
-0.253292
-0.0145016
-0.435358
0.331958
0.166914
13.8017
-0.493209
-2.18165
-0.930282
-0.38542
-0.0409173
-0.540018
-1.52165
-3.74644
0.167591
0.395565
-13.7476
0.0765015
-2.51521
0.61406
-0.508397
8.31754
0.861776
6.2233
-1.23203
-1.76373
0.000475358
0.915215
10.023
0.493492
3.40224
1.32637
-1.28791
-0.0473802
1.4061
1.05657
-0.498113
-0.847232
-0.188706
-1.95327
0.558542
-0.832239
0.593781
-0.732768
-1.02684
-0.677161
7.32114
10.893
3.34907
-0.184844
-0.259632
-14.0914
-0.741122
-6.25477
0.235003
2.25021
-0.806968
-0.805869
6.27245
-4.42907
31.2576
-0.0313105
-0.895826
2.55717
-0.312661
0.573111
-0.511189
29.4305
-27.6131
-0.0507572
-0.151872
-0.591518
-0.421621
6.15663
-1.4591
-1.11843
-4.53558
-1.09297
0.985737
0.796734
7.14851
1.14807
0.0807785
-1.10103
-1.95668
-2.82255
6.15636
0.744446
0.640701
0.486642
0.227648
-5.69544
-1.12866
1.00877
-1.52772
-1.47022
3.062
-0.472394
-3.13913
0.290023
-0.240804
0.165583
-0.846726
-0.290469
1.20464
-1.12164
0.0244203
-0.490759
0.26754
-0.305759
-0.77565
-2.14484
-0.970151
-1.96895
0.351153
1.83608
-0.56775
1.40906
-0.812562
7.05444
3.59569
-0.152049
-3.84576
-0.192909
0.250311
-1.02182
-1.02128
0.239546
1.73842
0.410482
0.523639
4.65101
-0.304033
12.2299
-1.02467
-0.963629
-0.456209
1.49976
6.7225
0.200232
-0.0221297
-20.3869
1.01186
-0.861989
1.93774
-1.76479
-4.77843
0.573542
3.59817
0.199619
-1.69798
-0.108713
-0.724655
14.8943
1.27147
2.42868
-0.277785
0.551514
0.201044
1.92871
-18.5219
0.677096
0.231981
3.14667
-2.45078
-1.21227
0.242594
-0.725316
-2.08406
0.54519
-1.67366
2.42119
0.811853
-0.513067
0.135499
-0.61901
-1.64869
1.34424
11.4246
-0.919468
-16.7472
-34.9353
1.40482
2.21894
-0.275881
90.8283
-10.1347
-0.477493
-5.99219
19.4419
-1.34707
-1.23441
-0.423025
-0.335993
1.39297
-0.577771
0.115769
-1.64045
1.36885
16.5176
-2.95968
-0.136373
0.180186
2.31998
1.6408
-1.25891
1.00859
-2.81402
-0.00381278
2.06938
0.0241241
-0.477394
-0.742643
-0.325543
-0.268523
-37.5337
0.058829
-1.23758
0.390861
0.546693
-1.57827
6.33215
0.447186
0.842237
-0.420855
0.451339
-2.64196
-0.161876
1.76447
0.244294
-1.31274
-1.60294
0.491087
-6.19388
0.676108
-2.43784
-0.0682185
-0.399734
0.263673
0.00172873
-0.466263
-0.250335
-0.329626
-0.821173
-0.548275
-4.95671
0.817013
-0.287921
-65.0732
0.854703
-0.924723
1.11361
-0.786077
-0.0797759
-1.86249
0.624217
-0.0648618
1.19485
0.162611
-0.739982
2.4738
-0.145945
-0.800014
0.512685
-27.4299
2.53107
1.15871
0.493724
2.13237
-22.5168
1.31901
2.12834
-84.0522
-0.864081
-0.489064
-0.300863
-2.3207
1.78137
-0.594105
0.662804
1.68801
-0.245385
-17.2699
-0.619583
-2.64179
-3.43364
-0.522393
-3.0461
0.245215
-2.43958
1.97995
-1.48077
0.409299
0.200573
-1.95566
-0.0686631
0.889005
-0.269827
-4.1533
-0.638282
-2.485
-2.40536
-2.20378
-0.0771299
1.50875
-0.577413
0.0266906
0.29763
-0.104282
0.0159752
-1.18777
22.1044
6.75955
-0.117238
0.840525
-5.16014
-3.78309
-0.375764
-0.0370254
-1.84311
-0.282058
-0.592802
2.93039
-2.2016
0.247617
1.62942
30.7779
-0.0240024
-5.73119
0.324398
-0.470473
-0.567642
1.50793
49.4973
1.26448
258.452
1.05758
-2.93717
1.93436
0.366939
-0.2692
-1.10008
-1.83627
-0.214014
1.17715
0.651063
-0.228308
-1.06038
0.88258
-0.181392
-23.7475
0.317871
-9.06824
1.98517
-2.09351
-0.794888
-1.19571
1.08506
-0.0109139
0.819499
-0.351421
-0.82693
-0.592702
0.450879
-0.608131
0.364953
1.3129
2.62554
1.64579
-2.90926
0.548794
0.320069
0.937066
-20.3758
-2.44558
0.202664
0.243679
-6.0302
1.90127
-3.45403
-1.85096
-0.854258
5.20351
-1.47817
-1.14067
-0.394284
-4.95134
-0.451646
-0.135071
5.38024
-0.68327
1.49005
1.00175
0.51037
-5.22006
-0.546681
-0.608974
-2.49829
0.00580929
1.63447
-0.131056
-0.683545
8.46991
-0.0687376
-0.570664
-3.23401
1.11051
1.0793
6.07385
-3.12379
1.183
-1.07502
-0.130366
-0.921479
-0.695424
-1.82424
7.03205
-0.822871
0.273865
-2.80089
-8.15174
-0.318131
-0.165482
-0.0155959
-1.69749
0.661858
-0.192819
-1.37923
-1.43542
-0.985318
-73.071
-1.44802
42.2557
0.258368
5.92791
-0.296415
0.605844
-0.260548
1.79458
0.721032
-1.07219
-0.49508
0.169217
-1.83979
-1.81771
0.303952
0.375635
0.439294
1.25018
-11.6359
0.0678913
0.757249
-23.5826
-3.0422
1.0119
75.1432
-1.78296
0.268164
0.338434
-18.0747
-0.121117
1.05666
0.22143
-0.0931495
-3.22028
-2.6877
-0.286713
-1.2426
-1.08417
-4.88778
0.419706
1.12039
23.299
1.26536
-0.0738283
0.323213
0.544483
0.716873
-0.936239
-5.08556
-0.540847
0.480085
-21.2829
-1.12181
-1.84911
-0.516229
-0.643566
-0.0495618
-1.93182
-1.42194
-0.405995
-3.15797
-0.994498
2.06372
-3.78364
0.707831
-1.33098
2.28215
-1.37382
1.73712
7.31231
0.640662
-0.340083
0.0795207
-0.485625
-1.03389
-0.987334
-11.5896
0.546812
0.662136
14.114
0.619073
0.914086
-2.22388
11.3403
-3.6049
-0.271744
-1.04371
4.99201
0.0334932
3.29917
-0.0975207
0.761063
0.62408
0.770916
0.552369
-0.0559389
2.93105
8.54129
-29.2031
0.480375
0.937614
0.503631
4.40708
1.60846
-2.41991
0.254978
2.66546
-0.22826
-5.12034
0.366245
1.27096
-0.878369
3.46247
-488.144
4.79116
0.00576528
-0.213867
-0.570127
-2.69826
0.101177
-0.181876
14.8961
2.65856
-2.99297
-0.441836
-0.165551
0.410818
-1.3782
0.0667182
0.531717
-0.521105
24.8498
-0.350476
-0.151338
3.53252
-0.20268
1.045
-0.357156
0.39856
1.75705
3.51138
-1.98105
1.27234
2.04193
1.88035
0.107849
-0.574451
-0.496559
0.455061
0.0215079
6.31938
0.309218
3.18554
-2.05736
2.90356
-4.32398
0.281207
16.0304
12.0896
0.305515
2.80465
0.511777
1.08516
1.84686
0.593829
-0.890692
0.396093
-6.06102
-3.59575
-0.110341
0.154039
-16.4953
1.54248
0.0734819
-0.110263
-3.29796
0.477359
0.105656
4.03261
-0.499659
0.711016
-326.181
1.95444
0.419794
-1.31281
1.774
-0.496608
0.194778
-88.9169
-1.84184
-1.98287
-0.354127
0.41005
1.74185
0.554707
0.363146
-0.689038
-1.413
-0.459124
-1.27302
0.671747
2.04212
-0.343543
0.64756
-0.0577189
-6.86318
-11.2625
-0.20863
24.0158
-0.213136
-12.5418
1.82385
0.690088
1.41962
-0.16985
0.220476
1.37681
0.282024
8.88054
-0.36533
9.95926
0.363031
-1.08147
-2.49847
-3.9749
-6.50771
-0.329947
4.54576
-0.57672
10.5758
-1.28588
0.400128
-0.0404963
-0.225448
6.00964
-2.48975
0.0437261
0.0718123
0.174049
1.93269
0.0683285
-0.538964
-2.12303
-2.77697
-1.2704
-0.940772
-0.494291
-1.00683
0.700107
-0.119893
0.786286
0.656907
6.98819
-1.57241
-0.27026
0.170709
1.29084
0.0941053
0.846377
-2.75094
0.0231657
-0.330421
-0.230055
0.275187
-1.43834
-0.681124
-0.00934984
0.553666
2.17203
0.690113
-0.229251
-0.911297
-0.803119
-0.0505772
-0.41246
1.88058
1.34753
0.000204851
0.324171
1.48415
3.36561
-0.00843187
-0.721283
-0.588351
103.012
-0.467602
-0.380849
-2.13784
3.39996
-0.528203
-1.25593
0.215251
1.05753
1.3798
3.68071
-0.16178
0.947247
-0.689222
-0.872559
-3.26171
-0.967237
0.563368
1.1705
-24.5459
-2.01622
0.428298
2.71953
0.170636
-0.419034
2.75766
-4.83802
-1.84193
3.11822
-2.1279
0.301139
-0.351956
-2.40799
0.911706
1.41663
-0.179152
0.456901
1.70019
0.798286
-0.918633
0.410179
-0.180113
0.486368
-10.1415
0.863127
-0.454108
2.43288
-2.48442
0.452195
-0.499568
3.15217
-0.963744
-1.00467
0.115528
-0.638495
-24.3074
0.708391
-0.132792
3.89582
-0.371698
-22.5348
0.64719
-7.06391
0.192268
1.4255
-0.27877
0.928822
0.278983
0.565091
-11.232
1.15971
-2.03446
0.644801
16.2218
-3.30083
-4.79568
1.86771
20.6336
0.869729
1.24185
0.321739
3.98758
0.91366
-0.225645
-0.182389
-0.354581
-1.10444
0.724404
1.21089
-0.543759
-4.9276
-1.17029
3.23282
0.745228
-2.04021
0.282693
-0.416257
-0.0984306
-3.6682
0.632677
0.35591
-2.44546
-3.8132
0.259158
71.8313
2.73434
0.682359
0.451688
-0.623453
0.623599
-0.00992874
3.22186
1.74991
-1.2427
-0.959194
0.631713
0.837875
-1.06344
0.185832
-1.13275
-0.540484
-1.2312
0.189771
-0.0899588
21.4194
0.00709301
2.00681
0.857057
-0.0627391
-0.409592
-18.6511
-0.924494
-0.145114
2.61059
3.38367
1.33491
0.139939
3.24224
-1.02988
0.367015
-0.440086
-0.351753
0.128365
0.0692322
0.185336
-1.38498
5.22627
-0.729733
0.575097
-0.226105
-20.8361
1.37051
-1.08974
0.950793
-4.20841
-0.220738
2.14773
0.115773
-9.24252
-1.78917
0.0520909
-0.158566
-0.25465
0.949411
19.6741
-3.29287
0.12813
-0.673646
0.572377
-0.109148
-0.361737
-3.29613
0.309583
7.27207
-0.536821
-0.5779
6.57631
-0.344224
-1.46474
-1.71607
2.39768
-7.43974
0.201745
0.381576
2.8312
32.1546
-0.661709
-0.498632
1.12146
2.17107
3.09341
-0.125979
-4.97621
-0.825515
-0.589873
1.66146
-1.19665
83.7344
0.818553
-0.381184
-0.0301339
-2.09082
-22.9554
1.83538
-0.096237
0.0405511
6.57935
-2.38661
0.329095
-0.635731
1.23172
-1.50832
-0.312265
-0.553574
1.74776
-0.543313
1.00826
2.78471
-0.117181
2.28397
-36.8066
0.222765
-0.175357
46.7203
-0.62989
-1.66789
-0.439526
11.1043
2.26898
0.859799
-4.21141
-0.190082
-0.389372
-3.90978
0.752772
0.805118
0.94087
7.44615
-0.271248
-1.20736
4.64748
4.19028
-0.74538
0.80541
-1.31091
-1.46971
0.227312
0.0853245
0.761124
0.563267
0.39743
-0.225653
-0.358634
-1.21083
2.53376
-0.379242
0.163056
0.259053
-1.5694
1.41084
0.924815
1.00013
0.222572
0.0463388
-0.427214
-0.208862
-1.52125
-2.59348
2.58327
-0.407458
-1.19724
3.13275
0.513169
-9.81651
0.168124
-20.923
0.229068
0.0538466
-4.96102
-6.19441
0.12528
-0.941199
-1.07467
0.955605
0.565059
-0.809596
-4.00597
5.64548
0.0392085
0.163564
2.43727
0.227453
-1.39968
-0.710309
4.69011
0.673823
0.317376
1.47742
0.971315
-0.254335
0.0990953
-0.0456578
0.897105
2.17575
-1.60647
1.12661
-5.49939
0.627678
0.168596
0.873876
0.279593
0.17867
-0.490707
1.34855
0.188891
-1.27915
7.70226
0.251175
-116.162
-2.89507
2.98386
-1.87235
-0.11776
0.237858
0.33777
1.66318
-3.18005
0.0843767
0.958619
0.718484
0.668081
-0.273192
3.98124
-4.94263
0.419218
0.466432
-3.61971
-35.19
-0.221222
-4.34581
-0.267544
-1.84288
1.82208
2.73706
-15.139
115.801
-5.96649
-0.436779
-1.1803
0.758642
-1.92145
2.21871
1.13673
4.45742
-0.798401
0.342454
0.934661
-0.297352
0.453328
0.0456331
-0.0886329
3.48977
1.05915
0.936808
-0.61835
-0.345127
-0.589977
-6.98151
0.132372
1.4632
1.97822
1.15251
-4.27967
0.00662615
-0.385765
0.103385
0.349929
0.414214
2.02223
-0.636215
0.553886
-0.0254508
70.962
-1.23246
-44.8435
-0.682507
-0.112858
-0.3816
-0.990172
-1.28352
-1.35762
-0.01247
2.24598
-13.474
0.297259
-0.626883
-0.0567689
0.732455
-0.12217
0.379043
0.934484
1.90378
-0.0340523
-76.3344
0.0492292
-0.962066
-4.36778
-6.1138
1.57496
4.11191
-1.37691
-1.64283
-1.74029
-0.265673
-0.304117
0.299154
0.877897
-4.41357
-0.589587
175.425
-3.4452
3.93208
9.60067
-2.73731
2.25884
1.45507
-2.14254
1.51994
-6.07042
0.278163
-0.927437
-8.37887
-0.560241
2.02787
5.93663
-4.09618
-0.945917
-1.90617
-0.00208885
0.0697567
-0.186404
-5.68024
2.29155
-0.0399208
1.09245
-5.00403
-2.94776
-0.739119
0.961387
1.11181
2.22088
-0.555663
5.52094
-1.58316
-5.78066
-1.102
0.763688
0.6089
-2.71947
-9.03876
-8.30469
-0.104231
-8.19046
0.305566
3.0666
-4.96483
0.699019
1.5813
1.17116
0.33659
-0.21872
12.2005
1.10731
0.10998
0.383335
0.709807
-6.59024
0.133977
-3.36567
6.15727
15.2696
-1.77229
-2.1752
0.117669
0.618169
-14.9044
16.6339
-0.290712
-0.498698
-2.98598
-0.257388
-0.325548
-1.12643
-23.8086
0.320754
0.315013
-0.591804
0.45454
0.0217003
-10.9595
4.63001
-2.40167
-1.03804
1.64657
-7.99012
0.591466
0.370878
0.184801
0.379543
5.44136
-3.3814
3.56322
4.12267
0.629637
0.931404
-0.306294
1.13191
-0.666986
-3.38653
-0.771447
4.99681
-3.54466
0.339588
-0.453954
0.490679
0.278831
0.672143
1.64331
-0.676588
-2.93664
3.21908
2.80809
-0.217704
1.2992
-0.466129
-0.610169
2.90883
186.079
2.57017
0.276487
0.0218807
1.04708
17.9304
0.955928
-4.8512
1.5732
-1.17279
2.31583
1.03229
-1.48801
169.454
-4.08111
-1.36135
0.221292
-0.832492
2.12067
7.20259
0.615024
-0.225187
9.40903
0.941091
1.46879
0.27605
-0.218526
-1.03014
0.542696
0.689976
19.0314
1.28392
0.849614
0.91847
-0.0391395
0.481152
-0.591455
-1.07588
0.380093
-0.630193
0.394462
0.157169
-0.280149
0.52378
-0.0346704
-18.3198
6.26736
4.56463
2.42203
0.213087
0.883001
5.0807
-0.571328
1.05082
-6.82664
-1.6809
-0.561013
2.30889
5.99475
-5.97962
-1.29035
-4.48706
-24.688
-0.174452
-1.86341
-1.22496
0.33591
-0.935263
-0.793298
-0.446193
1.1345
-0.0446485
-4.12415
0.014847
0.019923
-0.279308
-1.3838
0.349841
0.0441908
-0.350326
-1.87269
0.115604
-1.68074
3.14479
0.402964
2.13112
2.40639
-1.03241
7.10362
-2.29931
-0.171388
0.63348
1.30122
0.664779
1.11821
-0.811681
-2.00422
0.102412
-0.541304
-0.495825
12.7702
-0.53833
5.62155
0.555594
0.280315
-1.87497
-6.13006
-0.522804
2.63999
1.41957
-1.11969
1.14483
1.60831
0.475728
-1.75688
-2.27038
-9.02474
0.368146
-0.0697412
-2.2357
-5.94346
-1.09883
-3.79009
0.110268
-6.53026
0.107281
-1.59249
2.16784
0.0838116
-0.0343062
0.398307
-2.87367
3.18837
-6.14807
1.4911
0.714232
-0.355548
-0.820546
1.53439
0.216876
-2.30975
0.565898
2.15874
0.358968
21.9345
-1.88483
3.93297
-0.617227
6.38628
-20.9236
0.119422
12.6494
0.244708
16.9544
0.310197
-6.62065
-0.457231
1.79211
-1.46667
-0.643769
0.134722
4.9707
-0.727961
-0.569032
-1.6294
0.830358
-0.247724
0.42535
-111.363
1.45326
2.3492
-0.220366
13.0834
0.693953
2.93585
-1.04021
2.76081
0.365844
-0.67482
-14.3478
-5.24465
0.448511
1.68427
-0.686113
-0.103663
0.112226
0.996043
-2.90667
-0.753041
-0.0061833
-1.36368
1.34807
-0.736637
-1.35481
0.403176
4.02672
4.44584
-0.46465
0.457333
-2.78793
0.509938
-0.993002
-10.0441
9.37533
-0.486006
-0.765053
73.3058
-1.05582
-0.495686
-1.06428
-0.686924
-5.50113
1.45339
-8.93084
0.541216
0.0520439
-3.09005
2.31291
1.10305
-0.0273195
-27.1766
0.0754637
-0.00415292
2.97666
-1.50036
0.0874462
0.508466
-0.96287
1.18382
-1.33165
0.200319
2.09705
0.789929
-1.97452
-0.791337
-0.640838
0.114693
-1.47038
-0.211154
1.81218
-1.30867
-0.31047
-0.243861
19.4597
1.69694
-1.1793
-0.744389
-0.946156
0.819504
-1.37438
1.09597
-0.628334
0.910317
-0.0830281
0.712233
-2.96952
-0.572106
0.0234888
0.736737
0.575347
-1.08952
-2.13927
160.526
-3.54422
-1.82192
0.0111869
-1.02608
-1.52184
0.161252
2.59502
0.0856757
-0.39014
0.882009
-8.15066
-2.05558
0.0536997
-0.358746
-3.88292
-0.246117
3.49559
2.43978
-0.249734
-1.3622
-0.0544406
-1.66509
2.78541
-1.62228
-1.15362
-10.0146
0.0826839
1.31265
2.18504
-1.63202
-2.00857
2.16139
5.74434
23.2374
-1.25012
0.224919
-0.988969
0.470271
-4.43176
-4.05799
1.03316
-3.67036
-3.52422
-0.436025
11.3069
1.54036
1.36806
0.190522
-91.7579
2.3146
0.159037
-0.705433
-4.47034
7.09309
0.940185
0.0532296
1.85016
-1.63851
-1.40863
-4.65846
-0.412518
-1.04256
0.962658
0.459063
6.49282
0.516152
0.0644613
-0.278077
0.439622
0.667848
-3.24772
1.42102
1.68336
1.0574
5.41824
1.95493
0.721131
5.3857
-0.608451
0.0262047
0.532023
-1.56614
-1.89195
0.0349041
1.62181
-3.90807
1.96381
5.40675
0.838756
0.731106
1.3386
-1.05972
21.6375
-0.660872
-0.273202
1.41201
-0.203562
0.0523011
-0.213824
2.08527
-0.713399
0.543859
-0.405921
1.30061
2.8423
-336.306
2.40884
0.41088
0.0703487
0.11825
1.33372
1.27359
-19.1671
3.39583
1.3704
3.32737
0.219027
-0.550079
-0.53086
0.994913
-0.833916
-10.9448
0.747185
-9.01054
-1.71208
3.85037
-5.94007
-0.825354
13.4469
-0.822222
-1.61619
-0.50644
0.138697
-8.53181
2.04027
3.56886
-3.49358
-0.954013
-0.05616
-0.134413
-1.59708
1.03214
9.60678
-4.20245
0.731727
-1.26947
-0.068514
0.561778
0.501434
1.12141
-3.69655
1.01703
362.534
-0.0205982
1.85123
0.38509
0.0937376
0.66626
-0.341353
2.09719
1.74054
-0.25378
0.412494
-2.0379
-0.418194
-0.920398
-0.256438
-0.828065
2.08165
0.36353
-2.55846
-0.84119
1.00285
0.192148
0.571305
0.451709
-1.15412
0.969402
-5.83456
-0.0886876
-0.453196
-4.36249
-3.02727
0.817289
2.60117
1.23819
-2.8312
-9.14347
-1.04744
1.21651
-0.121639
0.475859
-0.349626
0.420364
0.92873
0.90691
27.7374
-1.68628
-0.484349
0.603374
-0.437186
-1.23002
-0.570147
0.368269
-2.77198
-1.65678
-1.24895
1.12407
-0.144661
-3.31878
0.703503
24.6338
-0.26824
-4.4676
-7.78678
1.38579
2.55177
-0.390485
1.51854
0.533804
-0.0478377
-0.567603
36.2792
-0.056536
0.313916
-1.06478
-111.758
-0.77096
-1.39756
-0.244776
1.18479
17.1461
8.39319
0.957456
-0.650833
-10.9694
-0.502494
0.00657205
2.51733
-1.05685
-16.1747
-1.26259
-0.664775
-0.942084
-0.569259
-2.256
0.300763
20.2934
-0.587272
151.971
-2.35373
0.346072
2.44938
2.92697
2.5613
-0.258098
-0.372503
0.687223
2.22835
-2.97242
2.18352
7.24511
-5.15068
0.475759
0.269459
1.40833
-0.64027
0.222326
-1.12791
0.276769
-0.730881
0.852031
1.18525
2.30136
-396.655
-1.63209
4.0264
0.384409
4.87894
0.0491383
-0.338513
-28.2091
0.0120482
-1.34143
3.82135
1.97042
0.411035
-2.58387
-2.16914
5.13537
-1.6457
-22.5842
-0.563778
-0.29613
-0.761481
-4.37208
-1.18237
-0.327171
-2.85218
-1.4714
0.331851
-11.4248
4.25808
-1.11018
-1.11289
-4.37256
-0.0991188
2.83507
0.67188
-0.707607
-1.70725
-0.530127
0.00835715
3.23437
-2.38922
-0.321774
-0.228753
2.45311
0.958363
-0.722105
-3.15981
3.16529
0.363668
2.07665
2.94254
0.20064
0.71631
-2.71782
-0.497976
-0.48967
-0.346678
-1.4101
2.05441
-0.210226
-0.105769
0.198879
22.4179
0.0364848
-0.0533505
-0.83086
-0.784189
1.80007
1.01616
0.196063
1.18685
0.739927
-0.534541
-1.22622
15.2754
-0.428833
-1.11431
-1.43256
1.62155
3.27904
-2.19841
2.92651
-1.54122
1.24759
-3.84909
-0.120178
-0.459509
1.03675
-0.862188
0.648731
-0.482873
1.98844
-0.671702
0.852809
-1.79683
-148.912
-0.707191
-0.497951
8.18273
-1.75486
5.81741
1.72715
-0.0508946
-0.288508
-2.83225
-1.55234
-0.565133
2.76673
54.9233
7.4596
0.402226
-2.77759
-0.260405
-0.955548
0.483827
-0.135003
-0.918371
-2.63829
-516.757
-0.378102
0.563944
10.8395
2.54256
-1.32565
17.1535
-0.365424
2.00616
3.58378
-2.47417
0.796837
9.5072
8.9193
-1.04885
1.82575
-0.118916
-0.159051
-0.288057
1.10757
2.92246
0.275459
-0.86161
-2.37739
15.7003
6.78565
-0.826412
-0.410033
7.95639
-0.258303
0.0676685
1.38162
1.44628
-1.79185
0.935421
-7.4657
-6.06266
0.919945
0.185407
-0.657843
0.174493
0.362916
-0.0109645
24.1588
-14.5139
-3.28955
1.46442
0.818203
0.207412
-3.18776
0.833257
1.62118
-2.56119
0.49511
-3.09109
-6.56476
-32.9064
0.28442
-2.37739
-0.236449
-0.0183706
-0.308397
-14.2443
-0.267285
0.178626
0.256024
-0.419608
17.9824
1.22031
-0.196097
-2.38922
1.33387
0.341862
2.85158
1.30172
-0.969864
0.940351
-14.2492
4.10061
-0.0312988
-3.25472
3.89439
-0.244303
-10.862
12.4497
0.888045
0.830032
-0.64558
2.58896
-0.643573
-0.359046
1.06575
0.829023
-0.071478
-0.923463
-0.0885259
0.67533
-2.09404
0.230259
-0.280812
0.743749
-0.0164122
-1.31196
-3.47244
0.386867
-0.232433
0.378458
-0.000696124
-4.61691
-0.89015
-0.285382
0.0213978
-1.04989
-1.22743
-0.964943
-0.669524
-0.419794
-0.295608
-7.50937
-1.22898
-0.897739
-8.96205
8.91462
-0.519069
0.573111
-0.0944971
0.0188254
0.0609948
1.02797
1.37743
3.54254
4.61386
0.374298
0.817832
-1.37433
2.15484
4.10656
-1.46158
-0.961251
-8.3044
0.837112
1.80313
-3.74279
2.63101
0.0726758
-0.142818
0.964694
-0.736283
0.345624
0.30333
-4.82562
-1.89753
1.10694
0.547741
0.479986
-1.27511
-0.523785
-0.249807
-1.20904
0.313145
1.8863
-0.351062
16.8651
0.162192
3.33728
23.4594
1.54349
0.396996
-36.4044
3.25577
-2.48237
7.74818
0.422088
0.568755
-1.66129
5.31743
-1.23938
0.733953
0.487966
0.959827
1.2068
23.5152
-0.625128
-3.1905
-0.49007
0.235077
0.173012
2.25133
-1.3249
-19.5118
0.0439225
0.557063
-9.16931
-3.88052
1.48214
-2.26797
-22.2591
0.635969
0.0655297
-1.91515
5.97871
-0.0821571
-1.63396
0.197357
-0.492139
-8.00763
1.16291
0.447682
1.37916
-4.49687
-0.408778
12.7447
-0.951631
0.0254947
-0.651091
-27.213
1.55984
-5.07525
0.344049
1.04303
0.162786
-19.0953
0.245442
-10.0004
1.54194
1.25175
-0.639209
1.63478
1.81087
-2.49831
8.67312
9.4279
1.86529
-0.251094
-0.428436
1.31994
0.182742
-5.49789
-0.828585
305.276
-0.35104
-1.95112
-0.116774
-0.607976
-3.22128
0.935489
7.45542
-0.710097
-1.4811
0.989934
3.52859
0.682637
42.6918
0.754772
-2.69185
1.56741
0.131112
0.426981
0.956995
0.0196818
-1.39086
-37.2692
-0.247483
0.834074
-0.89924
-0.588667
-3.15133
0.660745
-0.287458
-6.46607
1.55084
0.275686
-1.52279
-0.146993
9.61371
0.238108
-0.0661527
-0.478875
-334.684
-0.999086
-1.54025
-9.62194
-1.05992
-0.814962
2.48363
-0.623306
1.23503
-0.430355
1.99911
-0.449147
-3.87952
-1.25378
-0.963751
2.07969
-1.06326
0.600953
0.684444
-0.837133
0.359878
1.31661
-6.70903
-15.7029
0.672719
2.95532
2.58574
1.83689
4.4168
-0.397034
-1.81449
0.241014
-0.0509347
-0.18557
0.471945
0.0936098
-0.175164
-0.372139
0.903647
-0.00156919
0.463992
0.74243
-2.41652
1.65081
0.0766488
0.287753
8.45896
-0.205073
-0.948361
-2.9521
4.47987
-0.8578
-0.099046
0.433996
56.0674
-3.44637
1.40731
1.60259
-2.11533
10.3974
1.42406
0.83365
3.00865
0.241226
-1.77529
-1.23404
7.71137
0.0131486
3.15171
0.117164
0.725847
0.727755
0.185943
5.5284
3.2007
-0.501602
3.16447
-0.684654
-0.0221299
-1.35851
-0.947877
1.12745
0.245501
0.72424
14.3869
-2.79599
0.373949
4.2313
-2.4927
-3.71676
-147.845
0.843682
3.19481
-0.569985
2.83391
6.43988
6.8631
-3.03539
0.110379
-0.675332
6.70854
-0.381672
9.90533
0.538365
0.685519
1.07696
-0.551448
-1.1296
-2.67705
0.0855768
0.647477
0.957411
-0.33274
-0.61066
-0.193222
0.950094
0.406893
14.1066
0.119339
-1.5253
-3.54952
0.565467
-0.567386
0.526447
1.60535
-1.93228
-1.18363
-2.09309
-0.450968
-1.03232
-1.3846
1.70286
-0.564623
-2.29298
-1.21193
1.46051
2.72463
1.52178
0.425196
-2.17223
0.209569
-0.675368
-0.10431
-1.28009
0.497763
1.16498
15.8615
1.74889
0.0225853
-0.971551
-2.88765
5.87735
-4.54819
-1.00556
-0.867662
-0.257591
2.75227
0.907309
-0.777365
2.35335
5.12135
2.10947
0.525764
3.41622
0.429775
11.849
-4.99167
0.924662
-2.09207
-1.58747
-0.172975
0.224079
0.369307
-4.0106
-0.65328
1.07353
-1.14686
2.96574
1.01098
-3.28638
1.2856
0.593984
1.41862
-1.90077
1.32297
0.572771
0.486381
-1.22076
0.304388
0.799758
-1.03767
0.281996
0.661115
0.526732
3.54245
1.3109
0.645312
0.109926
-0.0926502
0.34785
-12.5147
1.27844
-0.367528
-0.784978
41.946
-9.44202
0.608943
30.1507
-6.06065
0.686515
1.7659
1.04008
-2.4678
-2.98108
0.736018
-6.16538
1.27866
-0.650389
-0.257296
-1.14246
-10.0056
-1.12299
-0.216479
2.86712
0.0819714
-0.838898
0.90323
0.210759
-5.32177
-0.697145
-1.23191
0.317981
-2.36155
2.41928
-0.298886
0.991648
-0.911988
0.359621
-0.333151
-0.43485
-1.88791
1.51045
-0.826954
0.379343
-3.47005
-22.0665
2.71937
0.388299
1.51939
0.39516
-2.05041
-6.78703
-0.565107
-0.438129
1.68162
35.7789
0.841514
1.00585
-5.01256
0.297341
-0.0882836
-3.82152
-0.651743
-0.509048
-0.0262781
-0.314503
-0.994482
0.14201
-1.01469
3.12561
-1.46202
0.682591
-2.16875
-28.8864
0.109594
-0.123802
0.475667
2.77637
3.43257
-32.8097
-0.696092
-0.171587
-0.412718
-2.48511
-2.53393
0.294223
-0.0679888
-2.58451
-0.62594
3.31151
-0.108655
5.85789
-1.2039
-0.338376
-0.130699
-0.342898
-5.96674
0.0236817
2.94672
1.86677
-0.138088
-2.96021
-7.04656
-0.0139798
0.327768
0.19358
2.82712
0.0453766
0.11312
0.612325
-1.28085
57.0518
1.46047
0.174179
-2.51248
-1.40561
3.39798
-1.53243
4.32216
16.2584
0.290248
1.65643
0.219262
2.05987
0.430229
8.95092
-0.159601
0.30865
-4.13954
4.66994
30.4211
1.59546
0.12401
6.35812
0.608342
0.053903
0.273226
0.771538
3.96391
2.28349
1.15928
-1.27216
0.216641
-0.360671
-0.273432
-9.30079
-0.850903
0.960997
0.26933
0.676196
0.580632
-1.4017
-0.158985
-0.821472
-0.0137887
-2.1544
-0.0493756
-2.58519
0.494236
0.267594
0.292001
-0.0976718
-0.798371
-2.90012
0.809709
-1.95122
6.88043
-2.60961
-54.7205
-2.85878
3.42366
4.07164
-8.95367
0.631803
0.0865748
0.0033559
-1.34654
0.913589
-5.11909
-0.320219
1.51276
-0.537388
0.218162
0.893242
3.88619
-1.79837
-0.70555
0.454158
-0.0903205
-1.06918
-0.344211
-1.40765
1.72842
-0.361526
-3.8178
-1.31576
-1.22841
1.66108
-0.471598
0.828244
-3.31617
-1.00799
-0.746155
1.61895
-2.49428
-11.6274
1.88679
0.185172
0.613529
0.795578
-0.120523
-0.27844
-0.00805236
0.0428578
-0.641621
-0.577251
0.159953
4.05284
-0.238519
0.530202
0.371575
-1.32262
-0.100951
3.75143
0.635705
2.75451
0.536752
7.98393
0.812652
6.85763
-0.318617
-0.951506
1.66552
3.38249
-2.74856
3.01957
-0.37164
-0.268577
3.9361
-1.9032
-1.44742
0.56251
0.553539
-4.74843
-1.40835
-2.14687
2.13569
11.0848
2.16282
-16.558
-3.11743
-0.306935
0.762679
1.60104
0.0133188
-0.691429
-3.51504
0.065575
0.773883
8.34184
1.17229
1.30144
-4.83564
0.324469
-0.399074
0.252634
-0.27747
-3.2665
-1.5736
0.52963
-1.07033
0.637547
-0.273506
-0.491355
-0.0609182
-2.4296
0.245882
-1.77813
1.69671
-0.850629
1.22845
-0.547679
1.48805
-0.213048
1.08652
-0.944777
-0.181701
-0.161026
0.0941845
0.446948
1.3314
-51.4116
-0.869531
-0.60264
-1.03287
56.1861
0.134107
3.33545
0.876973
-0.260359
-0.820852
0.456189
1.41849
1.1213
0.928618
-4.18285
1.55604
-0.877564
1.86858
13.0796
49.4092
11.5611
-3.69321
0.515193
0.915359
-4.98473
-0.192239
-0.0277475
8.45214
-0.396048
-0.215696
1.47789
1.07614
0.0723072
1.93017
0.786023
-1.50942
0.0160914
-1.611
-2.22057
-0.0460183
-0.423448
-0.559773
1.17752
0.25509
0.834503
0.88368
-5.08637
-3.71849
0.134387
-1.57291
1.92891
0.647441
-0.622717
1.59795
-11.291
-1.74324
1.72298
-0.0552512
0.909193
3.85428
0.0981428
0.37622
-0.702422
-1.46814
-20.029
-0.556839
0.710502
3.89207
-0.161289
0.480062
0.100948
-0.152889
-0.362734
-0.713301
-0.158611
4.01796
7.43559
0.224299
5.64193
0.460337
1.12651
-1.52119
-0.43364
-1.08847
0.186315
1.14
-0.74653
7.02279
4.5633
-1.78764
2.65041
1.23216
-1.75041
0.851157
-0.0651215
1.69736
-0.00231239
-1.26062
-4.44362
0.729245
1.7365
-1.07777
1.79524
-1.62132
-0.863218
2.38645
-0.217458
-12.9621
-0.179051
-0.0484973
-1.60546
-1.15261
-36.3177
-0.683478
2.75617
-0.207082
-0.625622
2.17158
-0.105169
6.95306
0.46123
0.784945
6.77895
-4.11265
1.50573
0.62123
-1.0548
-8.24559
4.89527
-21.4601
-3.12546
-0.177906
1.32632
0.465012
0.715218
-0.251224
0.457947
4.34099
-0.590512
-0.517473
-2.22538
-1.51592
-0.0579949
-0.231571
26.6025
-0.757869
6.07605
5.14403
-3.02821
0.412322
-1.61447
-0.157944
1.03942
1.08496
0.0148352
1.46573
0.791082
-3.4015
-0.0520141
-1.25453
0.609588
1.31171
7.76087
-1.75637
-9.86906
-0.581753
-3.16363
0.345938
-0.564099
8.20462
-12.1251
-4.98703
-0.292417
-0.686185
-0.830244
-4.22785
0.117831
0.35007
0.828726
0.860755
0.591077
0.380214
-2.45251
0.323794
-5.62917
1.24697
-3.22535
3.98697
-1.03062
0.867359
0.056271
-1.06678
2.68234
0.138216
-1.56114
-0.277556
-0.993032
-5.34833
1.42591
-1.08493
3.55385
0.0811477
-2.74942
-0.0462509
0.0333148
1.94902
-2.2469
0.742027
-10.8157
2.62158
-0.161035
0.0948185
0.0689422
2.22013
0.0115574
2.3254
0.762323
0.0664812
0.784065
0.804565
-0.424905
4.23302
0.0506051
3.69123
-61.8259
0.5041
-3.78891
0.805249
0.310725
-1.02322
1.43964
-0.504705
-12.5213
0.574756
-0.618975
0.0434258
15.7136
0.327935
-1.54653
31.3112
1.53697
-0.467962
2.64943
-0.84837
-0.672958
-0.680071
-0.153978
-0.0690469
0.825044
-0.231796
-1.3381
-0.747725
-4.18526
-7.20459
5.76841
-0.325453
-1.79687
-0.682187
-1.33654
-48.5691
-3.47565
-0.161431
0.954912
6.44221
2.84568
-0.478354
25.8947
-4.60075
-3.20545
0.300727
0.263685
-1.53696
0.582537
-0.661245
0.842696
0.061923
-0.77914
-1.12835
-0.0819153
1.58817
-0.401278
-2.80062
0.876602
-56.6124
1.28858
2.82154
-48.8679
0.48364
0.40675
24.6887
1.02811
-4.42541
-4.5286
1.24657
-0.522053
-0.18363
0.865076
5.79541
-0.15855
0.0815908
-0.660074
0.0867854
5.06958
0.149075
-1.30674
-0.0045871
-8.06929
2.6231
0.942432
0.687808
2.80078
3.97748
0.652353
1.05416
-1.54402
2.24189
1.94257
-1.66873
-4.38389
1.68463
-1.13778
1.80593
-8.17066
15.3166
0.422307
-0.423406
2.60986
-4.36615
-1.6322
0.252699
0.0530086
-1.81235
0.729067
-1.2311
0.980982
1.31661
-0.499271
0.269681
0.883795
-0.00855366
-0.249771
13.4078
-0.879371
2.13917
1.26652
0.297224
0.476318
-23.912
3.55991
3.72728
-2.51772
1.47391
1.72244
-1.86778
3.16288
0.0841567
-7.01815
1.13234
0.272868
-0.452798
1.01524
0.512004
2.85046
0.251098
-0.426987
-14.2485
1.72235
0.0715105
0.985801
0.298228
6.24837
-0.223822
-6589.94
-12.5585
2.26738
-1.22991
-0.228093
-0.7822
1.34748
-2.24735
-0.280315
4.12694
-1.5783
0.140343
0.891534
1.3959
-1.73538
0.587487
-1.11547
-0.29022
-3.51871
0.198491
-0.810641
-1.09875
0.382981
-1.86819
4.56522
-0.780506
1.23465
0.556373
-1.32171
-0.565285
0.139627
-2.26084
-0.0395385
2.40341
-5.04961
0.0135089
-0.414798
-0.233471
-0.343662
3.17176
22.693
-1.39513
1.0619
0.1093
-2.70734
0.500102
-4.88224
8.11233
-1.748
-7.75481
2.39199
-5.29313
-0.564841
0.0761939
0.000461445
-0.0626225
3.39827
1.25917
-0.360378
3.03746
-2.03403
2.05579
-0.0188776
2.37861
0.641183
-3.36291
1.32885
0.350247
2.06908
4.01024
0.600957
-0.239436
3.53398
-0.388725
-0.772537
-0.907691
-0.050278
-29.096
0.638445
47.4174
-0.626584
-1.81554
0.741192
1.83863
0.565115
-0.903504
0.209338
1.2096
-1.41773
-2.06237
-3.75507
-2.45006
-12.6233
2.06628
-0.517373
-1.62844
0.329507
-1.24212
-62.5201
-1.19936
-49.4649
-0.112613
1.33733
0.583839
0.169251
-1.37469
0.198667
0.470529
-2.63003
-3.28602
-0.363899
1.69981
-2.50367
-0.141289
-5.83304
4.02053
0.460672
-1.35792
-0.0549349
-0.431095
-0.0548422
-0.783049
-0.433099
2.16682
1.24462
-2.02376
0.558998
-0.974564
4.18287
-1.461
-4.45805
-0.782887
-0.749354
7.06466
-0.740466
3.12538
1.28695
2.86312
-1.8134
-0.262052
-0.0766061
-0.255942
-0.791017
-0.160925
-0.471009
-1.07129
0.194261
1.22671
0.666732
0.0126801
-60.5298
-3.62411
0.720226
2.61559
-0.861668
0.817435
-0.827493
-4.30365
-0.200121
-0.141226
-0.228077
1.45208
-1.05866
-0.202901
10.9541
5.89678
0.0405705
-2.23677
-0.133335
0.530528
3.19956
0.528319
0.582928
-0.87153
0.458382
-1.65033
0.514499
2.72544
-0.154869
1.4184
0.92776
-1.26912
-0.287036
0.819913
-0.166311
1.10077
1.12546
1.43018
0.83972
8.35007
0.17477
0.689471
-0.254222
-2.13941
-3.91234
-0.278508
-0.0146907
-4.0688
-15.5041
0.162393
1.27064
-4.26636
-0.817191
-2.22465
2.31046
-2.36336
-0.722369
-2.66534
2.13845
-0.826803
17.1547
0.793197
0.501156
0.605633
4.99245
-0.134273
-0.173829
-0.398154
-1.20914
-1.46428
-2.65235
0.175099
-1.22471
2.58767
-1.54344
13.7141
3.01422
0.0921086
17.1091
0.0278722
-4.0944
6.86053
1.83183
0.199799
2.8897
1.49513
1.13291
-3.09056
-1.57771
0.347416
0.141259
-1.12391
2.46796
-26.8308
0.488341
13.3401
-1.22257
-0.617508
7.48052
-1.20503
1.56506
-0.607356
0.679255
-0.172544
-0.379285
-0.369269
-0.304456
-0.877864
-1.4291
-3.46437
0.438339
-0.439771
-5.96989
-1.43254
5.99323
1.43336
2.62731
-1.00248
-78.7882
-0.423854
0.509643
0.493384
-0.369765
4.79637
1.13234
-0.261837
1.09209
-0.355902
0.850819
0.359731
-1.07558
-0.890815
-14.0764
-0.0283845
-0.51898
0.0538466
-1.30343
-0.16765
0.421365
0.207886
-3.40193
1.75253
-1.64041
-1.5855
2.45226
0.370393
-2.06996
-1.47268
-0.392928
-6.1235
0.307957
0.465387
-295.428
-0.602766
0.46445
-0.340713
0.439593
-0.700418
-0.790476
1.43968
-1.39406
-0.6534
9.24773
-0.23746
30.339
-1.16169
-3.35279
-0.391861
-0.0808772
0.395674
0.581777
-0.199169
1.14932
-0.400676
-0.715199
-0.709695
-0.107674
-0.0658117
0.354542
-1.04871
4.66706
-0.702879
-0.36446
0.118969
2.37719
-0.818315
0.161581
2.33652
-1.22658
-2.19529
-1.60268
-1.72495
-3.36985
0.281548
0.636255
7.19247
-17.198
1.16183
-0.0932936
1.51384
-8.49035
-1.21692
-4.35973
4.74916
3.93455
0.483468
-2.77713
-0.404602
-1.73
-0.239262
-2.95
-4.38801
6.04301
-19.9771
-0.0261878
-3.33464
0.703027
-2.67934
1.55932
-0.690229
-0.0024114
3.1341
0.0611535
3.44806
-54.7917
-1.90783
-1.18516
3.91001
21.8327
0.0413201
-39.1097
-1.41777
-0.945044
0.999025
0.132329
-35.8326
-1.86095
-0.732577
0.0956052
0.99761
-1.44515
2.67275
-0.291489
1.38387
-2.32262
0.14821
0.76991
-1.98694
-2.51038
1.80969
-25.663
1.18249
-2.96277
0.190457
6.93479
-0.311616
-2.40847
1.09456
-1.66683
0.378984
1.21687
-0.327801
0.504652
5.68633
-0.173076
-0.516446
-0.404518
8.15715
-0.0799226
-1.38151
1.15598
3.76351
-5.22044
0.111899
1.07443
-33.753
3.64635
-5.80471
16.8948
1.45441
-0.102397
-0.620471
-16.071
3.57848
1.00632
-0.089253
-2.53879
-0.378056
0.541699
0.422255
-0.826352
-29.6424
0.989286
-0.326554
-1.46998
7.60688
-0.802344
-1.22953
3.56557
2.35313
0.631983
1.59952
1.07568
9.21504
-11.4601
0.851031
-0.782189
-1.72326
3.52991
4.25131
1.60796
2.35639
-1.90706
0.808614
-0.0605479
-0.492485
0.688483
1.80356
-3.69149
-0.339321
-0.870611
1.89624
3.57043
-1.50459
-2.52786
4.62409
0.839364
-6.42192
-0.803798
-4.80807
6.80214
-7.39888
1.64468
0.742544
0.227816
-84.4725
0.101098
3.80583
-0.150791
-4.21831
-0.557616
-1.20476
1.05898
-0.858375
-2.20332
2.88136
-1.16366
-1.63313
-2.04426
-2.09427
1.27798
-1.19105
0.102874
2.0564
-0.0436242
1.14428
-0.139385
-0.712216
-4.84912
-0.389394
-1.29676
0.134979
-1.25329
-0.218046
0.534201
2.44743
2.23716
0.336298
0.420428
-2.2345
-0.0572278
-0.747062
-0.141105
-3.06934
1.08724
0.0611309
-0.528561
2.80223
0.79679
-0.607915
0.901301
0.246027
-0.0615131
-0.588162
-0.547539
2.22477
3.15004
-0.402001
-3.83995
-2.07339
-1.33839
3.49639
0.0552002
0.636028
1.04669
-3.35848
-9.01143
-0.679025
-0.562506
-1.09882
-0.261044
-0.402603
1.49816
0.334638
-31.0727
-0.862257
0.701767
-2.47778
-2.3555
-0.538147
-0.0958992
-4.2911
4.14651
-0.0203304
-1.92517
-0.698167
-0.436961
-0.777483
28.7479
-7.16733
0.0707719
1.90696
0.893754
1.58069
1.38333
-0.607254
-0.229086
0.359296
-0.358765
-0.531109
-2.16027
0.760808
0.0210165
-3.68746
0.076165
-0.299817
0.591048
-0.224609
0.917175
-7.39042
0.631426
3.92217
0.0614397
-0.220119
-0.108893
1.72396
16.2612
-0.782976
0.00267672
-1.47989
4.95804
0.573774
5.94209
-45.9909
-0.817295
7.36359
-1.21585
0.26949
-0.748632
0.127028
-1.99233
-2.30828
-0.610326
0.331098
-0.263701
0.158765
1.18514
-1.37113
-0.125754
0.622536
1.70677
-2.39152
-0.0508605
1.12494
1.7144
0.342752
1.58569
0.201731
1.06624
-0.282714
-0.896755
0.766267
0.912361
-0.19596
0.319725
2.07551
9.47121
-0.872689
5.23036
-1.00936
-3.61708
1.90684
-1.67459
-4.89696
-0.752313
0.79514
-6.85368
-0.413074
-1.0005
34.4099
-1.35105
16.9644
-2.48386
0.119276
1.00828
5.55711
1.01677
-0.237741
0.36489
-2.51184
-0.527963
-1.05255
-0.80557
0.0352464
0.369981
-0.763697
-1.09157
0.746616
1.53489
-0.969981
0.239664
-1.02443
0.408925
-0.567777
-1.4006
-1.14407
-1.23283
-0.0399959
-3.49266
3.04255
0.251945
0.939595
6.74444
0.3278
-0.375554
-1.35118
2.03824
1.95032
-0.180389
1.26465
-6.29216
1.85878
-3.6626
-1.28809
0.678894
-1.19925
-0.090585
-0.58612
0.226089
-0.439069
-1.24242
-0.413795
0.388154
-4.47967
-0.899259
-3.1312
-0.854529
1.66656
-0.069803
-0.147996
-0.0480971
0.458662
1.30459
1.40035
-0.198944
0.0838649
-0.0821909
-1.04921
1.1208
0.622761
-0.643117
-3.68321
-0.392303
-0.291684
-0.937868
-5.64171
0.266768
2.06804
-0.609945
-0.887782
0.743554
0.396295
-0.54163
0.0500112
2.573
-1.22458
-0.52588
5.67539
-1.35868
0.418137
-2.66154
0.580239
1.98742
0.824687
0.999318
-0.464685
-0.0292061
3.81584
0.991278
-0.285099
0.0100448
1.85203
-0.0553891
0.516192
-0.654853
-0.833735
0.0733499
-0.933356
-0.127268
-0.887465
0.944245
2.25739
0.198798
0.388196
0.330225
-0.278993
5.02651
0.436679
0.325112
1.83463
8.58924
-0.381167
-0.983112
-2.00379
4.08034
-0.595678
0.262136
2.24934
-0.0199052
0.134296
0.063411
0.117032
0.15121
-0.25492
-1.70011
-1.38636
-0.0929072
-2.43427
-0.575657
-0.0368119
0.514493
0.258108
-0.886467
-0.418934
-0.547424
-0.528412
-4.61329
-3.29043
0.154902
-2.31356
0.37991
-0.507538
-1.72668
-0.73681
0.143155
-0.677653
26.9603
-2.17995
-2.48021
-0.0859622
1.47904
-1.29553
-0.0477882
6.91655
-0.713489
0.278623
-1.60533
-1.00208
1.43301
-0.866188
-0.337746
-16.8569
1.0746
0.400659
2.71372
7.65099
4.68393
-6.47574
3.86965
-0.672942
-2.70105
2.00318
-0.921756
-4.67978
-0.049299
-0.205543
0.35491
-0.287581
-0.613281
0.94909
-0.51046
-0.0785905
-1.1531
-1.28405
-1.79028
5.74197
0.0620081
-6.15397
-0.687052
0.252288
-5.03679
-2.07212
-3.12371
-1.47609
-2.94569
-0.441726
-0.204035
-1.92025
-0.414648
0.613564
2.44785
21.4441
-3.23732
0.691318
-2.2235
-5.73186
-3.68625
-1.63625
-0.124425
14.1043
0.476616
-2.88571
1.6295
0.993512
-0.368803
1.0491
-0.580109
-1.62796
0.93036
-0.00100996
1.41983
0.506316
-1.39796
0.642237
6.11899
1.69629
-2.10902
-0.401816
-5.88129
-0.800552
-0.83614
-0.68375
0.466959
0.458599
-0.0964107
0.911929
17.5895
-0.795643
-4.26664
0.471467
7.60146
-0.993269
0.0395753
64.9505
-2.40042
-1.50842
-1.12641
-0.26395
-0.0779846
-2.26824
0.852424
-11.4447
1.26085
-6.2331
1.63678
1.3871
-28.1274
0.73863
3.80967
-1.11037
0.387258
3.88336
-0.879261
0.361664
-0.616619
1.67324
-1.92603
0.711192
-1.90957
-4.06452
4.57701
-2.09192
-1.09668
0.403422
1.53401
-0.281937
-0.790628
-2.24744
-0.218324
0.167917
-1.33618
0.196427
3.32365
0.257638
0.679224
4.90661
0.518188
1.54871
-0.517349
4.82297
0.0169439
10.7209
-1.57782
-0.755458
-0.22203
-0.98741
3.19427
0.324203
-0.17822
-0.470312
-9.86525
0.0818354
6.45046
0.365507
-2.14312
-4.62178
-1.67115
-8.02998
-1.08234
1.66108
1.73373
1.03937
0.76859
3.30825
1.52026
-0.366099
0.744379
-0.128308
3.6451
2.71505
-0.151603
-0.117742
-0.218663
0.0721909
-0.309249
1.03641
0.867716
-0.482811
0.473633
3.26709
-0.11822
-23.6529
-0.0873984
6.63458
0.603929
-7.80791
0.583875
0.291652
-0.404962
0.596414
-1.08971
1.76754
2.77161
-0.777168
-1.50788
0.957476
0.0497791
-0.30204
-1.31156
-1.26066
1.55358
-0.167756
0.667307
-0.113292
-2.44993
-1.85189
-52.9467
-1.37298
-0.133106
4.88797
0.0934643
-5.95392
0.27123
2.71521
-1.08063
-0.582899
-0.612868
3.77854
-0.287015
0.523662
1.93872
0.529421
-0.670074
-0.0225227
-3.09238
0.070774
-0.799901
-1.2153
-5.9009
1.00848
-1.30206
0.57888
11.2901
0.498216
0.854779
1.35997
-0.537818
3.50857
-1.51288
0.0291712
0.646673
-0.612628
0.884787
-2.12584
2.51258
0.302461
-0.193866
0.914451
-0.944451
0.575519
17.5038
0.399607
-5.96922
-0.602184
0.72215
-0.567763
-0.173401
-0.442389
0.120847
-0.0265513
2.62591
-2.17379
1.20979
0.333568
1.68601
1.3109
17.9728
-0.183242
0.413067
-10.4554
-4.41963
23.6742
0.572048
0.409304
-36.7366
-0.0260688
0.158877
0.188011
11.0658
1.11262
-0.364233
-3.80165
-0.129368
-1.43949
6.393
-0.151582
-0.851584
0.139793
1.69988
0.821917
1.39511
-1.77348
-0.655339
-0.655085
-0.00478718
0.16904
-2.42407
1.20226
-5.39651
4.4489
0.791854
-0.30835
-1.96597
1.34799
-0.683917
-2.29168
-1.67616
-3.12275
-0.439585
-0.10111
6.47214
228.976
0.421072
1.13323
1.60438
1.89442
-0.222165
0.536717
-624.181
-0.405079
0.0560419
2.79788
0.69773
0.837262
5.46706
0.0334291
2.5306
-1.05438
-0.688551
0.097886
-1.65639
1.26059
-544.829
-35.0994
0.784324
-0.315583
0.30466
1.24107
0.0161401
-5.84972
-2.72027
0.705467
-1.89215
-0.286419
-0.623348
0.265596
-0.355282
-0.912526
0.982848
2.33624
-0.500833
0.363976
0.206159
-5.97385
-10.7021
12.9131
-3.58505
2.10851
1.57665
-20.5386
24.2443
-0.19593
0.337009
10.6682
8.8301
-0.558281
-0.811547
-143.898
-20.1272
0.309529
-1.25302
34.234
-61.719
0.986554
-0.142921
1.69139
0.723875
-5.48822
-0.93493
1.26746
7.90514
1.09652
1.09685
12.6793
-0.921115
0.588651
-0.933832
-0.0270365
-1.11812
1.89486
-11.1807
-0.791824
-0.468155
1.32997
-2.46333
-0.696862
0.337349
1.87791
-4.83412
9.4458
-14.761
-3.41894
2.08473
0.0629356
-1.92789
0.71718
-0.947917
-0.460043
-0.762598
2.01571
0.939349
1.78663
-0.437665
-1.54392
-4.76867
0.29252
0.241813
4.91923
3.54958
-9.41325
-0.111784
0.944457
-0.0992869
10.0558
0.547033
-1.10128
-0.20326
4.21642
2.49962
-0.408522
-0.428102
-0.844053
-0.163046
0.9678
1.25271
0.58247
14.5259
0.412116
5.70737
1.77697
-0.372945
-1.47347
1.29127
-0.45762
6.64484
0.278892
3.63396
-0.294483
0.234344
-1.22396
-15.4197
-49757.3
3.31718
-7.85258
1.32582
3.51883
0.25982
-1.67851
0.393759
0.744124
-2.0016
0.383168
-4.78407
8.5609
8.19965
-0.251346
0.251818
-0.665495
0.566548
-6.60953
-0.71748
-1.08424
-0.153092
-0.812742
-0.12264
-0.853593
1.43814
-0.0384039
-1.07468
0.498698
2.38269
-0.0427111
0.220797
2.1163
-1.84639
3.06966
1.27067
-0.530918
0.8743
-1.1147
0.177318
0.702304
0.331818
0.0512244
334.321
0.125637
-0.0337629
1.46938
-0.0503614
0.412486
0.277345
-0.436732
9.02597
-2.06831
0.26853
1.23416
-0.595145
2.58443
0.257693
2.72972
0.598746
-1.1518
-4.05463
1.04302
4.36666
0.291178
0.883842
0.237005
1.34407
-0.689027
-6.46412
0.737024
-0.417168
0.234417
0.763235
0.918026
-0.16605
-0.173937
0.565221
2.14021
2.02527
-0.00385339
1.01359
-0.697541
2.01046
-1.72156
5.12633
-1.25351
4.78843
-0.581207
3.6109
0.808554
37.8578
-1.26181
-1.32857
0.0816936
-0.767859
-2.60738
-0.0410533
2.0313
-1.68191
-3.28407
-0.892663
6.66147
2.66679
-4.59125
0.467884
-3.75509
0.157572
-0.0705047
-0.961894
-1.15814
0.266115
130.014
-1.06806
-0.580088
0.35171
-0.354729
-1.65481
-0.294346
-1.21634
-6.83173
2.45999
-0.908153
0.180545
-1.01796
-2.14244
-1.28719
-2.694
0.981387
-3.95785
0.0174342
0.735887
0.651968
-0.588356
2.66321
-14.2432
-0.316215
0.828127
5.70592
0.961685
-1.11012
0.378298
0.712391
0.139501
1.25028
0.442378
-2.66162
-10.9287
1.41861
2.50412
5.93412
8.70964
-1.85402
-0.306824
0.431442
0.968469
27.8201
-5.82336
0.264278
0.144697
0.364596
-0.385908
0.74439
-5.32071
-1.52874
1.77658
-0.436041
-0.864517
0.879042
2.09074
0.892769
-1.32738
0.14061
-2.95328
0.458412
-10.9769
0.211826
-0.126121
5.96043
0.0456255
0.943605
-13.5525
0.300685
-1.16695
6.17865
0.926815
-2.06375
-0.362539
0.162134
2.13489
-1.30027
2.47795
-3.14134
5.15232
-0.0829023
-1.15568
-0.903594
-0.0657567
0.608617
-2.46339
0.227235
19.0034
-0.668633
-0.797744
3.68325
0.120662
-0.243733
-1.54646
0.0734121
0.442967
-1.43178
-0.0137943
-0.649839
-0.379749
0.90485
1.17873
-0.772273
2.05705
1.55711
-1.23016
5.27354
0.467184
2.72001
11.1502
-0.762884
-0.366467
-2.37964
5.57007
0.327459
-0.0604716
3.54377
-0.0357264
-0.970049
-0.0422832
-0.159776
5.99139
8.37021
0.408378
2.68261
-0.18054
1.02082
2.54362
0.846738
2.42911
2.27636
30.6134
1.54189
0.119895
-4.04016
3.84744
1.20145
-0.78967
-0.0291574
-3.93868
-3.56164
0.723539
-0.278033
3.41704
0.714373
-2.18417
-0.733625
-9.63461
-0.0790905
-1.84174
-0.503445
0.533444
-1.06374
-1.34352
1.92295
-0.35239
0.941079
14.1061
0.757421
-1.45838
-0.522855
-0.102727
-0.362068
0.167823
1.24805
-13.7674
0.571035
0.741952
0.742165
-0.235747
-0.709352
3.70128
-0.394376
-0.386633
-0.988176
0.538508
-0.38772
-0.458879
-0.525973
0.892932
-0.101726
-1.15473
-2.70097
-2.65137
0.163288
0.174842
0.82717
0.477854
-11.7902
-2.52416
0.405792
-1.02543
-0.975724
-0.222726
10.0996
3.55334
0.0532942
1.13145
-0.677131
-8.29583
-0.953823
0.581832
0.654933
-0.438018
2.66544
-1.14804
0.347792
-1.37939
13.2209
-1.03483
-7.40577
-18.2403
-1.94913
0.112749
3.3924
-0.946103
-0.129332
-0.233259
-1.9362
-0.424057
0.159332
1.4706
10.6632
2.0973
-0.146297
0.765339
-1.15931
-0.0985065
-0.919065
1.20731
0.34771
-1.0305
0.111955
0.672608
0.259658
0.246052
0.739418
1.10821
0.845282
7.07114
-0.680924
3.29181
-0.190274
0.356286
-0.413591
-2.85303
0.57001
0.697703
0.651748
0.3508
0.239637
-1.18619
-0.65762
-11.2933
2.57166
-0.28553
-1.29309
-0.107049
1.02557
0.396504
-3.66731
7.43181
3.93381
0.237704
-0.0154583
-1.02132
-16.7283
-8.10927
-0.510301
-0.783443
0.893162
0.436049
0.67225
-0.279328
1.19203
5.6478
-16.0318
0.275064
-0.72494
0.606626
-10.5388
0.651878
0.824631
3.46256
8.51404
-1.09637
0.302602
-0.749553
-0.0721345
0.0928388
0.155141
-1.35306
-0.783504
0.142909
1.7276
0.47716
-0.338437
0.392466
0.133384
-6.33764
-1.35509
-0.805805
-3.71674
0.545709
-0.599165
-1.29209
3.97134
0.382584
-0.223294
0.597436
-1.75554
0.114689
1.60525
-0.057452
-6.15134
0.576674
-1.27517
1.46686
2.54491
-0.532749
-0.540633
1.57399
-0.14439
4.21621
2.24847
0.198258
0.231486
2.26525
-1.07956
-8.19352
0.50132
-2.17744
4.44858
2.49547
26.9072
0.452961
1.3229
0.172337
1.38102
1.48327
2.03376
0.196515
-0.0741878
-2.0676
-0.531651
0.00333455
-1.29861
0.61169
-0.766112
-0.0533509
-0.00840454
-0.855975
-0.131546
1.31579
0.30877
1.4861
4.76802
-1.05171
-0.141259
3.59549
-1.41074
-2.26905
-1.16855
-0.000881555
4.6373
-0.87593
1.99341
1.04132
-0.200759
7.81451
1.89384
0.970181
2.59246
-0.375207
1.0584
-0.652698
-0.858987
-0.49213
-0.186403
0.0275899
-0.380988
1.21208
0.36608
-2.46867
-0.0508717
2.46088
1.54324
0.432646
-1.75612
-0.0979615
-0.623394
-2.52601
-5.07288
-0.480975
44.0207
-0.17336
1.21343
-1.6813
0.803364
-0.957924
1.71547
0.424852
-0.239778
-2.99547
2.5953
0.481552
-0.828528
-0.866279
-2.45113
-1.33791
-6.91041
0.221704
-5.53931
-0.139498
-1.03007
0.637151
0.0612234
3.39856
-2.48585
-0.555213
-1.13546
-1.23386
13.7828
5.55832
0.622298
-0.188601
4.86107
1.66092
0.512302
-1.09177
0.680491
1.91666
-1.24539
2.78545
-0.801881
-0.085154
-0.194477
0.471849
-0.0422451
-4.62377
0.610281
-1.37078
1.41941
0.070318
0.745355
4.51961
0.773447
4.91561
0.146047
0.231211
-2.86561
0.0595943
-1.09626
22.39
0.399111
-0.345174
-0.418945
1.52144
0.954535
-0.0529352
1.08683
0.033544
-0.335646
-1.95847
3.99396
0.482295
19.1808
1.28019
1.27268
4.51855
-0.172454
-11.5485
-0.263722
3.80461
-0.244969
0.911935
17.5323
0.885787
-7.24412
0.0262976
2.16537
1.7604
-0.318011
1.51052
-1.82387
-1.06444
-0.75688
-0.0805667
-0.290034
-5.58415
-1.02954
0.593301
1.57916
2.15937
-0.315732
-2.10545
1.6075
1.25256
-0.588738
1.08775
-0.94654
0.994263
-0.832548
-1.48733
31.6102
1.32558
10.0441
0.806829
-1.0143
4.11213
-0.152208
-3.61
0.066756
-0.365015
-2.87448
-0.449256
-0.773336
1.89256
-0.68148
0.376506
-0.292365
-0.622882
2.0254
0.0186351
-0.180696
-0.263424
0.542979
0.263534
1.08625
0.540461
1.63112
-0.603562
0.764901
-0.155071
0.331687
0.908222
0.358909
0.210615
-0.711072
0.156794
85.6229
0.185166
0.946733
2.20937
1.12594
-3.85918
-1.15304
-0.981288
0.561897
0.0189951
0.699678
-2.72831
1.34531
1.28874
71.6605
-0.31721
0.357649
-59.4559
4.93368
-0.122847
311.759
-0.070578
-3.40616
-4.71884
7.54763
6.27623
8.02397
-0.205194
0.0536195
0.766653
0.0865086
-0.569321
-0.738249
-3.1404
1.05764
20.5835
-0.0596886
-0.478359
-2.61679
4.41297
-0.00982117
-1.34483
0.408789
0.213206
-1.0948
-3.41802
0.162335
0.0171562
-3.40919
0.278089
-0.893164
-0.224344
0.452624
1.19834
-0.64944
0.551664
-1.09487
-1.90963
-0.886464
-3.75474
-0.290429
2.3146
-0.278689
0.415335
-1.10232
2.17758
1.68578
9.78903
0.329011
0.730313
3.32145
0.543281
0.44848
0.443297
2.1205
-0.626334
-4.62308
1.00444
-0.755854
-2.25639
2.80356
0.710771
-0.392942
-1.06418
-4.96218
1.92546
0.686382
-0.640599
0.351329
-0.31197
-1.01332
4.37121
2.57877
-0.661334
1.87699
2.14913
-0.548372
-0.112722
-1.43977
-1.88335
0.249039
-5.12671
6.78799
6.99804
13.5656
0.472667
-1.4708
3.0097
0.991535
0.423477
-0.6085
-1.29014
0.644049
2.597
-2.18581
-1.54911
-0.332017
-1.80058
1.86288
-1.22104
-0.258481
3.51173
2.12942
-2.48611
2.13325
-0.503352
-0.997401
1.49619
-8.78771
-1.04419
-0.182626
-2.01944
1.38981
-0.721446
-0.898591
-16.9928
4.04586
0.559215
2.19013
-0.216267
-0.798525
-0.521733
0.0509024
0.767867
-1.04235
-2.12116
9.98147
0.0718979
3.67777
1.63621
-0.850077
5.48601
0.898106
-1.40809
1.00261
-2.00342
-7.52044
1.2257
-6.5106
-25.8108
-4.60533
0.764254
7.94706
-1.10956
-7.28662
0.426446
6.81182
-1.63587
1.43834
-1.81663
-10.8736
-2.62186
0.613505
0.945397
5.04245
-3.71637
3.00763
-0.512744
-0.644989
5.28554
-0.028697
-30.9015
1.43896
3.74298
1.08403
0.0715811
0.638604
-0.924648
-0.580426
-0.591092
-4.01072
-1.40391
5.78258
10.8983
-0.483551
1.8415
2.83157
-8.89314
0.516265
-0.684865
-0.576422
-5.22098
-1.66251
0.439196
-0.54464
-0.797565
-0.701258
0.784791
6.32022
0.796335
-4.26956
9.13742
-8.97753
-0.360262
-68.3231
1.92355
-0.656541
-0.560553
10.5796
4.77004
-0.810583
-3.79791
-8.33835
0.952882
-0.403757
-1.4964
3.34495
9.1106
-1.46691
0.924142
10.4145
-0.694941
-16.6358
-1.47086
0.169511
0.293107
0.229493
0.119207
-0.279616
-0.601633
-2.44053
-1.37725
-44.3041
-0.272034
4.73897
0.252201
0.421257
-1.84509
-1.17826
0.764754
4.42747
-0.840755
0.0885018
4.13148
4.27788
-3.03439
0.788053
40.7883
35.7958
0.343971
-0.0790361
0.350982
4.0365
-0.0309959
0.417553
0.80733
0.488755
10.8453
7.31101
0.233134
0.230545
-0.120503
458.785
10.6222
-1.26309
1.7505
-0.0547838
0.219641
-5.54703
-0.228877
1.28842
1.05949
-0.721096
-0.0248698
-1.19145
17.1607
-0.0700521
-1.05228
-0.425686
4.95106
0.081201
-1.30457
-0.286536
0.381829
-0.426567
-5.69104
0.329281
0.262412
0.216829
0.168535
1.63542
-0.246996
-6.70976
2.49787
-0.15529
1.6203
0.13825
4.49811
-0.605773
-1.70999
0.946142
1.69748
-1.23626
-2.72777
0.708408
-0.723943
-0.0669744
-6.05521
0.31347
-3.69541
-0.767425
4.27671
-0.298536
-3.0422
-1.1149
-0.891586
-0.128851
0.0319523
0.0460873
5.58163
0.101137
-0.467405
0.651102
0.0417837
-0.016132
-23.0611
-3.67065
0.448315
-6.60025
-31.9664
2.98814
-0.195637
0.426057
0.214491
-6.52143
-0.639567
-10.2743
-0.376456
1.43353
-6.62768
1.38039
5.06106
-0.480356
0.556116
6.06012
4.56682
-1.59803
-7.83477
-6.5806
-2.73761
-0.0147008
0.361331
-0.879104
-3.23525
0.519392
-3.05552
-0.32002
-0.288198
0.614492
1.24109
-0.295821
-0.258341
1.95198
-2.29946
0.340425
-0.683735
0.355871
-0.709342
9.04353
1.65248
0.146413
-0.225204
0.523953
5.27865
1.85897
-4.57084
-0.677016
-2.97571
4.33856
1.56009
-1.84587
-0.71276
0.589822
-0.0641977
-0.067657
0.239859
3.21633
0.77776
0.0611152
-1.82832
0.341301
0.344963
-0.39672
16.5316
-0.00260336
-2.43001
4.65521
0.4404
-0.201423
1.3505
-0.554341
0.126045
-0.672208
0.494989
-1.32003
-0.0202705
1.91596
0.957097
6.25997
-1.24718
-7.28989
-0.568829
-0.310542
-1.93056
0.320285
12.8329
-0.992575
-1.67668
-3.07062
0.236791
-0.698903
-0.578493
-0.73529
1.54086
-1.17031
-0.228244
-0.9283
2.21007
0.675686
-0.142436
0.852088
1.17611
0.365311
0.788843
-0.247755
0.229376
-0.217731
0.733946
0.887765
-0.37905
-6.76515
-0.00710262
-0.314739
0.35245
-0.211815
1.27736
0.804783
-0.0461608
0.0645543
-1.01697
1.68689
-4.70538
-0.47337
-0.235689
0.562294
7.58624
-1.90399
1.94047
-3.50184
1.37848
-1.36394
-0.0720321
1.03821
3.02648
-0.739357
-1.04676
-0.526659
5.4252
0.563613
1.45508
0.182906
-1.0966
6.1703
-0.993456
0.470506
-0.414867
-0.458008
1.82922
1.0901
1.36992
-0.0218855
0.308831
-6.95244
-2.04583
2.08419
1.30621
0.08039
1.71865
1.0643
-2.65992
3.22617
1.57013
-0.0460049
0.380192
-0.539137
5.68237
-0.309963
-1.62305
-2.3118
1.31412
-9.69018
0.452279
0.0824529
0.0518844
0.344337
-0.816642
0.258395
0.108388
-1.22645
2.38924
-1.11398
0.144323
-3.5541
2.384
0.00808577
1.23414
69.4543
-3.94174
-4.57779
5.1563
-0.132933
-0.609003
-6.95512
0.676548
0.649023
-0.180605
-0.925124
-0.992964
2.33248
-2.08639
1.89441
3.01667
3.31975
-17.5382
-0.283496
2.24684
-48.7684
-0.541216
0.636458
0.261459
-0.447192
1.65639
1.35814
0.430087
-0.427388
-7.16021
-1.42003
-0.278865
-0.251632
0.591333
-0.888871
3.64471
3.99112
-1.02866
0.71206
-0.0246686
0.00234513
0.41419
0.710011
-1.95646
-70.0819
1.33506
-15.8017
-1.3245
-0.609517
-1.02927
-99.2006
1.20228
0.392774
0.20598
-0.116006
-7.0041
7.93701
-0.153353
1.03926
0.588124
-549.274
1.47758
1.33058
-0.469791
0.619225
-2.56816
-0.571519
10.2455
0.069036
0.920114
-0.590846
-4.95779
0.488693
-0.481747
0.579896
-0.299411
3.76892
-1.01089
-4.0088
-0.843517
-0.191176
-0.0154239
0.119657
-8.0923
1.64232
3.16428
7.43232
4.2592
-0.428807
0.983133
-0.113448
-0.204222
0.527112
-5.70511
-3.57509
-0.829317
0.432841
0.275996
-2.05682
-0.624772
1.08088
-1.36458
-2.12511
-0.227077
-0.936068
1.40569
-0.0778971
0.538957
9.27174
0.0371021
1.1733
0.838714
6.02393
-0.867762
-2.08619
-1.79795
-0.462752
0.209115
-2.2341
-2.1949
0.424493
-0.321287
1.17571
-0.782432
-0.0797964
-0.844995
-0.295095
0.312529
3.82738
-0.824238
0.637913
0.482862
0.820499
-19.3074
-0.0538851
-1.04571
-0.433789
0.102045
-2.17709
1.86367
