0.111989
0.2721
0.157427
0.857139
-0.00540454
4.44164
-10.3032
-0.232431
-0.896847
-0.815386
-1.56071
0.601449
-1.06259
1.18788
6.2644
0.88421
0.139068
-0.322095
-0.406426
-3.07148
-8.20452
-2.98145
0.841887
-2.37193
0.244818
2.87239
0.387739
0.0115185
-10.3443
-30.7481
1.46976
0.629521
1.23921
-4.98028
-0.755627
1.87134
-7.02922
-30.2124
-0.860023
0.0153429
-0.339594
-0.769589
-0.360237
0.28315
0.437954
1.08456
-1.38357
-2.77819
16.5204
-0.752618
1.45394
-1.26306
-0.336559
0.0484355
-0.617637
1.32711
-2.79478
-0.557
-0.0303874
-3.29422
-0.056322
1.43033
1.84171
-0.854627
0.0159903
0.182672
2.31614
-0.787802
-0.163063
0.707591
0.592181
3.2977
10.5534
103.337
-0.0710888
-0.0396142
6.59823
-0.395567
-1.72239
0.345806
-0.420426
0.400189
1.61863
0.0499945
0.305066
-20.5433
1.39561
0.0381325
0.351038
0.128305
4.96807
-0.370853
0.173042
0.0106027
-2.77608
0.726046
0.985631
-0.312986
-0.760894
-1.04283
-0.58759
0.477025
-1.10134
-7.91495
9.34149
0.486526
0.997529
-0.398882
2.02019
-1.31063
-7.63967
-0.843398
-1.46511
15.2712
-0.934276
0.117267
3.43651
-1.37532
-8.31326
-1.34779
-2.97713
-0.698438
2.32377
-1.8939
-0.0632191
-6.50921
0.91647
-1.4861
-14.8279
-1.34462
0.0347899
-2.00031
-1.09165
-0.614524
-5.65917
3.80276
-3.84048
2.36168
0.550322
2.32228
0.40516
-2.16499
-0.215705
-2.21288
-0.105031
-0.410775
0.0028009
-1.09066
12.4531
-1.41384
-1.27802
1.03128
16.4784
-12.571
-1.09831
-0.343508
-0.241617
-0.0491894
-6.31743
-1.09396
-0.552
1.10442
-0.317261
-4.2223
0.178251
0.833076
2.96345
1.93164
0.380502
1.46552
-0.524353
0.597072
1.46731
-0.446696
-0.227749
-0.954602
0.617527
1.13732
-0.0588035
0.340022
-0.106494
-1.37608
-33.0345
-3.69852
-5.73005
7.83095
-0.214547
-0.767357
0.925099
-0.446813
1.13423
1.33482
4.45688
4.0399
4.44217
-2.12384
-1.93361
0.522811
-1.37215
0.381831
-1.21389
-0.6558
-0.460471
-1.03881
-4.70975
-1.21394
1.8213
-0.658873
0.849925
-1.79657
-0.0508354
0.0261687
1.54751
-3.56585
-0.978705
0.707346
0.312258
-0.494897
-0.622339
0.143035
1.24012
-4.61799
-2.92641
-1.4098
0.250586
-2.06479
1.03467
-0.897659
0.475401
-2.28153
3.28363
1.32063
-0.832048
-6.35791
9.33797
-0.842597
-1.72338
-1.94275
-3.08073
1.46339
1.24258
0.195165
1.08605
-0.061816
3.15635
1.0928
1.34765
-0.9253
-0.750024
-0.930184
-10.1534
-1.11795
0.5986
-0.361557
2.13022
0.819311
0.988664
0.233377
-0.824377
2.05517
1.04825
2.11838
0.532215
-0.284129
0.157608
0.292113
-4.24338
-0.166597
2.85901
4.57849
12.0763
6.88811
-0.788364
23.8634
1.54397
1.04645
5.07726
1.70229
-1.17864
-0.799991
-0.0330953
0.218433
1.16372
13.0348
-0.558323
0.0117819
-1.94928
-1.35936
0.932889
-0.648971
0.983208
-0.111189
1.97289
1.30081
0.0411562
-0.782882
1.7954
-0.396525
-0.155265
-49.5499
-0.056307
3.54051
1.96083
-2.85068
-14.6188
-0.93621
-0.753681
1.83036
0.568239
1.78654
-0.970877
2.49901
1.39953
-1.34166
-0.60178
-1.57435
-0.182809
-2.4213
2.01507
0.619463
-0.231829
-3.59963
65.7996
0.00948492
0.317049
-1.44442
0.698296
0.586697
1.75452
-0.909447
0.458397
-1.36972
2.22038
0.00922106
0.905187
-0.974104
135.372
0.934658
-1.50589
5.13747
0.877978
1.03705
2.53372
-0.158964
1.47048
-0.358769
3.04313
-1.42933
0.547195
-0.173447
-1.22145
1.14929
1.43254
1.21428
2.55506
-0.676903
-0.398113
-1.70739
7.55584
5.47894
-0.506342
-1.87545
-0.364355
1.08764
-0.603929
-1.89999
-2.43555
0.337053
-0.109231
1.17177
-0.259964
3.39048
-1.89413
-1.37533
-1.70874
-0.0691136
-3.22139
3.09333
0.848594
9.58033
0.875546
1.18607
-2.94099
3.3622
0.0760861
-4.63575
0.00616909
-5.76708
7.28609
1.83633
-5.52889
0.00133352
0.758477
19.4375
-0.212068
-0.648753
-3.77056
-0.239744
-1.51343
1.41266
-1.50967
8.12466
1.62233
-0.58695
-0.242114
-0.927789
0.558829
4.5764
-10.3015
-0.0859564
0.113403
-0.67313
-0.187857
-0.0242
0.550469
0.375304
-4.56416
-0.459072
1.51524
-0.108532
2.87986
-0.287985
-0.781347
-0.311525
0.179295
-0.505577
-5.94358
-167.335
0.492169
-8.77447
0.475338
-29.6311
-4.50175
-3.35911
-0.6584
-0.215267
0.372837
1.03023
-2.18576
2.34513
0.481543
1.74933
-1.43869
3.00252
-0.227948
1.08353
-0.864849
-0.103819
-0.394937
0.664459
2.32887
-2.04927
1.67375
-1.87672
1.22282
2.49699
1.67608
1.44943
-3.80422
0.558112
-1.03402
-7.19148
0.0232056
-1.98135
-10.5909
-2.51828
-0.688898
-0.665818
1.90594
2.49106
31.0063
-0.163052
-3.37041
0.484038
-2.76073
-0.950693
-0.116906
1.368
-0.0104269
-1.54949
-2.5219
-0.196545
3.75432
-2.55323
2.17912
-3.25414
-0.741515
-0.412011
2.54973
1.736
-2.09937
-48.503
1.0208
2.8443
0.791739
2.31245
1.26817
-2.12566
-31.9404
-9.2128
-1.71063
1.69039
0.899077
1.24828
-0.697618
0.872458
-0.374183
0.368376
10.3882
0.804536
-2.66113
-0.48981
-0.615085
0.160939
-4.96055
0.767951
2.15137
-0.236971
-1.09513
7.94189
-0.317183
0.670794
0.684366
-1.59587
-1.2609
2.02227
-0.252219
3.42837
6.08057
0.268798
1.71253
0.279513
1.73641
-0.254128
0.461192
-0.994283
-3.25624
0.215247
1.1002
-0.299299
-11.0963
0.00158831
-4.00424
9.97287
0.607742
-0.80817
7.21258
-6.08923
-7.29272
-1.07332
17.8645
-1.05396
-0.455897
0.00777202
-3.35621
1.50889
0.886827
-2.69457
-0.760238
0.391206
-0.173015
0.65804
21.0713
16.1642
2.0757
2.21365
-1.26179
0.457439
-3.10683
-0.68374
0.469115
0.45023
0.974963
-0.740606
-2.06749
-0.136794
2.56872
0.804578
0.244334
-8.89217
-1.74502
0.310279
6.81077
-1.87781
-2.16444
-0.13154
1.75006
-0.30355
15.2252
-0.869931
-0.0362001
1.99147
-1.66311
-7.29611
-0.489539
0.881689
1.00066
2.79096
0.358414
-34.362
-1.52113
-0.25182
0.581036
36.1412
0.46135
-0.218257
-1.21106
-0.754128
2.61367
1.25844
3.34198
-8.72404
-2.96998
17.2522
0.662755
0.401646
-41.8825
-1.85047
-1.89117
-0.177989
0.219542
0.024144
2.38914
1.73663
-0.317102
-14.38
6.74051
-52.3934
3.3321
2.29429
2.71579
-1.19536
0.810117
-4.72846
0.345476
-0.507455
0.506803
-0.0996366
-1.00232
-2.32253
1.95158
-0.200779
-0.70277
0.0725298
1.78817
3.03113
-2.1882
-3.14119
0.0892449
-4.98511
1.14479
29.9336
0.745484
0.519686
-0.83189
-33.9208
-0.279322
-2.02345
1.02605
0.136104
0.867485
6.94205
1.5152
0.494759
-13.439
2.93071
-0.184855
1.08394
-0.762628
0.0897744
1.57602
1.52831
0.0942066
0.136115
0.269768
-0.652496
5.52465
-1.46788
-0.651805
-0.145267
-3.0355
2.95221
-3.09169
-2.99048
0.200032
-1.1762
6.15249
2.27538
4.85592
0.76975
-1.03201
-0.754509
-5.52765
-0.369556
0.0291962
-0.77956
-1.10048
0.598505
2.33591
-0.341611
-0.579051
0.295071
-0.593203
-0.122091
-5.12122
6.14145
7.01648
0.617738
-0.246043
-0.631647
-0.523319
-1.75474
1.60799
1.14219
-0.00399353
-5.2581
1.82846
-2.98279
0.0820666
3.34843
0.833073
-2.47889
-0.506811
-0.178822
-0.681527
-0.776021
1.08332
-7.29131
4.95239
-0.810226
-5.68285
2.6508
-0.248315
-8.37169
1.16207
0.24524
-0.817589
1.11494
1.39908
-1.17669
-0.0308773
-659.526
-1.11629
-0.425666
0.12444
1.99398
-0.631191
-0.0543439
1.00532
1.95086
-0.539034
-12.925
-0.500764
-0.419578
-0.198021
0.991536
-6.11796
-0.603309
1.84419
0.4479
1.21184
-2.40496
0.771751
0.0860408
2.98576
1.02303
-0.565784
-0.648665
-7.74932
0.666166
-1.97045
-0.840185
-29.6448
3.46861
0.292399
-0.191595
-2.00905
-0.451046
-2.27926
-6.4567
-4.00095
-2.599
0.364845
1.26208
-1.79352
-1.49752
-1.83239
0.816492
-0.170447
0.166603
-9.02761
-0.598345
-0.531799
0.234744
0.0554706
-0.32301
-0.9737
-3.52703
1.76487
0.223754
-0.860467
2.43376
-3.6489
-0.067489
0.241391
1.30803
2.01697
1.92693
-0.175697
-0.519895
0.506577
-0.574437
-0.798963
0.301756
-0.936613
0.280053
0.842983
-0.0106247
1.91078
0.280587
-0.56983
-1.18056
2.01877
0.276003
-0.631305
-0.396052
-1.01276
-0.953686
2.00767
0.055871
-0.246295
2.16575
5.72038
-3.76952
0.181046
-0.595775
1.5753
0.0182921
-0.725575
1.3095
0.447036
-2.43325
0.194069
-5.33869
0.0710032
-1.13945
1.67156
1.88168
-0.391299
0.569409
0.00540098
0.407602
-0.429722
-0.276939
-39.0187
0.906252
-58.5207
-0.0280408
0.0613044
-14.6699
-2.14766
0.317539
-1.10242
-0.169748
-0.548551
1.60229
2.38453
-0.678589
-4975.92
0.493415
0.0180143
0.419431
33.7607
1.35991
-0.419379
0.662625
1.2292
3.30908
-0.360175
12.4305
-1.52174
-0.358359
-0.785484
3.62886
-0.268058
-0.767401
-0.649893
-0.0874058
2.02943
0.122013
2.1939
1.9608
4.11991
-0.472495
-1.30958
0.100706
0.358066
-0.67503
-0.117454
-0.64259
-1.38816
1.22866
-0.0362093
0.927433
-0.834113
0.692118
-1.75693
-1.40572
-0.00599954
-1.33734
-0.0939649
0.975576
2.58518
0.391971
0.0608358
0.608269
1.61355
-0.0371422
3.52659
0.13595
-1.82443
1.78243
0.91927
0.160555
2.4608
0.530661
1.87391
1.34302
-0.583052
3.40227
0.656452
0.149891
0.531053
8.62461
7.03953
26.31
2.59188
-0.398735
-0.251593
-0.440962
1.87848
-0.76104
0.938659
1.89624
0.0561394
0.303568
-2.87582
0.291394
1.84925
-4.24799
-0.581283
-1.74572
1.11666
-1.45931
-6.36694
0.0238442
0.398825
-4.39353
0.721285
8.32185
48.8883
1.19601
-0.384264
-0.0381405
0.0984652
-1.13421
-1.72198
-4.55169
0.129928
-2.50549
0.000240963
1.33545
0.0385122
1.66155
0.429887
1.09392
-0.737345
0.497899
-0.464407
0.422719
-0.12443
1.1236
-0.148972
1.04772
-1.25066
0.0632038
5.9539
-0.901602
-5.30019
0.50465
-8.83418
-9.51087
-53.8222
-0.735549
0.88732
-1.18728
0.760362
-0.139859
0.259227
-1.91109
