0.456646
0.502985
0.476028
0.496012
0.495708
0.492961
0.495493
0.494858
0.501828
0.506394
0.50445
0.50699
0.506744
0.507175
0.505479
0.508615
0.50896
0.507601
0.507688
0.505419
0.504399
0.503605
0.502794
0.503193
0.504293
0.504593
0.505569
0.505949
0.506554
0.506531
0.505764
0.504886
0.506219
0.504607
0.504065
0.503789
0.504829
0.504561
0.504497
0.50366
0.503773
0.503827
0.503878
0.503199
0.50301
0.502786
0.502452
0.502301
0.502522
0.502191
0.502344
0.501825
0.502225
0.501589
0.501251
0.50102
0.501545
0.501032
0.500675
0.500854
0.499879
0.500704
0.500697
0.500935
0.501261
0.50124
0.502142
0.501995
0.502403
0.503536
0.503753
0.503759
0.50398
0.50309
0.503112
0.50356
0.503015
0.50354
0.503935
0.504052
0.504752
0.505084
0.504825
0.504764
0.504186
0.504168
0.504057
0.503582
0.503382
0.503583
0.502754
0.502306
0.502027
0.502016
0.501609
0.501519
0.501633
0.501401
0.501149
0.501214
0.501192
0.500579
0.500686
0.500356
0.500042
0.499822
0.49989
0.499915
0.499897
0.499985
0.499922
0.500175
0.50016
0.50004
0.499886
0.50003
0.499901
0.500253
0.50036
0.50016
0.500404
0.500305
0.500236
0.500255
0.500241
0.499965
0.499713
0.499615
0.499967
0.500513
0.500414
0.500365
0.50061
0.500431
0.500469
0.500423
0.500443
0.500672
0.50037
0.500319
0.500026
0.500128
0.500156
0.49958
0.499952
0.499744
0.499931
0.500069
0.500034
0.500069
0.500165
0.500297
0.500635
0.501115
0.501331
0.501469
0.501824
0.50196
0.502084
0.502089
0.502065
0.502128
0.502166
0.502246
0.502197
0.502032
0.502059
0.502044
0.502046
0.501955
0.502001
0.502055
0.502315
0.502189
0.502232
0.502111
0.502069
0.502128
0.502131
0.50203
0.501877
0.501703
0.502042
0.502067
0.502067
0.502013
0.501799
0.502096
0.502276
0.50241
0.50218
0.502047
0.501825
0.501857
0.501912
0.502167
0.502145
0.502211
0.502331
0.502239
0.502167
0.502258
0.502395
0.502305
0.502127
0.502072
0.502134
0.50217
0.502192
0.502193
0.502192
0.502431
0.502438
0.502581
0.502556
0.502616
0.502716
0.502601
0.502668
0.502628
0.50261
0.502601
0.502519
0.502689
0.502586
0.502382
0.502376
0.502296
0.502013
0.501909
0.502055
0.50211
0.502032
0.501964
0.50206
0.501871
0.501807
0.501612
0.501374
0.501397
0.501333
0.501526
0.501398
0.501318
0.501145
0.50145
0.501484
0.501518
0.501404
0.501469
0.501285
0.501386
0.501229
0.5013
0.501182
0.500939
0.500775
0.500595
0.500687
0.500565
0.500524
0.500509
0.500513
0.500471
0.500333
0.50023
0.500294
0.500341
0.500348
0.500407
0.50047
0.50038
0.500504
0.500223
0.500235
0.50023
0.500031
0.500003
0.500181
0.500215
0.50028
0.500328
0.500286
0.50008
0.500019
0.500086
0.500199
0.500066
0.500034
0.500182
0.50001
0.50009
0.500122
0.500059
0.500031
0.499964
0.500072
0.499949
0.500075
0.500143
0.500184
0.500122
0.500028
0.499971
0.499827
0.499842
0.499873
0.499902
0.499823
0.499822
0.499794
0.499759
0.499789
0.499781
0.499786
0.499701
0.499743
0.499869
0.499837
0.499685
0.499461
0.49956
0.499734
0.499799
0.499813
0.499805
0.499831
0.49983
0.499836
0.499734
0.499838
0.499886
0.499882
0.499919
0.499882
0.499923
0.499808
0.499845
0.499741
0.499716
0.499635
0.499596
0.499608
0.499631
0.499776
0.499877
0.500036
0.500081
0.500203
0.500207
0.500159
0.500259
0.500446
0.500309
0.500325
0.500226
0.50031
0.500353
0.500419
0.500321
0.500369
0.500406
0.500295
0.500139
0.500273
0.500203
0.500332
0.500325
0.500405
0.500405
0.500617
0.500681
0.500713
0.50073
0.500762
0.500705
0.500716
0.500613
0.50065
0.500574
0.500593
0.50053
0.50059
0.500545
0.500495
0.500511
0.500548
0.50046
0.500448
0.500453
0.500494
0.500635
0.50069
0.500726
0.500722
0.500775
0.500659
0.500577
0.500539
0.500522
0.500522
0.500639
0.500715
0.500783
0.500748
0.500713
0.500778
0.500815
0.500846
0.500891
0.500914
0.500905
0.500809
0.500901
0.500992
0.501091
0.501162
0.501185
0.501168
0.501175
0.501219
0.501261
0.501389
0.501394
0.501441
0.501463
0.501479
0.501477
0.501479
0.501354
0.501271
0.501207
0.501162
0.501283
0.501242
0.50122
0.501166
0.501197
0.501273
0.501247
0.501145
0.501025
0.501081
0.50106
0.501088
0.501119
0.501109
0.500991
0.500972
0.501008
0.501018
0.501073
0.501072
0.501142
0.50117
0.501171
0.501139
0.501248
0.501236
0.501151
0.501109
0.501064
0.501033
0.501179
0.501172
0.501159
0.501147
0.50114
0.501206
0.501207
0.501296
0.501281
0.50127
0.501192
0.501235
0.501212
0.501255
0.501169
0.50122
0.501334
0.501348
0.501395
0.501425
0.501398
0.50133
0.501363
0.501351
0.501306
0.50129
0.501198
0.501304
0.501302
0.501193
0.501273
0.501382
0.501368
0.501458
0.501492
0.501554
0.501583
0.501539
0.501625
0.501604
0.501605
0.501639
0.50172
0.501677
0.501641
0.501675
0.501586
0.501621
0.501638
0.50161
0.501601
0.501568
0.501708
0.501636
0.501689
0.501552
0.501462
0.501411
0.50136
0.501364
0.501439
0.501454
0.501498
0.501442
0.501392
0.501386
0.501321
0.501291
0.501311
0.501312
0.501307
0.501303
0.50131
0.50137
0.501448
0.501411
0.501434
0.50137
0.50137
0.501342
0.501327
0.501331
0.501283
0.501293
0.501284
0.501406
0.501337
0.50126
0.501278
0.501341
0.501388
0.501426
0.501337
0.501336
0.501285
0.50128
0.501292
0.501304
0.501312
0.501365
0.501445
0.501452
0.501515
0.501608
0.501638
0.501634
0.501591
0.501602
0.50174
0.501776
0.501704
0.501713
0.501775
0.501755
0.501729
0.501842
0.501867
0.501937
0.501948
0.501969
0.501921
0.501933
0.501969
0.501993
0.501913
0.501875
0.501889
0.502002
0.50205
0.502022
0.502012
0.501979
0.501934
0.501879
0.501896
0.501905
0.501892
0.501958
0.50192
0.501946
0.501971
0.501968
0.502009
0.502083
0.502035
0.502036
0.502039
0.502081
0.502082
0.502077
0.502105
0.502156
0.502218
0.50231
0.502294
0.502348
0.50228
0.502338
0.5023
0.502352
0.502306
0.502306
0.502298
0.502276
0.502356
0.502424
0.502342
0.502351
0.502389
0.502345
0.502299
0.502286
0.502282
0.502233
0.502272
0.502281
0.502278
0.502331
0.502353
0.502397
0.502382
0.502395
0.502384
0.502375
0.502373
0.502399
0.502368
0.502323
0.502279
0.502248
0.502275
0.502387
0.502318
0.502368
0.502378
0.502427
0.502462
0.50244
0.502485
0.502477
0.50256
0.502597
0.502579
0.502596
0.502549
0.502553
0.502576
0.502559
0.502463
0.502503
0.502482
0.502442
0.502396
0.502307
0.502294
0.502223
0.502263
0.502238
0.502181
0.502225
0.502236
0.502284
0.502255
0.502176
0.502106
0.502109
0.502119
0.502087
0.502141
0.502103
0.50216
0.50209
0.502121
0.502189
0.502186
0.502125
0.502078
0.502125
0.502094
0.50213
0.502074
0.502086
0.502129
0.50214
0.502044
0.502049
0.502065
0.501997
0.501911
0.501893
0.501797
0.501765
0.501747
0.50173
0.501684
0.501712
0.501637
0.501652
0.501751
0.50174
0.501727
0.501753
0.50171
0.501668
0.501593
0.501572
0.501591
0.501559
0.501602
0.501621
0.501611
0.501564
0.501644
0.501587
0.501605
0.501617
0.501591
0.501599
0.501641
0.501681
0.501725
0.501743
0.501717
0.501746
0.501743
0.501737
0.501622
0.501616
0.501673
0.501695
0.501622
0.501668
0.501642
0.501609
0.501596
0.501564
0.501501
0.501553
0.501581
0.501553
0.501525
0.501553
0.50153
0.50155
0.501521
0.501529
0.501553
0.501568
0.501573
0.50164
0.501692
0.501714
0.501803
0.501733
0.501754
0.501732
0.501685
0.501672
0.501635
0.501629
0.501614
0.501603
0.501629
0.501599
0.501659
0.501735
0.501712
0.501719
0.501736
0.501753
0.501712
0.501739
0.5018
0.501792
0.501817
0.50186
0.501896
0.501879
0.50181
0.501808
0.50186
0.501881
0.501891
0.50185
0.501841
0.501803
0.501825
0.501805
0.501728
0.50168
0.501661
0.501654
0.501654
0.501605
0.501606
0.501595
0.50158
0.501514
0.501516
0.501587
0.501621
0.501639
0.501606
0.501637
0.501621
0.501611
0.501557
0.501557
0.501553
0.501472
0.501471
0.501476
0.501418
0.501405
0.501379
0.501364
0.501375
0.501371
0.501327
0.501269
0.501255
0.501232
0.501247
0.501245
0.501291
0.501269
0.501241
0.501264
0.501225
0.501266
0.501236
0.501199
0.501219
0.501207
0.501232
0.501207
0.501197
0.501204
0.501187
0.501183
0.501141
0.501107
0.501156
0.501221
0.501346
0.501328
0.501336
0.501365
0.501376
0.501425
0.501391
0.501403
0.501372
0.501412
0.501401
0.501391
0.501387
0.501338
0.501391
0.50141
0.501413
0.501372
0.501342
0.501315
0.501289
0.501335
0.501342
0.501282
0.501279
0.501283
0.501338
0.501303
0.501259
0.50133
0.501323
0.501349
0.501367
0.501381
0.501369
0.501362
0.501432
0.501421
0.501395
0.50142
0.501389
0.501397
0.501434
0.501398
0.501433
0.501372
0.501359
0.501389
0.501388
0.501382
0.501392
0.501366
0.501335
0.501314
0.50133
0.501328
0.501331
0.501338
0.501346
0.501328
0.501335
0.501381
0.501397
0.501413
0.501408
0.501387
0.501393
0.50138
0.501376
0.501403
0.501372
0.501381
0.501369
0.501363
0.501336
0.501307
0.501268
0.50126
0.50128
0.501226
0.501276
0.501298
0.501288
0.501309
0.501339
0.501333
0.501342
0.501343
0.501344
0.501297
0.501283
0.501283
0.501285
0.501269
0.50135
0.501366
0.501334
0.501373
0.501393
0.50142
0.501434
0.501465
0.501435
0.501364
0.501475
0.501439
0.501397
0.501348
0.501329
0.501315
0.501287
0.501253
0.501277
0.501304
0.50134
0.501393
0.501424
0.501405
0.501444
0.501444
0.501472
0.50149
0.50149
0.501452
0.501485
0.501537
0.501483
0.501443
0.501436
0.501431
0.501462
0.501469
