3.15315
3.20448
3.14207
3.19588
3.22179
3.19764
3.17847
3.17179
3.16972
3.17833
3.17475
3.15581
3.14717
3.15493
3.1833
3.1775
3.17319
3.16822
3.16818
3.16637
3.17245
3.16599
3.1636
3.16346
3.16507
3.16712
3.16181
3.15482
3.15308
3.14987
3.14687
3.14728
3.14495
3.14315
3.1495
3.1546
3.15837
3.15861
3.16033
3.15808
3.16685
3.16755
3.16513
3.16207
3.17016
3.17057
3.17255
3.17492
3.17306
3.17266
3.17228
3.17219
3.16865
3.16798
3.16694
3.16594
3.16648
3.16493
3.16299
3.16122
3.16391
3.16432
3.16261
3.16325
3.16514
3.16675
3.16785
3.16337
3.16343
3.164
3.1673
3.16811
3.1684
3.16781
3.16706
3.16561
3.16419
3.16206
3.16249
3.16473
3.16381
3.16179
3.1616
3.16412
3.16383
3.16561
3.16763
3.16779
3.1649
3.16194
3.15959
3.15959
3.15999
3.15799
3.15693
3.1552
3.15461
3.15416
3.15605
