0
0.00263481
0.00954757
0.0158476
0.0153628
0.015717
0.0156765
0.0140297
0.0125052
0.0119218
0.0109657
0.0140015
0.0138204
0.0136162
0.023981
0.0229868
0.021932
0.0211337
0.0200215
0.0190826
0.018914
0.018931
0.0182332
0.0174739
0.016837
0.0162945
0.0164241
0.0171566
0.0166503
0.0163942
0.0161359
0.0156371
0.015338
0.0149939
0.0159364
0.0164064
0.0164748
0.0160434
0.0157448
0.0155493
0.0182455
0.0178313
0.0176628
0.0176651
0.0201575
0.0197269
0.0194866
0.019345
0.0191166
0.018742
0.0183818
0.0180288
0.0183367
0.0180216
0.0177516
0.0174893
0.0171984
0.0170378
0.0169687
0.0168708
0.017029
0.0167643
0.0166789
0.0164442
0.0164209
0.0163394
0.016176
0.0172849
0.0170346
0.0168141
0.0173379
0.017144
0.0169151
0.0167116
0.0165311
0.0164715
0.0164095
0.0165492
0.0163544
0.0165446
0.0164075
0.0165392
0.0163429
0.0166765
0.0164876
0.0165674
0.0167277
0.0165398
0.0170889
0.0176785
0.0179846
0.0177891
0.0176122
0.0177953
0.0177147
0.0178124
0.0176629
0.0175018
0.0176751
