0.0871604
0.0914629
0.0841603
0.0855689
0.0840058
0.0829304
0.0820341
0.0829745
0.0817335
0.0814763
0.0828701
0.0830958
0.0835716
0.0830794
0.0830593
0.0834867
0.0827319
0.083121
0.0830359
0.0836712
0.0835224
0.0833826
0.0833399
0.0834046
0.0835082
0.0831975
0.0834142
0.0832349
0.0830309
0.0831953
0.0832746
0.0835773
0.0836433
0.0838862
0.0836365
0.0836898
0.0835458
0.0835618
0.0834393
0.0835317
0.0832713
0.0832211
0.0830022
0.0831107
0.083084
0.0831473
0.0831735
0.0832611
0.083462
0.0835374
0.0835448
0.0835779
0.0835813
0.0837264
0.0836584
0.083798
0.0839681
0.0837573
0.0836624
0.0838526
0.0837963
0.0838111
0.0838732
0.0835583
0.0836096
0.0836299
0.0838769
0.0839259
0.0839053
0.0837362
0.0836457
0.0837028
0.0836656
0.0835905
0.0834773
0.0834351
0.0832218
0.083104
0.0831816
0.0832474
0.0832291
0.083165
0.0831922
0.08317
0.0830062
0.0830483
0.082943
0.0827684
0.0825415
0.0825204
0.0824207
0.0823856
0.0823771
0.0823944
0.0823433
0.082207
0.082129
0.0820837
0.082072
0.0823312
0.0823377
0.0823748
0.0824376
0.0825065
0.0824983
0.0824606
0.082535
0.0826173
0.0826634
0.0826457
0.0826212
0.0825782
0.0825458
0.0826
0.0825826
0.0825357
0.0825172
0.0825538
0.0826125
0.0827311
0.0827304
0.0827092
0.082723
0.0827554
0.082851
0.0828294
0.0828877
0.0828144
0.0828743
0.0828604
0.0829515
0.0829383
0.082972
0.0828404
0.0828227
0.0827192
0.0827743
0.0827784
0.0828018
0.0828057
0.0828344
0.0828129
0.0828757
0.0829189
0.0829371
0.0829438
0.0829461
0.0829791
0.0830269
0.0830527
0.0830977
0.0831095
0.0830196
0.0829755
0.0829534
0.0829571
0.0830313
0.0830506
0.08302
0.0829867
0.0829977
0.0830362
0.0830447
0.0830633
0.0830447
0.0830521
0.0829915
0.0829845
0.0829146
0.0829356
0.082954
0.0828862
0.0829502
0.0829434
0.0829395
0.0828356
0.0828959
0.0829331
0.0829374
0.082952
0.0829975
0.0830087
0.0830224
0.0830137
0.083051
0.0830728
0.0831349
0.083145
0.0831212
0.083069
0.0830111
0.0830016
0.0830233
0.0829628
0.0829712
0.0829718
0.0829536
0.0829048
0.0829355
0.0829325
0.0828925
0.0829149
0.0829181
0.0828589
0.0828532
0.082881
0.0828116
0.082807
0.0828097
0.0827559
0.0827616
0.0827706
0.0827312
0.0826502
0.0826214
0.0826337
0.0825986
0.0825223
0.0824868
0.0824841
0.0824906
0.0825115
0.0825425
0.0825625
0.0825572
0.0825952
0.0826501
0.0826098
0.0825669
0.0825614
0.0825906
0.0825867
0.0825605
0.0825345
0.0825468
0.082539
0.0825413
0.082569
0.0825523
0.0825681
0.082552
0.0825428
0.0825669
0.0825009
0.0825126
0.0824852
0.0825364
0.0825964
0.0826101
0.082619
0.0826067
0.0826138
0.0826171
0.0825775
0.0825787
0.0826126
0.0826071
0.0826764
0.0826564
0.0826446
0.0826296
0.082608
0.08261
0.0826134
0.0826308
0.0826163
0.0826228
0.0826267
0.0826575
0.0826752
0.0826895
0.0826707
0.0827074
0.0826816
0.0826765
0.0827156
0.0827195
0.0827431
0.0827655
0.0827317
0.0827673
0.0828172
0.0828076
0.0827849
0.0827372
0.0827389
0.0827315
0.0827287
0.0827144
0.082712
0.0827082
0.0827144
0.082709
0.082691
0.0826855
0.0826818
0.0826387
0.0826257
0.0825999
0.0826248
0.0826303
0.0826694
0.0827444
0.0827323
0.0826602
0.0826482
0.0826464
0.0826546
0.0826285
0.0826286
0.0826497
0.0826573
0.0826521
0.0826625
0.0826772
0.0827126
0.0826895
0.0827087
0.0827216
0.0827222
0.0827135
0.0827098
0.0827049
0.0827105
0.0826954
0.0826644
0.0826319
0.0826001
0.0826218
0.0826192
0.0826096
0.0825943
0.0826256
0.0826201
0.0826286
0.0826231
0.082653
0.0826639
0.0826697
0.0826579
0.0826476
0.082668
0.0826971
0.0827003
0.0826993
0.0826857
0.0827143
0.0827321
0.0827313
0.0827533
0.0827176
0.0827102
0.082684
0.0826578
0.0826675
0.0826685
0.0826621
0.0826673
0.0826831
0.0826662
0.0826335
0.0826322
0.0826001
0.0826132
0.0826197
0.0826439
0.0826017
0.0825904
0.0826213
0.0826268
0.0825986
0.0825803
0.0826051
0.0825919
0.0825529
0.0825762
0.0825834
0.082575
0.0825754
0.0825905
0.0826212
0.0826259
0.082615
0.0826051
0.0825947
0.0825707
0.0825564
0.0825653
0.082569
0.0825748
0.0825643
0.082567
0.0825719
0.0825867
0.0826161
0.0826301
0.0826468
0.0826333
0.0826354
0.0826155
0.0826088
0.0825893
0.0825578
0.0825562
0.0825261
0.0825301
0.0825627
0.0825811
0.0826054
0.0825612
0.0825811
0.0825701
0.0825744
0.0825855
0.0825678
0.0825692
0.0825622
0.0825525
0.0825702
0.0825495
0.0825732
0.0825784
0.0825801
0.0825748
0.0825803
0.0825638
0.0825621
0.0825611
0.0825772
0.0825693
0.0825719
0.0825851
0.0826091
0.0825866
0.0825978
0.0825844
0.0825649
0.0825904
0.082605
0.0826285
0.082585
0.0825814
0.0826
0.0825912
0.0825681
0.0825872
0.0825898
0.0826015
0.0826284
0.0826436
0.0826339
0.0826525
0.0826314
0.0825909
0.0825756
0.0825678
0.08254
0.082521
0.0825303
0.0825583
0.0825552
0.0825446
0.0825484
0.082556
0.0825557
0.0825334
0.0825359
0.0825195
0.0825333
0.0825183
0.082528
0.0825285
0.0825263
0.0825138
0.0825172
0.0825547
0.0825717
0.0825724
0.0825929
0.0825921
0.0826027
0.0826075
0.0826121
0.0826262
0.0826129
0.082603
0.0826054
0.0826156
0.0826372
0.0826262
0.0826138
0.0825921
0.0825808
0.0825673
0.0825686
0.0825825
0.0826171
0.0826153
0.0826365
0.0826377
0.0826254
0.0826293
0.0826427
0.0826533
0.0826494
0.0826463
0.0826266
0.0826446
0.0826194
0.0826224
0.0826325
0.0826299
0.0826636
0.0826526
0.0826522
0.0826672
0.0826808
0.0826716
0.0826807
0.0826734
0.0826551
0.0826739
0.082669
0.0826621
0.082642
0.0826524
0.0826426
0.0826513
0.0826832
0.0826932
0.0826877
0.0826897
0.082693
0.0827183
0.0827176
0.0827141
0.0827186
0.0827271
0.0827287
0.0827228
0.0827421
0.0827299
0.0827366
0.0827348
0.0827438
0.0827356
0.0827587
0.0827744
0.0827637
0.0827454
0.0827443
0.0827298
0.0827358
0.0827269
0.0827251
0.0827483
0.0827612
0.0827811
0.0827714
0.0827733
0.0827893
0.0827844
0.0827998
0.0828227
0.0828412
0.0828336
0.0828346
0.082846
0.0828536
0.0828525
0.0828585
0.0828543
0.0828472
0.0828373
0.0828421
0.0828366
0.0828435
0.0828379
0.0828404
0.0828663
0.0828733
0.0828834
0.0828925
0.0828909
0.0828986
0.082918
0.0829084
0.0829176
0.0829095
0.0829244
0.0829319
0.0829341
0.0829036
0.0828976
0.0828877
0.0828906
0.082908
0.0829102
0.0829152
0.0829065
0.0828951
0.0828917
0.0828719
0.0828714
0.0828866
0.0828811
0.0828821
0.0828812
0.0828623
0.0828686
0.0828738
0.0828756
0.0828764
0.0828816
0.0828657
0.0828764
0.0828717
0.0828856
0.0828853
0.0828982
0.0829012
0.0829135
0.0829064
0.0828964
0.0828857
0.0828819
0.0828767
0.0828881
0.0828919
0.0828927
0.0829056
0.0828976
0.0829146
0.0829065
0.0829043
0.0829348
0.0829234
0.0829212
0.0829275
0.0829306
0.0829296
0.0829277
0.0829238
0.0829232
0.0829261
0.082914
0.0828911
0.0828814
0.0828825
0.0828812
0.0828977
0.0828801
0.0828672
0.0828627
0.0828306
0.0828246
0.0828391
0.0828444
0.0828454
0.0828443
0.0828451
0.0828439
0.0828603
0.0828794
0.0828703
0.0828584
0.082859
0.082852
0.0828469
0.0828631
0.0828677
0.0828569
0.0828482
0.0828626
0.0828541
0.082854
0.0828293
0.0828277
0.0828458
0.0828572
0.0828562
0.0828637
0.0828785
0.0828988
0.0829052
0.082911
0.082924
0.0829041
0.0829035
0.0829029
0.0829232
0.0829144
0.0829097
0.0829087
0.0828918
0.0829046
0.0828981
0.0828989
0.0829053
0.0829114
0.0828997
0.0829128
0.0829176
0.0829145
0.0829181
0.0829004
0.0829068
0.0829066
0.0829063
0.0829261
0.0829277
0.082928
0.0829211
0.0829121
0.0829006
0.0828873
0.0828873
0.082895
0.0828987
0.0829075
0.0829144
0.0829182
0.0829085
0.0829099
0.0828943
0.0828863
0.0828862
0.0828688
0.0828715
0.0828743
0.0828838
0.0828935
0.0828973
0.0828871
0.0829037
0.0828913
0.0828869
0.0828959
0.0828905
0.0828946
0.0828955
0.0828819
0.0828846
0.082905
0.0828975
0.0829074
0.0829002
0.0828902
0.0828966
0.0828776
0.0828781
0.0828912
0.08288
0.0828725
0.0828636
0.0828808
0.0828827
0.0828812
0.0828711
0.0828615
0.0828625
0.0828789
0.0828791
0.0828734
0.082871
0.0828789
0.0828718
0.0828553
0.0828577
0.0828558
0.082852
0.0828642
0.082845
0.0828266
0.0828355
0.0828374
0.0828376
0.0828499
0.0828554
0.0828497
0.0828521
0.08285
0.0828443
0.0828497
0.0828417
0.0828363
0.0828495
0.0828403
0.0828298
0.0828254
0.0828228
0.0828146
0.082818
0.0828174
0.0827986
0.0827972
0.0827955
0.0827953
0.0828101
0.082822
0.0828254
0.0828131
0.0828172
0.0828045
0.0828005
0.0827898
0.0827819
0.0827924
0.0828034
0.0828088
0.0828129
0.0827954
0.0827978
0.0827905
0.0827875
0.0827727
0.0827745
0.082775
0.0827609
0.0827462
0.0827496
0.0827466
0.0827312
0.0827452
0.0827576
0.0827572
0.0827528
0.0827335
0.0827316
0.0827401
0.08275
0.0827617
0.082759
0.0827624
0.0827613
0.0827661
0.0827702
0.0827627
0.0827529
0.0827445
0.0827405
0.0827396
0.0827323
0.0827381
0.0827549
0.0827585
0.0827394
0.0827402
0.0827332
0.082733
0.0827269
0.0827286
0.0827253
0.0827268
0.0827298
0.0827364
0.0827741
0.0827671
0.0827708
0.0827707
0.0827863
0.0827919
0.0827929
0.0827809
0.0827761
0.0827843
0.0827735
0.0827634
0.082753
0.0827372
0.0827448
0.0827507
0.0827468
0.0827592
0.082759
0.0827627
0.0827718
0.0827628
0.0827736
0.0827672
0.082767
0.0827675
0.0827571
0.0827576
0.0827384
0.0827354
0.0827517
0.0827501
0.0827483
0.0827547
0.0827511
0.0827486
0.0827322
0.0827422
0.0827462
0.0827333
0.0827409
0.0827449
0.0827557
0.0827443
0.0827501
0.082761
0.0827787
0.0827771
0.0827689
0.0827834
0.0827777
0.0827754
0.0827796
0.0827771
0.0827808
0.0827768
0.0827648
0.082766
0.0827574
0.0827512
0.0827477
0.0827403
0.0827262
0.0827271
0.0827374
0.0827378
0.0827379
0.0827236
0.0827199
0.082731
0.0827344
0.0827318
0.0827286
0.0827288
0.0827235
0.0827269
0.0827181
0.0827157
0.0827244
0.0827106
0.0827273
0.0827238
0.08272
0.0827284
0.0827309
0.0827326
0.0827344
0.0827244
0.08271
0.0827049
0.0827071
0.0827003
0.0827003
0.0826995
0.0826884
0.0826877
0.0826966
0.0826956
0.0826995
0.0826992
0.0827071
0.0827101
0.0827016
0.0827046
0.0827046
0.082695
0.0826984
0.0827123
0.0827062
0.0827124
0.0827066
0.0827234
0.0827191
0.0827168
0.0827221
0.0827101
0.0827032
0.0826949
0.0827036
0.0826952
0.0826897
0.082683
0.0826762
0.0826683
0.0826599
0.0826705
0.082674
0.0826815
0.0826818
0.0826852
0.082682
0.0826726
0.0826621
0.0826586
0.0826515
0.082667
0.0826692
0.0826693
0.0826706
0.0826721
0.0826675
0.0826702
0.0826663
