-5.28223
-5.28138
-5.28066
-5.28091
-5.28169
-5.28187
-5.28207
-5.28232
-5.28261
-5.28242
-5.28248
-5.28257
-5.28268
-5.28283
-5.28283
-5.28271
-5.28272
-5.28275
-5.28269
-5.28273
-5.28261
-5.28255
-5.28267
-5.28267
-5.28262
-5.28271
-5.28274
-5.28272
-5.28269
-5.2827
-5.28266
-5.28261
-5.28265
-5.28258
-5.28262
-5.28272
-5.28269
-5.28281
-5.28277
-5.2827
-5.2827
-5.28262
-5.2826
-5.28266
-5.28271
-5.28272
-5.2827
-5.28267
-5.28269
-5.28266
-5.28271
-5.28279
-5.28283
-5.28284
-5.28286
-5.28284
-5.28286
-5.28285
-5.28287
-5.28284
-5.28287
-5.28283
-5.28288
-5.28287
-5.28288
-5.28287
-5.28287
-5.28292
-5.28293
-5.28294
-5.2829
-5.28286
-5.28285
-5.28283
-5.28284
-5.28286
-5.28286
-5.28289
-5.28291
-5.28291
-5.28294
-5.28295
-5.28296
-5.28296
-5.28298
-5.28298
-5.28299
-5.28299
-5.28294
-5.28293
-5.28293
-5.28293
-5.28292
-5.28293
-5.28292
-5.28289
-5.28288
-5.28288
-5.2829
-5.28293
