-3.21434
-3.21447
-3.21512
-3.21522
-3.21499
-3.21451
-3.21433
-3.21415
-3.21435
-3.21433
-3.2144
-3.21464
-3.21482
-3.21509
-3.21517
-3.21517
-3.21524
-3.21527
-3.21526
-3.21529
-3.21531
-3.21518
-3.215
-3.21481
-3.21469
-3.21462
-3.21461
-3.21458
-3.21461
-3.21462
-3.21461
-3.21466
-3.21464
-3.21464
-3.21468
-3.2147
-3.21466
-3.21459
-3.21456
-3.21459
-3.21465
-3.21464
-3.21457
-3.2145
-3.21451
-3.21455
-3.21457
-3.2146
-3.21458
-3.21451
-3.21447
-3.21448
-3.21449
-3.21452
-3.21459
-3.21461
-3.21461
-3.21462
-3.21462
-3.21463
-3.21464
-3.21466
-3.21466
-3.21463
-3.21459
-3.21458
-3.2146
-3.21464
-3.2146
-3.21454
-3.21449
-3.21448
-3.21451
-3.21458
-3.21462
-3.21464
-3.21466
-3.21466
-3.21466
-3.21472
-3.21476
-3.2148
-3.21486
-3.21494
-3.21498
-3.21503
-3.21507
-3.21507
-3.21506
-3.2151
-3.21514
-3.21511
-3.21508
-3.21505
-3.21506
-3.21505
-3.21502
-3.21502
-3.21503
-3.21502
