0
1.51612e-07
4.09624e-07
8.13313e-07
9.7713e-07
9.65741e-07
9.81738e-07
9.67611e-07
1.0781e-06
1.11026e-06
1.19334e-06
1.20176e-06
1.17092e-06
1.14852e-06
1.14233e-06
1.10264e-06
1.08478e-06
1.05542e-06
1.08198e-06
1.08868e-06
1.07032e-06
1.06365e-06
1.03494e-06
9.92843e-07
9.55565e-07
9.1959e-07
8.85548e-07
8.60602e-07
8.30942e-07
8.03342e-07
7.7782e-07
7.54005e-07
7.31354e-07
7.12613e-07
7.00583e-07
7.0165e-07
7.04789e-07
6.89878e-07
6.7498e-07
6.58824e-07
6.43252e-07
6.31586e-07
6.20229e-07
6.09797e-07
5.96284e-07
5.84854e-07
5.80567e-07
5.78238e-07
5.84616e-07
6.04369e-07
6.3086e-07
6.51259e-07
6.68947e-07
6.86394e-07
7.18907e-07
7.47033e-07
7.64983e-07
7.69849e-07
7.69338e-07
7.72791e-07
7.78345e-07
7.8045e-07
7.82975e-07
7.78089e-07
7.73125e-07
7.77199e-07
7.85611e-07
7.95578e-07
8.01744e-07
8.01316e-07
7.95676e-07
7.89383e-07
7.82134e-07
7.79209e-07
7.72934e-07
7.63087e-07
7.53185e-07
7.43533e-07
7.34277e-07
7.25147e-07
7.16245e-07
7.0774e-07
6.99933e-07
6.91902e-07
6.8385e-07
6.76148e-07
6.68616e-07
6.61302e-07
6.54046e-07
6.46782e-07
6.39779e-07
6.34641e-07
6.30161e-07
6.28537e-07
6.30009e-07
6.31315e-07
6.36042e-07
6.47167e-07
6.59129e-07
6.72897e-07
