0
6.02816e-05
7.067e-05
5.70949e-05
8.33913e-05
7.13396e-05
6.41212e-05
6.06195e-05
6.05212e-05
5.745e-05
5.25561e-05
4.88937e-05
4.64283e-05
4.55334e-05
4.24999e-05
4.15327e-05
3.91147e-05
3.70375e-05
3.56446e-05
3.41019e-05
3.45176e-05
3.34376e-05
3.40692e-05
3.26497e-05
3.16466e-05
3.15312e-05
3.05141e-05
2.95131e-05
2.86461e-05
2.77305e-05
2.70996e-05
2.68265e-05
2.62996e-05
2.62464e-05
2.5736e-05
2.68648e-05
2.63009e-05
2.81896e-05
2.77055e-05
2.79994e-05
2.73172e-05
2.7882e-05
2.7296e-05
2.72911e-05
2.71173e-05
2.65743e-05
2.61243e-05
2.57459e-05
2.53194e-05
2.49381e-05
2.48936e-05
2.55793e-05
2.54768e-05
2.50081e-05
2.46699e-05
2.43469e-05
2.39893e-05
2.35939e-05
2.32805e-05
2.30416e-05
2.28891e-05
2.28532e-05
2.30169e-05
2.26884e-05
2.23535e-05
2.20287e-05
2.16999e-05
2.1865e-05
2.15734e-05
2.1336e-05
2.14989e-05
2.15706e-05
2.13045e-05
2.11102e-05
2.08476e-05
2.06597e-05
2.03927e-05
2.03355e-05
2.02095e-05
1.99594e-05
1.98981e-05
1.96793e-05
1.94733e-05
1.92441e-05
1.91164e-05
1.89032e-05
1.8689e-05
1.84768e-05
1.87893e-05
1.86233e-05
1.84215e-05
1.82213e-05
1.80285e-05
1.78393e-05
1.76788e-05
1.77156e-05
1.75864e-05
1.74115e-05
1.73659e-05
1.74162e-05
