0
9.08021e-06
5.34327e-05
4.09425e-05
3.85456e-05
5.45275e-05
4.94003e-05
4.652e-05
4.53743e-05
4.08591e-05
3.76544e-05
4.14212e-05
4.21253e-05
4.70687e-05
4.45135e-05
4.17326e-05
3.98484e-05
3.7711e-05
3.57328e-05
3.41302e-05
3.25538e-05
3.37585e-05
3.68536e-05
3.95825e-05
3.97828e-05
3.88527e-05
3.74452e-05
3.62324e-05
3.51369e-05
3.39841e-05
3.28994e-05
3.21486e-05
3.12385e-05
3.03198e-05
2.97995e-05
2.90506e-05
2.8619e-05
2.8608e-05
2.80404e-05
2.74996e-05
2.74053e-05
2.67728e-05
2.69195e-05
2.74013e-05
2.68442e-05
2.6454e-05
2.60231e-05
2.5619e-05
2.51439e-05
2.57446e-05
2.54546e-05
2.49738e-05
2.45331e-05
2.42215e-05
2.47521e-05
2.44093e-05
2.39816e-05
2.3569e-05
2.31815e-05
2.28154e-05
2.2456e-05
2.22202e-05
2.18686e-05
2.17905e-05
2.18384e-05
2.15182e-05
2.13248e-05
2.12586e-05
2.13448e-05
2.17657e-05
2.20001e-05
2.17013e-05
2.15397e-05
2.24543e-05
2.24397e-05
2.22461e-05
2.20253e-05
2.17471e-05
2.14724e-05
2.18349e-05
2.19966e-05
2.20901e-05
2.27177e-05
2.3633e-05
2.37903e-05
2.40768e-05
2.40851e-05
2.38127e-05
2.35522e-05
2.35144e-05
2.36227e-05
2.355e-05
2.34631e-05
2.33499e-05
2.31043e-05
2.28664e-05
2.27938e-05
2.25613e-05
2.23369e-05
2.21174e-05
