1.66901
1.66901
1.66901
1.669
1.66899
1.66899
1.66898
1.66898
1.66897
1.66896
1.66896
1.66895
1.66895
1.66894
1.66894
1.66894
1.66893
1.66893
1.66893
1.66892
1.66892
1.66892
1.66892
1.66891
1.66891
1.66891
1.66891
1.66891
1.66891
1.66891
1.66892
1.66892
1.66892
1.66892
1.66892
1.66892
1.66892
1.66892
1.66892
1.66892
1.66892
1.66892
1.66892
1.66892
1.66892
1.66892
1.66892
1.66892
1.66892
1.66892
1.66892
1.66891
1.66891
1.66891
1.66891
1.66891
1.6689
1.6689
1.6689
1.6689
1.6689
1.6689
1.66889
1.66889
1.66889
1.66889
1.66889
1.66889
1.66888
1.66888
1.66888
1.66888
1.66888
1.66888
1.66888
1.66888
1.66888
1.66888
1.66888
1.66888
1.66888
1.66888
1.66888
1.66888
1.66888
1.66888
1.66888
1.66888
1.66888
1.66888
1.66888
1.66888
1.66888
1.66888
1.66888
1.66887
1.66887
1.66887
1.66887
1.66887
