0
0
0
0
0
0
0
0
0
0
0
0
0
0
0
0
0
0
0
0
0
0
0
0
0
0
0
0
0
0
0
0
0
0
7.33034e-05
0.000300991
0.00083722
0.00141968
0.00219925
0.00278489
0.00319759
0.0025794
0.00275497
0.00294095
0.00259397
0.00243269
0.00284818
0.00195407
0.00209637
0.00212349
0.00168824
0.0015541
0.00166566
0.00156908
0.00137042
0.00140466
0.00143524
0.00118817
0.00113596
0.00114447
0.00132371
0.00129974
0.00114203
0.00102098
0.0012316
0.00125316
0.00120818
0.00103003
0.0011162
0.00125644
0.00117971
0.00134725
0.00108975
0.00122653
0.0012268
0.00139067
0.00120581
0.00124266
0.00113225
0.00111957
0.00111649
0.00105719
0.00112819
0.00115568
0.00131276
0.00114331
0.00105323
0.00119604
0.000958537
0.000935325
0.00103839
0.00108543
0.00102458
0.000952485
0.000936083
0.000956862
0.000960935
0.000919474
0.000862245
0.000909145
