0
0
0
0
0
0
0
0
0
0
0
0
0
0
0
0
0
0
0
0
0
0
0
0
0
0
0
0
0
0
0
0
0
0
0
0
0
0
2.67837e-05
0.000128135
0.000430155
0.000984329
0.00192418
0.00258762
0.00295376
0.0031559
0.00371354
0.00320686
0.00287527
0.00269845
0.00190238
0.00140058
0.00135319
0.00108352
0.000745463
0.000586633
0.000429737
0.000424597
0.000467734
0.000574761
0.000670955
0.000849763
0.000813234
0.00108073
0.00118713
0.00119267
0.00138423
0.00138101
0.000962964
0.000952897
0.000699246
0.0006438
0.000544909
0.000797085
0.000892783
0.0010391
0.0010486
0.00120684
0.00122749
0.00144339
0.00176034
0.00202481
0.00192626
0.00159929
0.00132322
0.00110717
0.00102808
0.00102809
0.00091756
0.000857279
0.000688664
0.000768784
0.000743478
0.000923769
0.000918456
0.000870688
0.000845397
0.000794279
0.00102321
0.000958654
