0
0
0
0
0
0
0
0
0
0
0
0
0
0.000198337
0.00273601
0.00726078
0.00897531
0.00779777
0.00858874
0.00797942
0.00665964
0.00616937
0.00600305
0.00625593
0.00554815
0.00554505
0.00458683
0.00444967
0.00417149
0.0042732
0.0037954
0.00349284
0.00437848
0.00358715
0.00359758
0.00345423
0.00357583
0.00359826
0.00337712
0.00273587
0.00272074
0.00302891
0.00287057
0.00256767
0.00260173
0.00239549
0.00242002
0.00212072
0.0023579
0.00217688
0.00202436
0.0021593
0.00223118
0.00226187
0.00206661
0.00178799
0.00215311
0.00207199
0.00184298
0.00226803
0.00206824
0.0021221
0.00192025
0.00183748
0.00172465
0.00176667
0.00176589
0.00175525
0.00167335
0.00177242
0.00187748
0.00155782
0.00187096
0.00168246
0.00152481
0.00145499
0.00140793
0.00144388
0.00144713
0.00144094
0.00173479
0.00165171
0.00149854
0.00146929
0.00152308
0.00141042
0.00127881
0.00132151
0.00130469
0.00127639
0.00152443
0.00145741
0.00122227
0.00137648
0.00145829
0.00119754
0.00108814
0.00117577
0.0012926
0.00125064
