0
0
0
0
0
0
0
0
0
0
0
0
0
0.00028299
0.0251096
0.159338
0.258758
0.264852
0.270463
0.235872
0.210681
0.19881
0.187676
0.184804
0.180657
0.170871
0.163871
0.163834
0.15491
0.158458
0.157555
0.15985
0.169218
0.160049
0.167463
0.164839
0.160408
0.161532
0.160484
0.15448
0.153303
0.151921
0.158558
0.163815
0.163931
0.165654
0.164537
0.163101
0.161884
0.161428
0.158103
0.158132
0.15918
0.162398
0.164323
0.16013
0.162366
0.161396
0.163232
0.162638
0.160835
0.160436
0.164528
0.162883
0.159697
0.158248
0.15767
0.159479
0.160114
0.157882
0.159396
0.157666
0.161353
0.161853
0.162535
0.164251
0.163717
0.16292
0.162905
0.163312
0.163015
0.163162
0.162009
0.162406
0.161891
0.161785
0.160852
0.160678
0.164114
0.162812
0.164472
0.164546
0.162516
0.164419
0.163244
0.162751
0.167753
0.163943
0.164527
0.164231
