0
0
0
0
0
0
0
0
0
0
0
0
0
0
0
0
0
0
0
0
0
0
0
0
0
0
0
0
0
0
0
0
0
0
0.000288845
0.00506811
0.0320396
0.103244
0.21054
0.311451
0.385803
0.410465
0.411758
0.387832
0.354329
0.31083
0.279128
0.242164
0.219979
0.197406
0.179767
0.164027
0.154971
0.144747
0.134233
0.128385
0.122562
0.11563
0.114294
0.112319
0.113304
0.112814
0.114188
0.114306
0.118581
0.119016
0.124529
0.131415
0.137698
0.143188
0.148093
0.156374
0.162514
0.169775
0.175291
0.17965
0.184559
0.187363
0.192249
0.195791
0.196121
0.196639
0.197493
0.194859
0.190617
0.189422
0.186293
0.179988
0.173103
0.169548
0.165256
0.159373
0.158837
0.155683
0.153749
0.151427
0.151059
0.148351
0.148365
0.149522
