0
0
0
0
0
0
0
0
0
0
0
0
0
0
0
0
0
0
0
0
0
0
0
0
0
0
0
0
0
0
0
0
0
0
0
0
0
0
3.64803e-05
0.0010796
0.0113629
0.0631285
0.190986
0.383844
0.5921
0.728356
0.763331
0.704813
0.580532
0.437036
0.300728
0.191175
0.116528
0.065746
0.0356756
0.0184565
0.0109347
0.00990061
0.0130413
0.0205276
0.0345068
0.051881
0.0756574
0.101871
0.126777
0.147553
0.152816
0.146482
0.125829
0.10292
0.0778531
0.0551547
0.0428765
0.039303
0.0502888
0.0824564
0.134735
0.203628
0.282952
0.358457
0.411588
0.426754
0.401777
0.348282
0.276778
0.204241
0.142324
0.100924
0.0829286
0.0852036
0.101693
0.125265
0.147219
0.159004
0.158261
0.145605
0.129104
0.113848
0.103373
0.104027
