0.80808
0.941093
0.812473
0.865483
0.8706
0.87535
0.856019
0.870897
0.867793
0.824402
0.898244
0.879299
0.858645
0.829297
0.883455
0.859476
0.867318
0.836939
0.890644
0.871262
0.840894
0.843795
0.885533
0.880641
0.87081
0.843324
0.873334
0.850984
0.853422
0.915014
0.823237
0.879672
0.847384
0.880807
0.825145
0.884227
0.852764
0.888502
0.854908
0.853954
0.883604
0.861111
0.827197
0.902273
0.873774
0.841507
0.863808
0.888129
0.845275
0.831674
0.900047
0.850657
0.874391
0.865362
0.88924
0.854345
0.871901
0.865534
0.875589
0.837164
0.872192
0.850057
0.881794
0.841712
0.892597
0.84167
0.876405
0.878664
0.824542
0.882853
0.867786
0.845594
0.900882
0.825257
0.879948
0.852071
0.871361
0.846615
0.8645
0.875874
0.85055
0.88826
0.818561
0.895043
0.85558
0.851602
0.894164
0.887256
0.812158
0.865462
0.901964
0.827131
0.860331
0.89937
0.84341
0.864514
0.836574
0.917223
0.818232
0.907779
1.14009
1.14836
1.18624
1.20321
1.16534
1.12414
1.16276
1.18911
1.20801
1.13346
1.16574
1.18811
1.20781
1.18975
1.2179
1.1439
1.15146
1.13554
1.14256
1.10712
1.20607
1.19404
1.1263
1.16833
1.19003
1.15191
1.19979
1.12341
1.11961
1.18018
1.14688
1.20269
1.14802
1.17032
1.15263
1.17028
1.11933
1.14819
1.15484
1.10713
1.16026
1.1544
1.17677
1.1634
1.18903
1.24273
1.19643
1.12743
1.09036
1.14009
1.14551
1.20545
1.21009
1.1654
1.17408
1.17308
1.16501
1.18372
1.13976
1.21993
1.15998
1.18259
1.16785
1.19213
1.08271
1.17639
1.09534
1.17519
1.16158
1.15103
1.15498
1.12946
1.2007
1.20917
1.21664
1.13874
1.20024
1.18436
1.21351
1.11404
1.21578
1.13688
1.12512
1.15835
1.15361
1.20482
1.19983
1.13645
1.19161
1.15113
1.187
1.07807
1.12727
1.07284
1.20859
1.18505
1.14119
1.12304
1.16277
1.12378
1.20066
1.24473
1.25427
1.28475
1.30029
1.31493
1.30751
1.32064
1.31102
1.33659
1.31301
1.31682
1.31808
1.29827
1.3045
1.30135
1.30901
1.30698
1.30878
1.31389
1.32067
1.34085
1.32962
1.33161
1.33025
1.33069
1.3359
1.32571
1.35414
1.33951
1.35258
1.34395
1.34446
1.33759
1.34796
1.36108
1.36419
1.37593
1.37931
1.36226
1.3621
1.36596
1.35414
1.35791
1.32324
1.35309
1.33014
1.32749
1.30916
1.30973
1.31875
1.31427
1.33822
1.35422
1.34959
1.37564
1.3622
1.35803
1.34266
1.3245
1.3147
1.32436
1.32177
1.32097
1.34593
1.33707
1.32905
1.3691
1.37253
1.39295
1.36977
1.4073
1.39372
1.38402
1.38105
1.3549
1.35346
1.33395
1.33848
1.33067
1.34196
1.37154
1.35934
1.38117
1.35538
1.36524
1.36864
1.38601
1.40338
1.41748
1.42451
1.40649
1.41601
1.40971
1.40963
1.39697
1.3623
1.38717
1.36161
1.37787
