-5.28223
-5.28052
-5.27924
-5.28164
-5.28481
-5.28275
-5.28332
-5.28404
-5.28495
-5.28069
-5.2831
-5.28353
-5.28404
-5.28481
-5.28277
-5.28089
-5.28295
-5.28322
-5.28153
-5.28351
-5.28021
-5.28132
-5.28531
-5.28268
-5.28155
-5.28482
-5.28354
-5.28209
-5.28185
-5.28314
-5.28151
-5.28087
-5.2839
-5.28054
-5.28383
-5.28619
-5.28163
-5.28723
-5.28138
-5.27979
-5.28278
-5.27924
-5.28181
-5.28516
-5.28485
-5.28344
-5.28156
-5.28128
-5.28377
-5.28143
-5.28508
-5.28672
-5.28514
-5.28305
-5.28417
-5.28151
-5.28389
-5.28231
-5.28404
-5.28128
-5.28481
-5.28044
-5.28594
-5.28212
-5.28339
-5.28236
-5.28286
-5.28601
-5.28364
-5.28415
-5.27977
-5.28001
-5.28204
-5.28137
-5.2835
-5.28428
-5.28304
-5.28512
-5.28472
-5.28316
-5.28512
-5.28374
-5.28387
-5.28269
-5.28462
-5.28348
-5.28328
-5.28305
-5.27906
-5.2818
-5.28264
-5.2829
-5.28261
-5.28321
-5.28199
-5.28023
-5.28155
-5.28327
-5.28499
-5.2857
-3.21434
-3.2146
-3.21642
-3.21551
-3.21408
-3.21209
-3.2133
-3.21286
-3.21593
-3.21421
-3.21505
-3.21727
-3.21703
-3.21863
-3.21621
-3.21522
-3.21635
-3.21569
-3.21513
-3.21598
-3.21568
-3.21234
-3.211
-3.21061
-3.21181
-3.21289
-3.2142
-3.21375
-3.21555
-3.21495
-3.21435
-3.21598
-3.21399
-3.21465
-3.21624
-3.21546
-3.21302
-3.21217
-3.21339
-3.21576
-3.21691
-3.21421
-3.21186
-3.21116
-3.21526
-3.216
-3.21579
-3.21586
-3.21383
-3.21082
-3.21281
-3.21482
-3.21514
-3.21592
-3.21833
-3.21583
-3.2147
-3.21473
-3.21506
-3.2152
-3.21513
-3.21612
-3.21453
-3.21248
-3.21196
-3.21414
-3.21615
-3.21682
-3.2118
-3.21067
-3.21107
-3.2141
-3.21626
-3.21992
-3.21727
-3.21624
-3.21598
-3.21499
-3.21479
-3.21886
-3.21825
-3.21804
-3.22007
-3.22111
-3.21881
-3.21946
-3.21827
-3.21485
-3.21455
-3.21799
-3.21889
-3.21242
-3.2125
-3.2127
-3.21513
-3.21471
-3.2124
-3.21496
-3.21542
-3.21461
1.66901
1.66902
1.669
1.66897
1.66896
1.66896
1.66895
1.66894
1.66891
1.66891
1.66889
1.66889
1.6689
1.66889
1.66888
1.6689
1.66888
1.66889
1.66885
1.66885
1.66887
1.66885
1.66887
1.6689
1.6689
1.6689
1.66891
1.66894
1.66892
1.66892
1.66892
1.66892
1.66891
1.66894
1.66895
1.66898
1.66898
1.66895
1.66895
1.66893
1.66893
1.66895
1.66895
1.66895
1.66893
1.6689
1.66888
1.66887
1.66885
1.66882
1.66881
1.66881
1.66881
1.6688
1.66877
1.66877
1.66878
1.66881
1.66882
1.6688
1.6688
1.6688
1.6688
1.66882
1.66882
1.66879
1.66877
1.66876
1.66877
1.66879
1.66882
1.66882
1.66883
1.6688
1.66882
1.66886
1.66888
1.66888
1.66887
1.66887
1.66887
1.66886
1.66885
1.66886
1.66887
1.66889
1.66889
1.6689
1.66889
1.66888
1.66887
1.66883
1.66883
1.6688
1.66878
1.66878
1.66876
1.66873
1.66872
1.6687
