1.21212
1.41164
1.21871
1.29822
1.3059
1.31303
1.28403
1.30635
1.30169
1.2366
1.34737
1.31895
1.28797
1.24395
1.32518
1.28921
1.30098
1.25541
1.33597
1.30689
1.26134
1.26569
1.3283
1.32096
1.30622
1.26499
1.31
1.27648
1.28013
1.37252
1.23486
1.31951
1.27108
1.32121
1.23772
1.32634
1.27915
1.33275
1.28236
1.28093
1.32541
1.29167
1.2408
1.35341
1.31066
1.26226
1.29571
1.33219
1.26791
1.24751
1.35007
1.27599
1.31159
1.29804
1.33386
1.28152
1.30785
1.2983
1.31338
1.25575
1.30829
1.27509
1.32269
1.26257
1.3389
1.26251
1.31461
1.318
1.23681
1.32428
1.30168
1.26839
1.35132
1.23789
1.31992
1.27811
1.30704
1.26992
1.29675
1.31381
1.27583
1.33239
1.22784
1.34256
1.28337
1.2774
1.34125
1.33088
1.21824
1.29819
1.35295
1.2407
1.2905
1.34905
1.26511
1.29677
1.25486
1.37583
1.22735
1.36167
1.71013
1.72254
1.77936
1.80482
1.748
1.6862
1.74415
1.78366
1.81202
1.70019
1.74861
1.78217
1.81172
1.78463
1.82685
1.71585
1.72719
1.70331
1.71384
1.66068
1.8091
1.79106
1.68945
1.7525
1.78504
1.72787
1.79969
1.68511
1.67941
1.77026
1.72031
1.80403
1.72203
1.75548
1.72894
1.75542
1.67899
1.72229
1.73226
1.66069
1.74039
1.7316
1.76515
1.74509
1.78354
1.8641
1.79464
1.69114
1.63554
1.71013
1.71827
1.80817
1.81514
1.7481
1.76113
1.75961
1.74751
1.77559
1.70964
1.8299
1.73996
1.77389
1.75178
1.7882
1.62406
1.76458
1.64301
1.76278
1.74236
1.72655
1.73247
1.69419
1.80105
1.81375
1.82495
1.70812
1.80037
1.77654
1.82026
1.67106
1.82367
1.70533
1.68768
1.73752
1.73042
1.80724
1.79974
1.70468
1.78742
1.72669
1.7805
1.6171
1.69091
1.60925
1.81288
1.77758
1.71179
1.68456
1.74416
1.68567
1.80099
1.86709
1.8814
1.92712
1.95044
1.9724
1.96126
1.98096
1.96653
2.00489
1.96952
1.97522
1.97712
1.94741
1.95676
1.95202
1.96351
1.96047
1.96317
1.97083
1.98101
2.01128
1.99443
1.99741
1.99537
1.99604
2.00385
1.98856
2.03121
2.00926
2.02887
2.01592
2.01669
2.00639
2.02194
2.04162
2.04629
2.0639
2.06897
2.04339
2.04316
2.04893
2.03121
2.03686
1.98486
2.02963
1.99522
1.99123
1.96374
1.96459
1.97813
1.9714
2.00733
2.03134
2.02439
2.06346
2.04329
2.03704
2.01399
1.98674
1.97206
1.98654
1.98265
1.98146
2.0189
2.0056
1.99357
2.05364
2.05879
2.08943
2.05465
2.11095
2.09058
2.07603
2.07157
2.03235
2.03019
2.00093
2.00772
1.99601
2.01294
2.05731
2.03901
2.07175
2.03306
2.04785
2.05295
2.07901
2.10507
2.12622
2.13676
2.10973
2.12401
2.11456
2.11444
2.09545
2.04345
2.08076
2.04241
2.0668
