-6.49435
-6.69216
-6.49795
-6.57987
-6.59071
-6.59577
-6.56735
-6.59038
-6.58664
-6.51729
-6.63046
-6.60247
-6.57201
-6.52876
-6.60795
-6.57011
-6.58393
-6.53862
-6.61749
-6.59041
-6.54155
-6.54702
-6.61361
-6.60364
-6.58777
-6.5498
-6.59354
-6.55856
-6.56198
-6.65566
-6.51637
-6.60038
-6.55498
-6.60175
-6.52155
-6.61253
-6.56077
-6.61998
-6.56374
-6.56072
-6.60818
-6.5709
-6.52261
-6.63857
-6.59551
-6.5457
-6.57727
-6.61347
-6.55169
-6.52894
-6.63515
-6.5627
-6.59672
-6.58109
-6.61803
-6.56303
-6.59174
-6.58061
-6.59742
-6.53703
-6.5931
-6.55553
-6.60863
-6.54468
-6.62229
-6.54486
-6.59746
-6.604
-6.52046
-6.60843
-6.58145
-6.54841
-6.63336
-6.51925
-6.60342
-6.56239
-6.59008
-6.55504
-6.58147
-6.59698
-6.56095
-6.61613
-6.51171
-6.62525
-6.56799
-6.56089
-6.62453
-6.61393
-6.4973
-6.58
-6.63558
-6.5236
-6.57311
-6.63227
-6.54711
-6.577
-6.53642
-6.6591
-6.51234
-6.64737
-4.92447
-4.93714
-4.99578
-5.02032
-4.96208
-4.8983
-4.95744
-4.99652
-5.02795
-4.9144
-4.96365
-4.99944
-5.02875
-5.00325
-5.04306
-4.93107
-4.94354
-4.91899
-4.92897
-4.87666
-5.02478
-5.0034
-4.90045
-4.96311
-4.99685
-4.94076
-5.01389
-4.89887
-4.89496
-4.98522
-4.93466
-5.02002
-4.93601
-4.97014
-4.94519
-4.97088
-4.89201
-4.93446
-4.94565
-4.87645
-4.9573
-4.94581
-4.97701
-4.95626
-4.99879
-5.0801
-5.01043
-4.907
-4.84937
-4.92095
-4.93108
-5.02299
-5.03028
-4.96402
-4.97946
-4.97545
-4.96221
-4.99032
-4.9247
-5.04511
-4.95509
-4.99001
-4.96631
-5.00068
-4.83602
-4.97872
-4.85917
-4.9796
-4.95416
-4.93721
-4.94354
-4.90829
-5.01731
-5.03367
-5.04223
-4.92436
-5.01635
-4.99153
-5.03505
-4.88992
-5.04192
-4.92337
-4.90775
-4.95863
-4.94923
-5.0267
-5.01801
-4.91953
-5.00197
-4.94468
-4.99939
-4.82952
-4.90341
-4.82195
-5.02801
-4.99229
-4.92419
-4.89952
-4.95958
-4.90028
-0.131974
-0.198076
-0.212402
-0.258145
-0.281476
-0.303445
-0.292316
-0.312021
-0.297616
-0.335974
-0.300629
-0.306331
-0.308221
-0.278517
-0.287874
-0.283126
-0.294633
-0.291585
-0.29432
-0.301979
-0.312141
-0.342426
-0.325555
-0.328504
-0.326474
-0.327133
-0.334938
-0.319619
-0.36229
-0.340344
-0.359946
-0.346997
-0.347776
-0.337449
-0.35299
-0.372641
-0.377304
-0.39495
-0.400022
-0.37446
-0.374223
-0.379983
-0.362262
-0.367905
-0.315937
-0.360725
-0.326339
-0.322363
-0.294889
-0.295772
-0.309324
-0.302588
-0.338519
-0.362533
-0.355618
-0.394687
-0.374511
-0.368238
-0.345166
-0.317939
-0.30326
-0.31774
-0.313851
-0.312636
-0.350071
-0.336811
-0.324799
-0.384881
-0.390022
-0.420637
-0.385836
-0.44213
-0.421754
-0.407233
-0.402755
-0.363485
-0.361312
-0.332051
-0.33885
-0.327135
-0.344071
-0.388445
-0.37016
-0.402892
-0.364194
-0.37896
-0.384061
-0.410113
-0.43618
-0.457348
-0.467893
-0.440894
-0.455188
-0.445758
-0.445661
-0.426669
-0.374689
-0.412034
-0.373691
-0.398094
