0.896581
0.896698
0.895777
0.894853
0.894681
0.894923
0.894884
0.894735
0.894408
0.894546
0.894385
0.894162
0.893875
0.893729
0.893539
0.893715
0.893734
0.893756
0.893898
0.894155
0.894118
0.894157
0.894357
0.894356
0.894327
0.894365
0.89425
0.894331
0.894453
0.894421
0.894477
0.894414
0.894452
0.894422
0.894387
0.894305
0.894338
0.894324
0.894293
0.894364
0.894386
0.894416
0.894368
0.894344
0.894286
0.894196
0.894167
0.894212
0.894322
0.894367
0.894368
0.89429
0.894235
0.89425
0.894241
0.894233
0.894219
0.894187
0.894212
0.894162
0.894171
0.894149
0.894172
0.894199
0.894328
0.89433
0.894402
0.89442
0.89445
0.894495
0.89452
0.894554
0.894513
0.894467
0.894421
0.894435
0.89441
0.894415
0.894396
0.894439
0.894378
0.894367
0.894368
0.894365
0.894371
0.894325
0.894293
0.894314
0.894286
0.894277
0.89426
0.894322
0.894346
0.894407
0.894368
0.894368
0.894377
0.894394
0.894402
0.894435
