0
8.21244e-06
7.5322e-05
9.79622e-05
7.98665e-05
7.01134e-05
6.02039e-05
5.44974e-05
5.74125e-05
5.33143e-05
5.08581e-05
5.12848e-05
5.4768e-05
5.27596e-05
5.25668e-05
5.21542e-05
4.91209e-05
4.64412e-05
4.61245e-05
5.04551e-05
4.81892e-05
4.61538e-05
4.82997e-05
4.62873e-05
4.45274e-05
4.29776e-05
4.28869e-05
4.21055e-05
4.23823e-05
4.10904e-05
4.01537e-05
3.93976e-05
3.83847e-05
3.7373e-05
3.6463e-05
3.63746e-05
3.55479e-05
3.4643e-05
3.38899e-05
3.37853e-05
3.303e-05
3.23771e-05
3.19702e-05
3.13384e-05
3.11613e-05
3.17549e-05
3.12151e-05
3.08895e-05
3.21498e-05
3.18148e-05
3.11915e-05
3.15467e-05
3.14345e-05
3.08862e-05
3.0337e-05
2.98065e-05
2.93166e-05
2.89778e-05
2.85951e-05
2.85633e-05
2.81104e-05
2.77426e-05
2.73959e-05
2.71014e-05
2.95931e-05
2.91451e-05
2.95995e-05
2.92188e-05
2.89469e-05
2.88782e-05
2.85813e-05
2.83835e-05
2.82897e-05
2.8277e-05
2.8265e-05
2.79252e-05
2.76676e-05
2.73172e-05
2.70414e-05
2.70515e-05
2.74106e-05
2.70968e-05
2.67706e-05
2.64542e-05
2.61496e-05
2.62347e-05
2.61263e-05
2.5913e-05
2.57796e-05
2.55064e-05
2.52889e-05
2.5769e-05
2.56098e-05
2.60489e-05
2.6064e-05
2.57925e-05
2.55439e-05
2.53396e-05
2.5094e-05
2.50597e-05
