0
0.000342642
0.000260907
0.000196436
0.000158628
0.000133382
0.000114706
0.000100836
8.98764e-05
8.73386e-05
8.37059e-05
7.74615e-05
7.15485e-05
7.04432e-05
6.65812e-05
6.24306e-05
5.87586e-05
5.65868e-05
5.5036e-05
5.24983e-05
5.04153e-05
4.89245e-05
4.72359e-05
4.55944e-05
4.38376e-05
4.24916e-05
4.10106e-05
3.96685e-05
3.83438e-05
3.98288e-05
3.96198e-05
3.85715e-05
3.75136e-05
3.65648e-05
3.6405e-05
3.56167e-05
3.46985e-05
3.41025e-05
3.32767e-05
3.25008e-05
3.19507e-05
3.11901e-05
3.09633e-05
3.1166e-05
3.05566e-05
3.00476e-05
2.94203e-05
2.90248e-05
2.85685e-05
2.84408e-05
2.85496e-05
2.80154e-05
2.75891e-05
2.70783e-05
2.68008e-05
2.63702e-05
2.59199e-05
2.54763e-05
2.51009e-05
2.49233e-05
2.45563e-05
2.42304e-05
2.39995e-05
2.37789e-05
2.36308e-05
2.34616e-05
2.31801e-05
2.29233e-05
2.3132e-05
2.28843e-05
2.2572e-05
2.23243e-05
2.23586e-05
2.23996e-05
2.21517e-05
2.18865e-05
2.16042e-05
2.14187e-05
2.11481e-05
2.08959e-05
2.06966e-05
2.05936e-05
2.08473e-05
2.07698e-05
2.05633e-05
2.03516e-05
2.02653e-05
2.01765e-05
2.058e-05
2.03514e-05
2.03886e-05
2.0432e-05
2.02153e-05
2.02262e-05
2.00915e-05
1.98825e-05
1.98284e-05
2.00372e-05
2.02353e-05
2.02862e-05
