0.0600409
0.0600359
0.0600614
0.0600474
0.0600209
0.0599988
0.0599984
0.0599943
0.0599955
0.0599827
0.0599823
0.0599778
0.0599695
0.0599708
0.0599701
0.0599661
0.059958
0.0599518
0.0599481
0.0599459
0.0599433
0.0599383
0.0599416
0.0599444
0.0599426
0.0599387
0.0599368
0.0599395
0.0599373
0.0599382
0.0599382
0.0599391
0.0599383
0.0599365
0.0599338
0.059932
0.0599324
0.0599311
0.0599285
0.0599286
0.0599292
0.0599283
0.0599268
0.0599247
0.0599266
0.0599247
0.0599244
0.0599239
0.0599242
0.059923
0.0599209
0.0599205
0.0599202
0.059921
0.059923
0.0599219
0.0599217
0.0599218
0.0599223
0.0599231
0.0599233
0.0599214
0.0599204
0.0599208
0.0599206
0.0599218
0.0599233
0.0599221
0.059922
0.0599223
0.059925
0.0599246
0.0599243
0.0599245
0.0599243
0.0599246
0.0599238
0.0599239
0.059924
0.0599249
0.0599257
0.0599246
0.0599243
0.0599235
0.0599247
0.0599255
0.0599259
0.0599256
0.0599253
0.0599248
0.059924
0.0599241
0.0599233
0.0599226
0.0599218
0.0599216
0.0599226
0.0599216
0.0599215
0.0599208
