0.969002
0.964156
0.9657
0.965502
0.96526
0.965065
0.965166
0.965062
0.964992
0.965339
0.965061
0.96495
0.964977
0.96522
0.965111
0.965123
0.965121
0.965234
0.965106
0.965058
0.965124
0.965214
0.965149
0.965093
0.965068
0.965123
0.965095
0.965127
0.965145
0.964997
0.96509
0.965051
0.965081
0.965047
0.965127
0.965087
0.965105
0.965058
0.965076
0.965095
0.965056
0.965057
0.965113
0.965037
0.965014
0.965045
0.965037
0.965001
0.965029
0.965079
0.965018
0.965027
0.965003
0.965002
0.964968
0.964984
0.964976
0.96498
0.964963
0.964998
0.964983
0.965002
0.964974
0.965002
0.964969
0.964999
0.964981
0.964962
0.965012
0.964992
0.964985
0.965003
0.964964
0.965003
0.964988
0.964999
0.964996
0.965016
0.965014
0.965007
0.965022
0.964998
0.965043
0.965017
0.965029
0.96504
0.965015
0.964991
0.965042
0.965042
0.965009
0.965042
0.965045
0.965015
0.965033
0.965034
0.965059
0.965018
0.965058
0.965026
