0
3.53431e-07
2.09384e-06
1.98279e-06
2.85493e-06
3.11468e-06
2.67008e-06
2.36731e-06
2.10746e-06
2.25251e-06
2.04816e-06
1.92539e-06
1.94946e-06
1.8144e-06
1.69463e-06
1.63452e-06
1.72708e-06
1.73995e-06
1.68789e-06
1.61712e-06
1.56203e-06
1.56625e-06
1.53238e-06
1.49364e-06
1.44501e-06
1.43984e-06
1.40024e-06
1.3772e-06
1.34736e-06
1.30531e-06
1.2632e-06
1.22719e-06
1.19247e-06
1.17134e-06
1.16861e-06
1.14925e-06
1.11869e-06
1.09688e-06
1.09773e-06
1.0703e-06
1.04612e-06
1.02509e-06
1.01286e-06
1.01189e-06
1.00713e-06
1.0018e-06
9.80971e-07
9.61771e-07
9.42443e-07
9.30919e-07
9.36545e-07
9.19355e-07
9.02535e-07
8.9001e-07
8.95805e-07
8.86344e-07
8.71248e-07
8.56325e-07
8.43111e-07
8.32973e-07
8.19523e-07
8.26626e-07
8.20301e-07
8.08491e-07
7.96166e-07
7.92244e-07
7.95189e-07
7.92904e-07
7.81502e-07
7.71246e-07
8.05158e-07
7.9495e-07
7.84525e-07
7.74014e-07
7.6384e-07
7.54485e-07
7.48736e-07
7.39192e-07
7.29848e-07
7.26844e-07
7.21988e-07
7.21466e-07
7.13297e-07
7.09456e-07
7.11746e-07
7.07079e-07
7.0008e-07
6.92627e-07
6.85479e-07
6.79419e-07
6.77005e-07
6.69659e-07
6.67038e-07
6.63451e-07
6.61184e-07
6.54495e-07
6.54854e-07
6.55373e-07
6.48799e-07
6.46471e-07
