0
5.4666e-10
2.81077e-10
1.66096e-10
1.16531e-10
9.33424e-11
6.93702e-11
1.1001e-10
1.80251e-10
2.32575e-10
2.51799e-10
2.13045e-10
1.94138e-10
1.68551e-10
1.77547e-10
1.56081e-10
1.3849e-10
1.29924e-10
1.17664e-10
1.06294e-10
1.10132e-10
1.01068e-10
9.5113e-11
9.15703e-11
8.50968e-11
7.92634e-11
7.36128e-11
6.89884e-11
6.44205e-11
6.06168e-11
5.9371e-11
5.57476e-11
5.26939e-11
5.10344e-11
5.17283e-11
5.49035e-11
5.22372e-11
5.02436e-11
4.77788e-11
4.57321e-11
4.39048e-11
4.18403e-11
4.37343e-11
4.37556e-11
4.2306e-11
4.15837e-11
4.09789e-11
3.94655e-11
4.08203e-11
3.92103e-11
3.83103e-11
3.75714e-11
3.63288e-11
3.5019e-11
3.41903e-11
3.30834e-11
3.1948e-11
3.0856e-11
2.9869e-11
2.99592e-11
3.11109e-11
3.07926e-11
3.02103e-11
3.06535e-11
2.97328e-11
2.91796e-11
2.99959e-11
2.95686e-11
2.91794e-11
2.88655e-11
2.95019e-11
2.87166e-11
2.80724e-11
2.74207e-11
2.67093e-11
2.61684e-11
2.56282e-11
2.55879e-11
2.49925e-11
2.44376e-11
2.38539e-11
2.37594e-11
2.33172e-11
2.29223e-11
2.34971e-11
2.30232e-11
2.2794e-11
2.24722e-11
2.20305e-11
2.17844e-11
2.13211e-11
2.23091e-11
2.18321e-11
2.14749e-11
2.10396e-11
2.13491e-11
2.09707e-11
2.05649e-11
2.01895e-11
1.98506e-11
