0
9.1494e-08
4.24212e-08
4.22433e-08
2.74766e-08
3.15367e-08
2.67801e-08
3.14876e-08
2.51104e-08
2.04002e-08
2.52598e-08
2.14304e-08
1.97539e-08
1.79134e-08
1.5921e-08
1.48726e-08
1.67321e-08
1.51704e-08
1.37128e-08
1.31247e-08
1.19192e-08
1.08637e-08
1.02766e-08
1.0766e-08
1.07203e-08
1.00933e-08
9.39675e-09
9.6185e-09
8.96731e-09
8.49619e-09
7.98224e-09
7.50342e-09
7.69529e-09
7.32643e-09
6.92449e-09
6.5774e-09
6.30333e-09
6.15812e-09
6.03424e-09
5.78215e-09
5.62693e-09
5.72638e-09
5.47709e-09
5.2921e-09
5.34688e-09
5.36195e-09
5.16966e-09
5.14297e-09
5.16809e-09
4.96348e-09
4.84204e-09
4.92677e-09
4.74552e-09
4.61165e-09
4.48207e-09
4.36569e-09
4.26017e-09
4.1311e-09
4.10314e-09
3.96879e-09
3.84992e-09
3.74563e-09
3.65127e-09
3.83286e-09
3.72021e-09
3.67598e-09
3.60581e-09
3.50967e-09
3.43251e-09
3.33545e-09
3.36058e-09
3.27512e-09
3.25379e-09
3.17422e-09
3.29125e-09
3.22587e-09
3.20241e-09
3.15347e-09
3.07422e-09
3.10707e-09
3.05289e-09
2.99809e-09
3.01022e-09
2.96792e-09
2.94547e-09
2.88957e-09
2.96809e-09
2.90386e-09
2.99825e-09
2.93516e-09
2.87104e-09
2.80907e-09
2.82278e-09
2.76439e-09
2.71467e-09
2.65987e-09
2.63293e-09
2.58212e-09
2.53298e-09
2.48507e-09
