0.99971
1.00014
1.00009
1.00024
1.00027
1.00014
1.00008
0.999967
0.999984
0.999975
1.00007
1.00006
1.0001
1.00013
1.00015
1.00012
1.00005
1.00007
1.00006
1.00009
1.00009
1.00009
1.00007
1.00003
1.00001
0.999991
0.999998
0.999967
0.999968
0.999957
0.999962
0.999959
0.999933
0.999924
0.999927
0.999922
0.999913
0.999899
0.999913
0.999906
0.999895
0.999876
0.999879
0.999871
0.999889
0.999904
0.99991
0.999924
0.99994
0.99994
0.999948
0.999932
0.99993
0.999936
0.99993
0.999937
0.999944
0.999948
0.999958
0.999957
0.999954
0.99995
0.999955
0.999972
0.99997
0.999961
0.999968
0.999965
0.99997
0.999969
0.999958
0.999961
0.999953
0.99995
0.999935
0.99994
0.999948
0.999954
0.999953
0.999964
0.999959
0.999963
0.999973
0.999978
0.999971
0.999968
0.999956
0.999957
0.99997
0.999968
0.999968
0.999968
0.999977
0.999976
0.999978
0.99998
0.999985
0.999983
0.999985
0.999983
