0
1
1.32338
1.62886
1.85702
2.06976
2.26713
2.44578
2.61553
2.76288
2.90236
3.04653
3.18543
3.31393
3.44164
3.55431
3.66835
3.78302
3.89664
4.01273
4.11354
4.21381
4.31814
4.41945
4.51511
4.60223
4.69444
4.78216
4.86599
4.9616
5.03617
5.11639
5.18692
5.27367
5.35193
5.42573
5.49703
5.57714
5.65672
5.74381
5.82729
5.90426
5.96857
6.02341
6.1018
6.16751
6.22479
6.29283
6.36674
6.42819
6.49396
6.55617
6.61286
6.68061
6.74628
6.80549
6.86227
6.92681
6.99044
7.04924
7.10262
7.15096
7.20502
7.2634
7.31936
7.38048
7.43488
7.48972
7.54091
7.59467
7.64753
7.70304
7.75298
7.81315
7.86793
7.91477
7.98846
8.03685
8.08205
8.13118
8.18135
8.2279
8.28767
8.33682
8.3708
8.42202
8.47086
8.5206
8.57019
8.61875
8.66318
8.70105
8.75572
8.80106
8.85496
8.88687
8.93995
8.98564
9.0281
9.07027
