0
1
1.38823
1.82329
2.18258
2.55377
2.90212
3.24892
3.59649
3.95547
4.29738
4.63533
4.97362
5.30851
5.63976
5.97466
6.30593
6.64193
6.97571
7.30396
7.64281
7.98332
8.31895
8.65579
8.98545
9.31674
9.65766
9.98815
10.3259
10.6561
10.9899
11.3261
11.6589
11.999
12.325
12.6561
12.9903
13.3267
13.6587
13.9978
14.338
14.6742
15.004
15.3341
15.6722
15.9996
16.3287
16.6702
17.0009
17.3312
17.6683
17.9918
18.3232
18.6565
18.9858
19.3122
19.6452
19.9779
20.3123
20.6393
20.9765
21.2934
21.6278
21.9626
22.2974
22.6228
22.948
23.2859
23.6151
23.9461
24.2788
24.609
24.9482
25.2828
25.6175
25.9477
26.2805
26.6045
26.9465
27.2711
27.6152
27.9509
28.2853
28.6198
28.9497
29.2818
29.6229
29.9546
30.2948
30.6364
30.9632
31.31
31.6441
31.9775
32.3167
32.6434
32.9783
33.3099
33.6437
33.9748
