0
0
0.505246
0.614733
0.736954
0.847272
0.940691
1.02056
1.10134
1.17513
1.24257
1.30656
1.36642
1.41437
1.46487
1.50998
1.56326
1.60783
1.64885
1.69752
1.7485
1.79537
1.84552
1.88211
1.93386
1.98143
2.02096
2.06534
2.10522
2.14981
2.18576
2.22094
2.26115
2.30222
2.34023
2.37844
2.41748
2.45536
2.4948
2.5205
2.54668
2.58064
2.60047
2.63321
2.66826
2.69769
2.72444
2.75836
2.78387
2.81112
2.83177
2.85467
2.8942
2.90995
2.94199
2.97435
3.00933
3.03014
3.05967
3.09011
3.11723
3.13308
3.15906
3.1748
3.19093
3.20856
3.22686
3.25948
3.27622
3.29549
3.32416
3.34437
3.3749
3.397
3.42555
3.44111
3.47481
3.50845
3.53359
3.55778
3.57179
3.59896
3.62699
3.6455
3.67057
3.69641
3.72043
3.73853
3.77147
3.79626
3.81719
3.84593
3.86807
3.88758
3.90931
3.92761
3.94872
3.96478
3.9953
4.01325
