0
0
0.540745
0.580885
0.744687
0.833583
0.957642
1.03786
1.13165
1.21371
1.29559
1.37482
1.44992
1.51537
1.57869
1.64087
1.70452
1.75875
1.81009
1.86631
1.9199
1.9676
2.01594
2.06838
2.11349
2.16466
2.21119
2.26024
2.30633
2.34854
2.38325
2.43086
2.47683
2.53066
2.58202
2.63134
2.68062
2.7266
2.75855
2.79885
2.83782
2.87406
2.91247
2.94826
2.98495
3.0278
3.0552
3.09068
3.13798
3.17799
3.21053
3.23366
3.26221
3.29833
3.33822
3.37325
3.40563
3.43664
3.46951
3.50783
3.53553
3.56461
3.58804
3.61697
3.65025
3.68052
3.70273
3.7352
3.76577
3.78797
3.82142
3.84809
3.87635
3.91107
3.94221
3.9703
4.00125
4.03419
4.063
4.08557
4.10946
4.13039
4.15259
4.17025
4.19956
4.22459
4.2448
4.27041
4.30271
4.32765
4.35301
4.37302
4.40153
4.42804
4.45754
4.48195
4.50331
4.52866
4.55341
4.56831
