0 0.188394 0.0020794
1 0.202082 0.185147
2 0.147245 0.198399
3 0.0819207 0.255997
4 0.773503 0.177864
5 0.195082 0.229475
6 0.758097 0.208554
7 0.449527 0.180494
8 0.426255 0.191812
9 0.0740397 0.149815
10 0.293606 0.190665
11 0.406611 0.234638
12 0.416099 0.176737
13 0.276736 0.14293
14 0.123533 0.170394
15 0.0794124 0.204694
16 0.192756 0.225906
17 0.364556 0.215065
18 0.525379 0.190926
19 0.248959 0.174342
20 0.227616 0.153439
21 0.647468 0.117429
22 0.415468 0.179469
23 0.580253 0.152133
24 0.369447 0.150939
25 0.325902 0.168513
26 0.560813 0.13596
27 0.33279 0.144744
28 0.305287 0.148283
29 0.486622 0.188315
30 0.51505 0.149122
31 0.555844 0.115002
32 0.52843 0.118818
33 0.338357 0.126768
34 0.215706 0.137101
35 0.379478 0.150782
36 0.356525 0.146696
37 0.100636 0.177621
38 0.589604 0.143898
39 0.242474 0.102059
40 0.181268 0.154032
41 0.50551 0.14343
42 0.448378 0.150264
43 0.309223 0.143913
44 0.436178 0.159014
45 0.161881 0.159809
46 0.412161 0.177719
47 0.0981725 0.135694
48 0.33381 0.135403
49 0.0706968 0.162203
50 0.546995 0.0935219
51 0.0621484 0.12902
52 0.330709 0.106849
53 0.387535 0.175146
54 0.472604 0.147237
55 0.315378 0.100497
56 0.30548 0.141211
57 0.359433 0.13634
58 0.329784 0.128263
59 0.430649 0.15169
60 0.325433 0.121457
61 0.105961 0.1203
62 0.47861 0.144624
63 0.381712 0.131358
64 0.280806 0.123832
65 0.51786 0.102489
66 0.322826 0.14208
67 0.394347 0.157161
68 0.285421 0.182568
69 0.363707 0.146091
70 0.417728 0.128587
71 0.424031 0.145707
72 0.208155 0.118283
73 0.408124 0.0954682
74 0.24397 0.127111
75 0.219811 0.14244
76 0.297467 0.105848
77 -0.105394 0.100387
78 0.410923 0.137191
79 0.247064 0.107619
80 0.317758 0.110653
81 0.314267 0.121169
82 0.282582 0.102746
83 0.238744 0.101816
84 0.642015 0.0928025
85 0.167536 0.142671
86 0.604717 0.131494
87 0.161008 0.0850012
88 0.308319 0.108368
89 0.515561 0.091337
90 0.284836 0.129035
91 0.149481 0.126768
92 0.155613 0.114912
93 0.301782 0.114164
94 0.619492 0.108874
95 0.210988 0.127404
96 0.440001 0.112086
97 0.306273 0.117313
98 0.492476 0.0784896
99 0.321315 0.132044
100 0.405046 0.0889035
101 0.544591 0.145554
102 0.158606 0.120856
103 0.206001 0.140501
104 0.402254 0.120947
105 0.293129 0.156826
106 0.109999 0.128313
107 0.256651 0.104413
108 0.413714 0.141958
109 0.425077 0.165219
110 0.340135 0.128758
111 0.113296 0.129802
112 0.417727 0.114874
113 0.251277 0.153996
114 0.146437 0.105694
115 0.128574 0.122802
116 0.230998 0.1027
117 0.481656 0.122058
118 0.377359 0.118886
119 0.321287 0.14912
120 0.324514 0.102922
121 0.154404 0.140455
122 0.381206 0.0988388
123 0.460518 0.149698
124 0.362028 0.140899
125 0.449884 0.123597
126 0.472058 0.130653
127 0.18691 0.107089
128 0.21744 0.0929362
129 0.485179 0.122438
130 0.345775 0.123198
131 0.228438 0.0947846
132 0.421141 0.140095
133 0.316163 0.0936903
134 0.233094 0.0811696
135 0.381719 0.0960172
136 0.477648 0.0978612
137 0.388447 0.0894382
138 0.320656 0.104929
139 0.22252 0.106551
140 0.296531 0.117428
141 0.400926 0.100634
142 0.423048 0.0852597
143 0.255402 0.152933
144 0.409704 0.0967321
145 0.357478 0.10821
146 0.373669 0.0687799
147 0.280527 0.137989
148 0.279704 0.0990373
149 0.373114 0.0908129
150 0.239145 0.103249
151 0.201609 0.0842145
152 0.516005 0.123275
153 0.283892 0.0916098
154 0.172679 0.0996813
155 0.182353 0.115051
156 0.262141 0.0940684
157 0.200506 0.0989695
158 0.0758484 0.146351
159 0.27398 0.0857005
160 0.241609 0.146759
161 0.30354 0.128302
162 0.437307 0.12928
163 0.35668 0.117665
164 0.0725136 0.125566
165 0.0748843 0.126961
166 0.501191 0.0945879
167 0.356049 0.135925
168 0.32704 0.124256
169 0.127915 0.0798845
170 0.202647 0.116664
171 0.283008 0.120866
172 0.302939 0.12689
173 0.33399 0.104511
174 0.410004 0.117651
175 0.354584 0.120663
176 0.0620124 0.134315
177 0.174265 0.161564
178 0.276093 0.0927927
179 0.0642797 0.129814
180 0.558851 0.0963182
181 0.347733 0.114621
182 0.361929 0.116806
183 0.406476 0.108479
184 0.27868 0.0995137
185 0.410993 0.103246
186 0.39543 0.111725
187 0.264247 0.125581
188 0.256248 0.126339
189 0.30928 0.122898
190 0.446106 0.13447
191 0.2517 0.122479
192 0.431074 0.157398
193 0.336612 0.145747
194 0.366665 0.130184
195 0.372152 0.11499
196 0.304317 0.159005
197 0.363927 0.128844
198 0.517431 0.107829
199 0.293275 0.143731
200 0.149451 0.125004
201 0.285188 0.13924
202 0.277243 0.128406
203 0.55559 0.137046
204 0.207145 0.107347
205 0.260184 0.113233
206 0.173021 0.0866202
207 0.0389457 0.121996
208 0.305546 0.127638
209 0.513077 0.132522
210 0.152969 0.0953066
211 0.319895 0.105874
212 0.507149 0.106766
213 0.216334 0.0778291
214 0.370483 0.121335
215 0.209258 0.10867
216 0.394206 0.140717
217 0.628656 0.124199
218 0.33268 0.139575
219 0.407936 0.147028
220 0.190538 0.148253
221 0.377098 0.130954
222 0.414345 0.0775917
223 0.214112 0.117041
224 0.356206 0.135317
225 0.401235 0.13546
226 0.412924 0.175613
227 0.42598 0.0934994
228 0.486135 0.093209
229 0.11991 0.157173
230 0.385173 0.115869
231 0.256487 0.150598
232 0.250008 0.100713
233 0.351783 0.129275
234 0.398988 0.131678
235 0.525671 0.130038
236 0.339859 0.131626
237 0.285349 0.142279
238 0.59503 0.122495
239 0.404565 0.143409
240 0.329411 0.103815
241 0.505212 0.15765
242 0.17272 0.121368
243 0.242507 0.150549
244 0.299513 0.12821
245 0.135164 0.124103
246 0.384485 0.130734
247 0.278826 0.110427
248 0.494992 0.13583
249 0.147382 0.145123
250 0.431435 0.108516
251 0.581434 0.133221
252 0.404025 0.121353
253 0.409018 0.144948
254 0.0589697 0.127142
255 0.338421 0.11971
256 0.265692 0.184377
257 0.26888 0.143158
258 0.347736 0.107711
259 0.327108 0.16526
260 0.306862 0.177921
261 0.367871 0.155322
262 0.307203 0.17587
263 0.228018 0.135515
264 0.460325 0.175871
265 0.514454 0.144579
266 0.068333 0.12494
267 0.420477 0.135629
268 0.299622 0.172397
269 0.316447 0.181399
270 0.33366 0.161704
271 0.511507 0.125228
272 0.0577346 0.144489
273 0.133438 0.153131
274 0.465962 0.142352
275 0.293412 0.143064
276 0.256923 0.102398
277 0.450425 0.170578
278 0.25706 0.180354
279 0.428857 0.157092
280 0.442305 0.139482
281 0.517847 0.17322
282 0.157909 0.156544
283 0.386603 0.172801
284 0.32564 0.178344
285 0.41415 0.173153
286 0.379747 0.122217
287 0.249783 0.142554
288 0.413217 0.187046
289 0.253421 0.156554
290 0.161676 0.146796
291 0.552564 0.175249
292 0.212403 0.231427
293 0.127778 0.169105
294 -0.055419 0.170471
295 0.096441 0.246942
296 0.11558 0.201339
297 0.134571 0.205899
298 0.377413 0.273704
299 0.191205 0.00306088
