0 -0.650084 0.00546206
1 -0.665924 0.00552528
2 -0.685081 0.00433741
3 -0.700367 0.00444987
4 -0.710815 0.0049776
5 -0.71645 0.00616612
6 -0.725303 0.00502406
7 -0.732196 0.00481063
8 -0.73787 0.00474621
9 -0.742883 0.00399157
10 -0.745793 0.00433191
11 -0.74908 0.00401266
12 -0.750402 0.00420761
13 -0.752831 0.00321461
14 -0.755851 0.00311842
15 -0.763104 0.0034536
16 -0.767965 0.00238399
17 -0.768974 0.00385578
18 -0.773204 0.00362742
19 -0.775131 0.00447642
20 -0.769604 0.00415457
21 -0.77296 0.00448079
22 -0.773748 0.00421488
23 -0.773589 0.00430733
24 -0.774427 0.00460555
25 -0.772149 0.00518834
26 -0.769605 0.00477451
27 -0.772055 0.00403236
28 -0.774129 0.00351243
29 -0.77543 0.00434865
30 -0.777537 0.00274253
31 -0.775997 0.00347937
32 -0.775388 0.00355827
33 -0.772175 0.00362298
34 -0.774737 0.00365983
35 -0.775007 0.00377761
36 -0.778622 0.00371663
37 -0.778817 0.00429486
38 -0.774722 0.00347093
39 -0.779861 0.0036714
40 -0.782262 0.00434398
41 -0.78023 0.0039011
42 -0.782442 0.00485413
43 -0.785038 0.00445121
44 -0.781239 0.00314858
45 -0.780038 0.00413383
46 -0.781092 0.00453823
47 -0.77913 0.00482259
48 -0.778519 0.00482319
49 -0.779705 0.00486716
50 -0.777874 0.00532418
51 -0.780807 0.00502255
52 -0.782371 0.00469513
53 -0.779418 0.00447299
54 -0.781028 0.00402356
55 -0.784134 0.00379471
56 -0.786774 0.00447078
57 -0.786328 0.00391897
58 -0.786823 0.00427824
59 -0.785888 0.0042821
60 -0.787569 0.00422546
61 -0.787582 0.00396987
62 -0.78349 0.00521505
63 -0.78665 0.00463313
64 -0.785409 0.00392851
65 -0.788824 0.00376238
66 -0.789118 0.00368916
67 -0.787823 0.0032692
68 -0.786167 0.00320452
69 -0.785237 0.00348519
70 -0.788011 0.00369569
71 -0.787869 0.00347518
72 -0.7859 0.0035186
73 -0.783094 0.00280531
74 -0.782797 0.00313772
75 -0.782697 0.00290745
76 -0.780961 0.00335287
77 -0.780792 0.00271109
78 -0.779585 0.00371749
79 -0.778691 0.00355863
80 -0.777518 0.00327211
81 -0.778096 0.00313021
82 -0.778471 0.0027109
83 -0.778128 0.00240285
84 -0.775563 0.00303036
85 -0.775041 0.00293268
86 -0.779422 0.00258117
87 -0.780744 0.00327844
88 -0.780778 0.00341511
89 -0.779359 0.00369945
90 -0.780334 0.00300958
91 -0.778938 0.00356526
92 -0.778025 0.00322058
93 -0.773244 0.00304467
94 -0.774395 0.00287867
95 -0.775009 0.00297879
96 -0.77169 0.00311799
97 -0.774121 0.0032269
98 -0.776148 0.00371521
99 -0.77524 0.00371103
100 -0.769774 0.00340817
101 -0.77169 0.0033533
102 -0.771863 0.00355798
103 -0.772595 0.00303066
104 -0.774009 0.00291805
105 -0.775356 0.00341903
106 -0.776579 0.00358459
107 -0.776338 0.00371276
108 -0.774752 0.00309191
109 -0.775565 0.00310178
110 -0.774848 0.00276835
111 -0.77842 0.00303043
112 -0.775483 0.00382534
113 -0.775465 0.00357241
114 -0.774972 0.00316215
115 -0.778726 0.00340022
116 -0.779504 0.00367449
117 -0.780878 0.00401004
118 -0.780107 0.00469881
119 -0.783142 0.00446987
120 -0.783968 0.00448804
121 -0.786206 0.00443966
122 -0.787106 0.00402762
123 -0.787831 0.00375034
124 -0.786056 0.00374844
125 -0.787292 0.0034883
126 -0.787892 0.00416681
127 -0.784934 0.00379027
128 -0.783406 0.0032561
129 -0.783519 0.00318529
130 -0.783046 0.00346616
131 -0.785451 0.00341137
132 -0.786426 0.00355926
133 -0.784959 0.00355264
134 -0.784575 0.00331027
135 -0.78454 0.00401998
136 -0.784313 0.00340854
137 -0.781438 0.00382814
138 -0.781419 0.0040648
139 -0.784764 0.0034061
140 -0.785938 0.00279464
141 -0.781804 0.00309567
142 -0.785408 0.00290058
143 -0.782545 0.00296011
144 -0.778927 0.00273898
145 -0.782759 0.00296989
146 -0.784734 0.00300276
147 -0.784307 0.00262276
148 -0.78446 0.00313249
149 -0.783488 0.00340916
150 -0.784652 0.00312463
151 -0.783921 0.00262905
152 -0.784404 0.00334954
153 -0.781473 0.0030538
154 -0.783428 0.00284776
155 -0.784322 0.00278343
156 -0.781286 0.00301035
157 -0.782223 0.00329586
158 -0.780841 0.00320437
159 -0.780614 0.00274555
160 -0.779178 0.0031882
161 -0.781045 0.00302546
162 -0.779646 0.00344521
163 -0.779327 0.00370424
164 -0.778626 0.00296344
165 -0.777779 0.00325087
166 -0.779958 0.00305779
167 -0.776488 0.0028038
168 -0.775956 0.00328481
169 -0.776598 0.00310455
170 -0.780059 0.00390996
171 -0.781769 0.00351277
172 -0.780373 0.00342859
173 -0.778166 0.00346602
174 -0.780495 0.00317867
175 -0.782026 0.00289127
176 -0.781999 0.0036596
177 -0.783254 0.00347393
178 -0.781558 0.0027295
179 -0.780712 0.00237703
180 -0.781274 0.00299153
181 -0.78293 0.00260306
182 -0.783524 0.00308909
183 -0.782976 0.00294735
184 -0.780542 0.00350761
185 -0.780131 0.00338282
186 -0.779852 0.00357243
187 -0.774513 0.00345663
188 -0.778537 0.00321173
189 -0.776933 0.00356519
190 -0.777743 0.00385051
191 -0.774359 0.00409115
192 -0.778223 0.00248292
193 -0.775492 0.00238519
194 -0.776067 0.0031747
195 -0.77796 0.00370288
196 -0.77677 0.00376581
197 -0.777552 0.00350985
198 -0.778593 0.00341409
199 -0.780417 0.00303945
200 -0.779998 0.0032988
201 -0.779411 0.00305569
202 -0.77761 0.00309641
203 -0.77597 0.00342736
204 -0.775861 0.00365784
205 -0.775286 0.00268175
206 -0.777924 0.00285648
207 -0.779535 0.00256318
208 -0.77862 0.00267371
209 -0.775805 0.00274316
210 -0.773949 0.00345582
211 -0.776395 0.00336319
212 -0.780072 0.00385417
213 -0.780578 0.00291491
214 -0.781425 0.00359886
215 -0.77759 0.00391012
216 -0.777594 0.00355622
217 -0.77894 0.0043655
218 -0.779308 0.00398545
219 -0.782263 0.00326166
220 -0.781298 0.00317649
221 -0.78419 0.00362856
222 -0.785475 0.00348647
223 -0.787042 0.003403
224 -0.786112 0.00418237
225 -0.787661 0.00430964
226 -0.784441 0.00406018
227 -0.779312 0.00411691
228 -0.778796 0.00329884
229 -0.778542 0.00346998
230 -0.779189 0.0022612
231 -0.780658 0.00233127
232 -0.779568 0.0029097
233 -0.777057 0.00345013
234 -0.779537 0.00360591
235 -0.780607 0.00372077
236 -0.778633 0.00232476
237 -0.777582 0.00299003
238 -0.77894 0.00295621
239 -0.778127 0.00303074
240 -0.777928 0.00314622
241 -0.7792 0.00374355
242 -0.779843 0.00334353
243 -0.774921 0.00304415
244 -0.775711 0.00326662
245 -0.774514 0.00348735
246 -0.773675 0.00341052
247 -0.775496 0.00276931
248 -0.774544 0.00371187
249 -0.778021 0.00370193
250 -0.781204 0.0037293
251 -0.78091 0.00437703
252 -0.776735 0.0040811
253 -0.775773 0.00370917
254 -0.774475 0.00268311
255 -0.77489 0.00307357
256 -0.774157 0.00327553
257 -0.777112 0.0037655
258 -0.775868 0.00381667
259 -0.774462 0.00420418
260 -0.773922 0.0038506
261 -0.772698 0.00380941
262 -0.772685 0.00402047
263 -0.773939 0.00396671
264 -0.777985 0.00367811
265 -0.777608 0.0039089
266 -0.778203 0.00380978
267 -0.779022 0.00466061
268 -0.775462 0.00473156
269 -0.777125 0.00447448
270 -0.771592 0.00423867
271 -0.769995 0.00451981
272 -0.765653 0.00490721
273 -0.766158 0.00469467
274 -0.76468 0.00458325
275 -0.765016 0.00496747
276 -0.766366 0.00416209
277 -0.768018 0.00476003
278 -0.766029 0.00447138
279 -0.762485 0.00404531
280 -0.764161 0.00361336
281 -0.758931 0.00473034
282 -0.759903 0.00496124
283 -0.760781 0.00482094
284 -0.753402 0.00439239
285 -0.751013 0.00486893
286 -0.745106 0.00439488
287 -0.746075 0.00537139
288 -0.745323 0.00442787
289 -0.745129 0.00398459
290 -0.74126 0.00411687
291 -0.733338 0.00401537
292 -0.727953 0.00389006
293 -0.721628 0.00380954
294 -0.716921 0.00331193
295 -0.70796 0.00414853
296 -0.696204 0.00397881
297 -0.680592 0.00433926
298 -0.66953 0.00494935
299 -0.65168 0.00537158
