-4.9875 0 0
-4.9625 0 0
-4.9375 0 0
-4.9125 0 0
-4.8875 0 0
-4.8625 0 0
-4.8375 0 0
-4.8125 0 0
-4.7875 0 0
-4.7625 0 0
-4.7375 0 0
-4.7125 0 0
-4.6875 0 0
-4.6625 0 0
-4.6375 0 0
-4.6125 0 0
-4.5875 0 0
-4.5625 0 0
-4.5375 0 0
-4.5125 0 0
-4.4875 0 0
-4.4625 0 0
-4.4375 0 0
-4.4125 0 0
-4.3875 0 0
-4.3625 0 0
-4.3375 0 0
-4.3125 0 0
-4.2875 0 0
-4.2625 0 0
-4.2375 0 0
-4.2125 0 0
-4.1875 0 0
-4.1625 0 0
-4.1375 0 0
-4.1125 0 0
-4.0875 0 0
-4.0625 0 0
-4.0375 0 0
-4.0125 0 0
-3.9875 0 0
-3.9625 0 0
-3.9375 0 0
-3.9125 0 0
-3.8875 0 0
-3.8625 0 0
-3.8375 0 0
-3.8125 0 0
-3.7875 0 0
-3.7625 0 0
-3.7375 0 0
-3.7125 0 0
-3.6875 0 0
-3.6625 0 0
-3.6375 0 0
-3.6125 0 0
-3.5875 0 0
-3.5625 0 0
-3.5375 0 0
-3.5125 0 0
-3.4875 0 0
-3.4625 0 0
-3.4375 0 0
-3.4125 0 0
-3.3875 0 0
-3.3625 0 0
-3.3375 0 0
-3.3125 0 0
-3.2875 0 0
-3.2625 0 0
-3.2375 0 0
-3.2125 0 0
-3.1875 0 0
-3.1625 0 0
-3.1375 0 0
-3.1125 0 0
-3.0875 0 0
-3.0625 0 0
-3.0375 0 0
-3.0125 0 0
-2.9875 0 0
-2.9625 0 0
-2.9375 0 0
-2.9125 0 0
-2.8875 0 0
-2.8625 0 0
-2.8375 0 0
-2.8125 0 0
-2.7875 0 0
-2.7625 0 0
-2.7375 0 0
-2.7125 0 0
-2.6875 0 0
-2.6625 8.19672e-06 7.98918e-06
-2.6375 8.19672e-06 7.98918e-06
-2.6125 8.19672e-06 7.98918e-06
-2.5875 0 0
-2.5625 0 0
-2.5375 8.19672e-06 7.98918e-06
-2.5125 8.19672e-06 7.98918e-06
-2.4875 4.09836e-05 1.58729e-05
-2.4625 8.19672e-06 7.98918e-06
-2.4375 3.27869e-05 1.86914e-05
-2.4125 5.7377e-05 2.09778e-05
-2.3875 0.000106557 2.90377e-05
-2.3625 0.000106557 2.09778e-05
-2.3375 0.000139344 3.5303e-05
-2.3125 0.000262295 3.73828e-05
-2.2875 0.000295082 6.41233e-05
-2.2625 0.000311475 6.01217e-05
-2.2375 0.0005 8.15357e-05
-2.2125 0.000762295 7.97023e-05
-2.1875 0.00112295 0.00013332
-2.1625 0.00143443 0.000119838
-2.1375 0.00153279 0.000115498
-2.1125 0.00213115 0.000142444
-2.0875 0.00278689 0.000145708
-2.0625 0.0034918 0.0002038
-2.0375 0.00430328 0.000246413
-2.0125 0.00572951 0.000250094
-1.9875 0.00647541 0.000248213
-1.9625 0.00842623 0.000279267
-1.9375 0.00978689 0.000295105
-1.9125 0.0120902 0.000413081
-1.8875 0.0138115 0.000432314
-1.8625 0.0177131 0.000645356
-1.8375 0.0205082 0.000548495
-1.8125 0.0244098 0.000450879
-1.7875 0.0289754 0.00052342
-1.7625 0.0336803 0.000880335
-1.7375 0.0385738 0.00105391
-1.7125 0.0464836 0.000830298
-1.6875 0.0525246 0.00113526
-1.6625 0.061082 0.000923753
-1.6375 0.0674918 0.00115781
-1.6125 0.0763525 0.00152017
-1.5875 0.0866721 0.00126925
-1.5625 0.095918 0.00151379
-1.5375 0.106762 0.00198028
-1.5125 0.118082 0.00163927
-1.4875 0.128492 0.00157857
-1.4625 0.146795 0.00245906
-1.4375 0.156336 0.00235596
-1.4125 0.170803 0.00208035
-1.3875 0.185082 0.00271174
-1.3625 0.19682 0.00292361
-1.3375 0.21059 0.00239598
-1.3125 0.227615 0.00230077
-1.2875 0.242016 0.00290002
-1.2625 0.25291 0.0028221
-1.2375 0.272369 0.00365082
-1.2125 0.2815 0.00418963
-1.1875 0.293008 0.00375589
-1.1625 0.307246 0.00297003
-1.1375 0.31177 0.00381132
-1.1125 0.323459 0.00376144
-1.0875 0.335951 0.00443925
-1.0625 0.344934 0.0040326
-1.0375 0.355918 0.00473017
-1.0125 0.361254 0.00495327
-0.9875 0.3655 0.00419614
-0.9625 0.375467 0.00428629
-0.9375 0.382262 0.00340125
-0.9125 0.385172 0.00353159
-0.8875 0.390648 0.00388543
-0.8625 0.391008 0.00418223
-0.8375 0.392369 0.00418496
-0.8125 0.391164 0.00358231
-0.7875 0.393074 0.00363727
-0.7625 0.39318 0.00406391
-0.7375 0.395975 0.00398068
-0.7125 0.389262 0.00298026
-0.6875 0.387443 0.00391528
-0.6625 0.386016 0.00273849
-0.6375 0.380697 0.00258047
-0.6125 0.379811 0.00331168
-0.5875 0.375328 0.00267586
-0.5625 0.367992 0.00308046
-0.5375 0.362467 0.00313761
-0.5125 0.360123 0.00255984
-0.4875 0.356402 0.0029263
-0.4625 0.351033 0.00262623
-0.4375 0.343967 0.00213202
-0.4125 0.341648 0.00258056
-0.3875 0.337492 0.0026095
-0.3625 0.32918 0.00197995
-0.3375 0.327066 0.00238216
-0.3125 0.32632 0.00289778
-0.2875 0.317787 0.00273786
-0.2625 0.319607 0.00240586
-0.2375 0.316574 0.00246164
-0.2125 0.311869 0.00290879
-0.1875 0.308607 0.00254915
-0.1625 0.304664 0.00180143
-0.1375 0.305369 0.00270834
-0.1125 0.30218 0.00240017
-0.0875 0.301984 0.00262564
-0.0625 0.300451 0.00267903
-0.0375 0.297959 0.00192085
-0.0125 0.298508 0.00210928
0.0125 0.300459 0.00246855
0.0375 0.297828 0.00221141
0.0625 0.301467 0.00234579
0.0875 0.300525 0.00193819
0.1125 0.303885 0.00186436
0.1375 0.304336 0.00205247
0.1625 0.306369 0.00183501
0.1875 0.309197 0.00217866
0.2125 0.310984 0.00284689
0.2375 0.313885 0.00168924
0.2625 0.318279 0.00215196
0.2875 0.320836 0.0023067
0.3125 0.323639 0.00290019
0.3375 0.328943 0.00185465
0.3625 0.334369 0.00253554
0.3875 0.34027 0.0024656
0.4125 0.339 0.00253857
0.4375 0.345943 0.00298786
0.4625 0.350484 0.00270962
0.4875 0.355869 0.00280811
0.5125 0.356484 0.00304061
0.5375 0.362672 0.00314641
0.5625 0.365746 0.00269929
0.5875 0.372189 0.00315871
0.6125 0.376844 0.00244704
0.6375 0.377443 0.00380406
0.6625 0.379885 0.00334685
0.6875 0.385508 0.00350753
0.7125 0.389008 0.00393322
0.7375 0.387664 0.00345888
0.7625 0.390926 0.00489603
0.7875 0.393893 0.00380555
0.8125 0.389869 0.00393862
0.8375 0.39141 0.00345805
0.8625 0.388311 0.00324857
0.8875 0.386156 0.0041006
0.9125 0.384836 0.0053294
0.9375 0.380107 0.00420998
0.9625 0.371148 0.00425902
0.9875 0.364746 0.00409909
1.0125 0.358418 0.0039842
1.0375 0.350639 0.0031299
1.0625 0.340623 0.00383015
1.0875 0.32877 0.00419985
1.1125 0.318393 0.00383564
1.1375 0.307541 0.00333483
1.1625 0.295598 0.00278516
1.1875 0.285344 0.0029483
1.2125 0.276549 0.002513
1.2375 0.261172 0.00294793
1.2625 0.249533 0.00250402
1.2875 0.233344 0.00263204
1.3125 0.221254 0.00246821
1.3375 0.204795 0.00201945
1.3625 0.192566 0.0021668
1.3875 0.18168 0.00246488
1.4125 0.165893 0.00227732
1.4375 0.151025 0.0021924
1.4625 0.136861 0.00164128
1.4875 0.124721 0.00167115
1.5125 0.115 0.00202767
1.5375 0.104189 0.00133289
1.5625 0.0917049 0.00152769
1.5875 0.0825246 0.00131987
1.6125 0.0746803 0.00135732
1.6375 0.065959 0.0010552
1.6625 0.0569918 0.0010356
1.6875 0.0502131 0.000881908
1.7125 0.044 0.000701038
1.7375 0.0382705 0.000895769
1.7625 0.0324508 0.0005602
1.7875 0.0274508 0.000700374
1.8125 0.0234344 0.000673078
1.8375 0.0195492 0.000490007
1.8625 0.0174016 0.000432687
1.8875 0.0133279 0.000516472
1.9125 0.011 0.000423367
1.9375 0.00977049 0.000311777
1.9625 0.00769672 0.000325086
1.9875 0.00640984 0.000297328
2.0125 0.00492623 0.000161654
2.0375 0.00371311 0.000261853
2.0625 0.00357377 0.000154482
2.0875 0.00234426 0.000145754
2.1125 0.00166393 0.000104504
2.1375 0.00159016 0.000117702
2.1625 0.00112295 9.99025e-05
2.1875 0.000959016 8.69587e-05
2.2125 0.000688525 8.87368e-05
2.2375 0.000491803 8.82814e-05
2.2625 0.000344262 3.25813e-05
2.2875 0.000204918 4.61862e-05
2.3125 0.000237705 4.70509e-05
2.3375 0.000163934 4.48953e-05
2.3625 9.01639e-05 2.45218e-05
2.3875 7.37705e-05 2.71236e-05
2.4125 3.27869e-05 1.86914e-05
2.4375 4.91803e-05 2.04097e-05
2.4625 3.27869e-05 1.86914e-05
2.4875 1.63934e-05 1.59784e-05
2.5125 0 0
2.5375 8.19672e-06 7.98918e-06
2.5625 8.19672e-06 7.98918e-06
2.5875 0 0
2.6125 0 0
2.6375 0 0
2.6625 0 0
2.6875 0 0
2.7125 0 0
2.7375 0 0
2.7625 0 0
2.7875 0 0
2.8125 0 0
2.8375 0 0
2.8625 0 0
2.8875 0 0
2.9125 0 0
2.9375 0 0
2.9625 0 0
2.9875 0 0
3.0125 0 0
3.0375 0 0
3.0625 0 0
3.0875 0 0
3.1125 0 0
3.1375 0 0
3.1625 0 0
3.1875 0 0
3.2125 0 0
3.2375 0 0
3.2625 0 0
3.2875 0 0
3.3125 0 0
3.3375 0 0
3.3625 0 0
3.3875 0 0
3.4125 0 0
3.4375 0 0
3.4625 0 0
3.4875 0 0
3.5125 0 0
3.5375 0 0
3.5625 0 0
3.5875 0 0
3.6125 0 0
3.6375 0 0
3.6625 0 0
3.6875 0 0
3.7125 0 0
3.7375 0 0
3.7625 0 0
3.7875 0 0
3.8125 0 0
3.8375 0 0
3.8625 0 0
3.8875 0 0
3.9125 0 0
3.9375 0 0
3.9625 0 0
3.9875 0 0
4.0125 0 0
4.0375 0 0
4.0625 0 0
4.0875 0 0
4.1125 0 0
4.1375 0 0
4.1625 0 0
4.1875 0 0
4.2125 0 0
4.2375 0 0
4.2625 0 0
4.2875 0 0
4.3125 0 0
4.3375 0 0
4.3625 0 0
4.3875 0 0
4.4125 0 0
4.4375 0 0
4.4625 0 0
4.4875 0 0
4.5125 0 0
4.5375 0 0
4.5625 0 0
4.5875 0 0
4.6125 0 0
4.6375 0 0
4.6625 0 0
4.6875 0 0
4.7125 0 0
4.7375 0 0
4.7625 0 0
4.7875 0 0
4.8125 0 0
4.8375 0 0
4.8625 0 0
4.8875 0 0
4.9125 0 0
4.9375 0 0
4.9625 0 0
4.9875 0 0
