0
0.0637653
0.0481698
0.0471411
0.0400141
0.0528117
0.0606896
0.0596947
0.0530751
0.0503576
0.0467756
0.0445557
0.041401
0.0393889
0.0372781
0.0350631
0.0357323
0.0342194
0.0324639
0.0315433
0.0302631
0.0289002
0.0297475
0.0286439
0.0275621
0.0314613
0.0303951
0.0294386
0.0286315
0.027697
0.0268785
0.0260599
0.0252738
0.0261026
0.0255887
0.0249019
0.0242333
0.0236549
0.02305
0.0225317
0.022346
0.0219553
0.0215518
0.0218659
0.0217054
0.0212645
0.0221742
0.0217123
0.0213568
0.020935
0.0205606
0.0202151
0.0198339
0.019495
0.0213793
0.0212243
0.0208996
0.0205786
0.0202335
0.0199303
0.0197043
0.0196145
0.0205636
0.0210015
0.0207411
0.0205139
0.020208
0.0199999
0.0197225
0.0195405
0.0193366
0.0191412
0.0189343
0.018681
0.0185045
0.0183509
0.0181248
0.0179135
0.0180632
0.0178713
0.0177201
0.0175293
0.0173214
0.0175684
0.0173877
0.0171932
0.0170533
0.0168679
0.016725
0.0165594
0.0163787
0.0163134
0.0161393
0.0159757
0.0158235
0.0156596
0.0155018
0.0153448
0.0153353
0.0152316
0.0150845
0.0149482
0.0148031
0.0147867
0.0146466
0.0145259
0.0143901
0.0142609
0.0141321
0.0140389
0.0139214
0.0137972
0.0137315
0.0136618
0.0136389
0.0138075
0.0138771
0.0137603
0.0136778
0.0138097
0.0137494
0.0136382
0.0135388
0.0141717
0.0140678
0.014033
0.0139462
0.0138454
0.0138086
0.0137025
0.0136177
0.0135198
0.0134182
0.0133769
0.0133577
0.0133278
0.0132313
0.0131355
0.0130547
0.0129655
0.0128758
0.0130425
0.0129564
0.0128697
0.012786
0.012709
0.0126655
0.012609
0.0125448
0.0154903
0.0153933
0.0153187
0.0152589
0.0151709
0.0151638
0.0150686
0.0150296
0.0149537
0.0148747
0.0148694
0.0147974
0.0147064
0.0146705
0.0146588
0.0145922
0.014513
0.0144261
0.015009
0.0149498
0.0149086
0.0148269
0.014745
0.0146671
0.0145832
0.0145003
0.0144203
0.0143407
0.0142615
0.0141818
0.0141041
0.0140346
0.0139621
0.0138924
0.013817
0.0137722
0.0139802
0.0139308
0.0138604
0.0137915
0.0137351
0.013667
0.0136297
0.0135614
0.0135082
0.013474
0.0134359
0.0134351
0.0134028
0.013336
0.0133066
0.0132428
0.0131789
0.0131144
0.0130647
0.0130107
0.0131093
0.0130534
0.0130005
0.0129557
0.0129352
0.0128805
0.0128207
0.0127625
0.0127366
0.0135458
0.0134945
0.0134567
0.0133994
0.0133977
0.0133392
0.0132797
0.0132215
0.0131651
0.0131476
0.0130893
0.013036
0.0129811
0.0129244
0.012869
0.0128212
0.0127782
0.0127232
0.0127001
0.0126482
0.0126477
0.0126115
0.0125652
0.0125124
0.0124625
0.0124411
0.0123901
0.0123503
0.0123016
0.0122639
0.0122147
0.012174
0.012129
0.0120911
0.0121391
0.0120929
0.0120509
0.0120034
0.0119621
0.0119158
0.0118725
0.0118298
0.0117861
0.0117406
0.0116954
0.0116591
0.0116145
0.0115913
0.0115508
0.0115113
0.0114777
0.0114708
0.0114289
0.0113886
0.0114358
0.0113935
0.0113586
0.01132
0.0112814
0.0112463
0.0112234
0.0111962
0.0111559
0.0111181
0.0110789
0.011045
0.0110197
0.0109841
0.0109453
0.0110227
0.0114057
0.0113819
0.011343
0.0113052
0.0112665
0.0113589
0.0115435
0.0115042
0.0114868
0.0114597
0.0114278
0.0113892
0.0113509
0.0113169
0.011279
0.011247
0.0112096
0.0111904
0.0111545
0.0111382
0.0111141
0.0110799
0.0110504
0.0110299
0.0110215
0.0110196
0.0109847
0.0109612
0.0109262
0.0108922
0.0108579
0.0108419
0.0108118
0.0107803
0.0107488
0.0107184
0.0106954
0.0106678
0.0106348
0.0112673
0.0112368
0.0112113
0.0111843
0.011155
0.011155
0.0111215
0.0110919
0.0110614
0.0110296
0.0110119
0.0109907
0.0109582
0.0109257
0.0108935
0.0108637
0.0108549
0.0108247
0.0107962
0.0107662
0.0107469
0.0107224
0.0107015
0.0106708
0.0106441
0.0106143
0.0105861
0.010556
0.0105261
0.0104969
0.0104685
0.0104539
0.0107676
0.0107418
0.0107244
0.0106951
0.0109895
0.010959
0.0109301
0.010914
0.0108851
0.0108646
0.0108494
0.0108199
0.0107945
0.0107669
0.0107383
0.0107094
0.0106996
0.0106713
0.0106428
0.0106145
0.0105866
0.010561
0.0105448
0.0105197
0.0104922
0.0104661
0.0104387
0.0104115
0.0103846
0.0106087
0.0105905
0.0105633
0.0105386
0.0105148
0.0104894
0.0107987
0.0107766
0.0107508
0.0107276
0.0107013
0.010677
0.0106501
0.010625
0.0105984
0.0105732
0.0105481
0.0105219
0.010496
0.010489
0.0104635
0.0104472
0.0104306
0.0104063
0.0103814
0.0103729
0.0103504
0.010326
0.0103012
0.0102775
0.0102612
0.0102436
0.0102316
0.0102127
0.0101909
0.0101721
0.0101479
0.0101345
0.0101111
0.0100927
0.010069
0.0100453
0.0100219
0.0100004
0.00997795
0.00995475
0.00993264
0.0099226
0.00990036
0.00987861
0.00985743
0.00983951
0.0098182
0.00979627
0.00977929
0.00975721
0.00973634
0.00971577
0.00969704
0.00967538
0.00966012
0.00963859
0.00961892
0.00959752
0.00958583
0.0095702
0.00955968
0.00953897
0.00951857
0.00950119
0.00948042
0.00945964
0.00944096
0.00942096
0.0094025
0.00938258
0.00936291
0.00934265
0.00932487
0.00930689
0.00928698
0.00926731
0.009248
0.00922837
0.00921478
0.00921279
0.00919523
0.00918241
0.0091729
0.00915647
0.00914151
0.0091265
0.00911032
0.00909831
0.0090833
0.00907046
0.00905333
0.00903504
0.00901635
0.00899913
0.00898364
0.00897013
0.008953
0.00893696
0.0089209
0.00890318
0.00888985
0.00887778
0.00885984
0.00884589
0.00883086
0.00881311
0.00879668
0.00878096
0.0087695
0.00875207
0.00873704
0.00872528
0.00870815
0.00869117
0.00867402
0.00865709
0.00864246
0.00863154
0.00862945
0.00861909
0.00860359
0.00858767
0.00857109
0.0085588
0.00854247
0.00852591
0.00851212
0.00849953
0.00848344
0.00849445
0.00847998
0.00846376
0.00844759
0.00843198
0.00841647
0.00840372
0.00838781
0.00841695
0.00840137
0.00840285
0.00838705
0.00840917
0.00839341
0.00837814
0.00836251
0.00836545
0.00835193
0.00833646
0.00832101
0.00830563
0.00829877
0.00828382
0.0082686
0.00826667
0.00825206
0.00824359
0.00822989
0.00821535
0.00820171
0.00818681
0.00817252
0.00816705
0.00815237
0.00814024
0.0081308
0.00812174
0.00811692
0.00811752
0.00812018
0.00810665
0.00809604
0.00808166
0.00807173
0.00806093
0.00804721
0.00803865
0.00802502
0.00801527
0.00800308
0.00799077
0.00798176
0.00796926
0.00798322
0.00797085
0.00795888
0.00795623
0.00794789
0.00793532
0.00792363
0.00791045
0.00789683
0.0078834
0.00786995
0.00785695
0.00784523
0.00784497
0.00784969
0.00784029
0.00782935
0.0078161
0.00780607
0.00779724
0.00779044
0.00777788
0.00777057
0.00775767
0.00774561
0.00774052
0.00772815
0.00771629
0.00770377
0.00769629
0.00777775
0.00776706
0.00775453
0.00774311
0.00773041
0.00772429
0.00771162
0.007699
0.00768841
0.00767981
0.00766731
0.00775765
0.00774961
0.00774011
0.00773595
0.00773025
0.0077193
0.00770691
0.00770802
0.0076958
0.00768349
0.00767539
0.00766312
0.00765209
0.00765217
0.00764605
0.00763391
0.00762186
0.00761266
0.00760181
0.00758986
0.00773313
0.00772413
0.00771363
0.00770419
0.0076934
0.00768476
0.00767508
0.00766642
0.00765596
0.00764406
0.00763725
0.00762621
0.00761451
0.00760882
0.00759806
0.00758844
0.00757833
0.00756835
0.00755867
0.0075477
0.00753629
0.00756388
0.0075527
0.00754259
0.00754238
0.00753102
0.00751962
0.00750845
0.00750496
0.0074941
0.00748282
0.00747377
0.00746452
0.00745391
0.00744339
0.00743276
0.00742463
0.00741561
0.00740493
0.00739422
0.00740101
0.00739913
0.00738818
0.00737736
0.0073702
0.00736198
0.00735168
0.00734312
0.0073326
0.00732703
0.00732357
0.00731289
0.00730391
0.00729359
0.00728317
0.00727586
0.00732298
0.00731488
0.00730557
0.00729798
0.0072897
0.00727939
0.00726895
0.00725988
0.00724982
0.00723966
0.0072296
0.00723404
0.0072241
0.00721385
0.00721221
0.00720384
0.00719651
0.0071868
0.00717915
0.00718711
0.007177
0.00717172
0.00716261
0.00715886
0.00714934
0.00714468
0.00713578
0.0071263
0.00711774
0.0071087
0.00710617
0.00709925
0.00709259
0.00708308
0.00707408
0.0070644
0.00705805
0.00704838
0.00711837
0.00710866
0.00709942
0.00709348
0.0070865
0.00707687
0.00707031
0.00706088
0.0070515
0.00704195
0.00703292
0.00703124
0.00702372
0.00701528
0.00700586
0.00699728
0.0069883
0.00697922
0.00697018
0.00696086
0.0069517
0.00694336
0.00693495
0.00692812
0.00692098
0.00691238
0.00690341
0.00690272
0.00689383
0.00688529
0.00687736
0.00687825
0.00687015
0.00686433
0.00685544
0.0068467
0.00683776
0.00682944
0.00682148
0.00681431
0.00681126
0.00680294
0.00679503
0.00678638
0.00678121
0.00677254
0.00676804
0.00676077
0.00675325
0.00674458
0.00673594
0.00672734
0.00671991
0.00671139
0.00670355
0.00669534
0.00669066
0.00668214
0.00667384
0.0066659
0.00665815
0.00665097
0.00664264
0.00664312
0.00663505
0.00662777
0.00662305
0.00661981
0.00661167
0.00660352
0.00680022
0.00679417
0.00678569
0.00677801
0.00677032
0.00682403
0.00682192
0.00681379
0.00680542
0.00680001
0.00679161
0.00678417
0.00677854
0.00677589
0.00677757
0.00676956
0.00676329
0.00675631
0.00674804
0.00674099
0.00673587
0.00672784
0.00672198
0.00671801
0.00671328
0.00670516
0.00669731
0.00668965
0.00668224
0.00668027
0.00667226
0.0066645
0.0066581
0.00665334
0.00664612
0.00664104
0.00663319
0.00662631
0.00661983
0.00661192
0.00660805
0.00660026
0.00659248
0.00658465
0.00657683
0.00657036
0.00656528
0.00655906
0.00655132
0.00654837
0.00654238
0.00653627
0.00653005
0.0065225
0.0065175
0.00651107
0.00650355
0.00649867
0.0064911
0.00648721
0.00648085
0.00647381
0.00646794
0.0064612
0.00645446
0.00644698
0.00644014
0.00643507
0.00644579
0.00643877
0.00643282
0.00642854
0.00642116
0.00642495
0.00641985
0.00641251
0.0064083
0.00640099
0.00639542
0.00639325
0.0063875
0.00638178
0.00637459
0.00636794
0.0063631
0.00635642
0.00634952
0.0063425
0.00633959
0.00633392
0.00632714
0.00632133
0.00631634
0.00630928
0.00630221
0.00629525
0.00629516
0.00632781
0.0063213
0.00631477
0.00630789
0.00630396
0.00629739
0.00629048
0.00628365
0.00627741
0.00627047
0.0062637
0.00626107
0.00626019
0.00625341
0.00624654
0.00624387
0.00623708
0.00623028
0.00622346
0.00621676
0.00621283
0.00620626
0.00619962
0.00619472
0.0061888
0.00618214
0.00617888
0.0061727
0.0061666
0.00616611
0.00616357
0.00615702
0.00615083
0.00614492
0.00613871
0.00613245
0.00612601
0.00612106
0.00611522
0.00610912
0.00610788
0.00610172
0.0060961
0.00609033
0.00608434
0.00608078
0.00607498
0.00622115
0.00621469
0.00620811
0.00620157
0.00619844
0.00619189
0.00618642
0.0061867
0.00618285
0.00617646
0.00617483
0.00616854
0.00616319
0.00615702
0.00615204
0.00614691
0.00614071
0.006136
0.0061375
0.0061324
0.00612607
0.00612013
0.00611402
0.00610828
0.00610431
0.00609801
0.00609178
0.00609509
0.00608927
0.006083
0.00607704
0.00607089
0.00619572
0.00619043
0.00618437
0.00617875
0.00618591
0.0061799
0.00617409
0.00616806
0.00616228
0.0061575
0.0061532
0.00614788
0.00614171
0.00613709
0.00613088
0.0061247
0.00611867
0.00611249
0.00610663
0.00610065
0.00609462
0.00608849
0.00608478
0.00608669
0.00608118
0.00607572
0.00606982
