0
0.868403
1.24961
1.02821
0.822572
0.698422
0.657742
0.657935
0.616781
0.559511
0.513084
0.555196
0.533831
0.51092
0.478276
0.454774
0.429359
0.40825
0.398001
0.378725
0.360732
0.350552
0.339472
0.328685
0.322616
0.32074
0.309296
0.300171
0.289828
0.281841
0.27371
0.274408
0.271181
0.263266
0.262465
0.255308
0.248412
0.242156
0.245264
0.25956
0.271883
0.271898
0.26564
0.26234
0.259818
0.255549
0.250132
0.248268
0.250078
0.247574
0.243008
0.238647
0.236412
0.236268
0.247453
0.24364
0.240073
0.237327
0.239129
0.236813
0.233489
0.231155
0.227824
0.225134
0.222664
0.2194
0.216367
0.214245
0.211356
0.208429
0.20559
0.204042
0.201472
0.199729
0.197085
0.195529
0.193184
0.191497
0.1893
0.188656
0.18669
0.185634
0.185247
0.183151
0.18111
0.179953
0.177885
0.176274
0.17441
0.173334
0.172757
0.171024
0.169588
0.16779
0.174852
0.17305
0.172514
0.171155
0.170859
0.169393
0.168255
0.167707
0.166302
0.164832
0.166908
0.165339
0.164312
0.165285
0.164348
0.163023
0.161561
0.160157
0.158805
0.1621
0.161683
0.161508
0.160487
0.159365
0.158462
0.157326
0.156066
0.155251
0.154443
0.153367
0.152158
0.150951
0.151376
0.150991
0.150158
0.149356
0.1484
0.14765
0.146539
0.148216
0.147174
0.146286
0.145411
0.153704
0.152633
0.152114
0.151878
0.15081
0.15009
0.149794
0.149813
0.14894
0.148386
0.147504
0.146893
0.145917
0.145858
0.145168
0.144382
0.144047
0.143118
0.142851
0.147957
0.147217
0.150015
0.149087
0.149154
0.148729
0.14792
0.147701
0.146871
0.146845
0.146964
0.146944
0.146332
0.145713
0.145223
0.144381
0.143665
0.143018
0.142239
0.148
0.147729
0.146909
0.147414
0.146595
0.145788
0.145059
0.144943
0.14461
0.14403
0.143389
0.143388
0.142904
0.142167
0.141482
0.140967
0.140337
0.140565
0.140167
0.15158
0.150994
0.150272
0.149518
0.14913
0.148519
0.147863
0.147181
0.147976
0.147256
0.146883
0.14619
0.145865
0.145298
0.144635
0.143946
0.14338
0.142951
0.142321
0.141854
0.141591
0.141037
0.140397
0.139757
0.139418
0.138896
0.13829
0.138334
0.137806
0.137487
0.137022
0.13651
0.135969
0.135435
0.134846
0.134342
0.133896
0.133319
0.132854
0.132754
0.132282
0.131721
0.131222
0.13465
0.13409
0.133901
0.133365
0.133114
0.132788
0.132244
0.131901
0.131368
0.131174
0.131276
0.130843
0.130514
0.130029
0.129527
0.129041
0.128678
0.128174
0.128056
0.127561
0.12744
0.127023
0.12687
0.126391
0.125927
0.125544
0.125116
0.124848
0.124576
0.124114
0.123673
0.123301
0.122867
0.122546
0.122162
0.122949
0.122596
0.122274
0.121877
0.122395
0.122367
0.121963
0.121733
0.121414
0.120989
0.121985
0.121666
0.121241
0.120837
0.120804
0.120513
0.120097
0.119684
0.119358
0.119028
0.118669
0.118326
0.117953
0.117556
0.117189
0.116804
0.116417
0.116069
0.115782
0.115403
0.115042
0.114665
0.114359
0.114545
0.114172
0.11432
0.114095
0.113781
0.114809
0.114723
0.114398
0.114128
0.11398
0.115365
0.115007
0.114991
0.114634
0.114453
0.114112
0.114003
0.113679
0.113337
0.11309
0.112827
0.112644
0.114067
0.113798
0.113473
0.113212
0.112879
0.112564
0.112297
0.111962
0.111688
0.111359
0.111036
0.111139
0.111147
0.111128
0.110854
0.110587
0.110296
0.109976
0.109699
0.109395
0.109095
0.110036
0.109729
0.109441
0.109202
0.108987
0.108686
0.108388
0.108085
0.107885
0.107624
0.107327
0.107029
0.106734
0.107859
0.107617
0.107324
0.107125
0.106853
0.106719
0.106432
0.106187
0.106121
0.105963
0.105754
0.105528
0.105293
0.105023
0.104751
0.104474
0.104373
0.10421
0.103961
0.104002
0.103796
0.103668
0.103403
0.103396
0.103185
0.103748
0.10349
0.103293
0.10316
0.103028
0.102799
0.102539
0.102288
0.102064
0.101807
0.101557
0.101303
0.101053
0.100839
0.100648
0.100398
0.100174
0.100249
0.100902
0.100805
0.100743
0.100602
0.100586
0.100341
0.100147
0.100078
0.0998378
0.0996682
0.0994335
0.0994077
0.0991854
0.0989714
0.0991317
0.098921
0.0987041
0.0984844
0.0982813
0.0981295
0.097905
0.0977638
0.0975363
0.0973476
0.0971592
0.0969486
0.0967641
0.0965894
0.0964687
0.0963706
0.0962183
0.0960086
0.0957948
0.0955844
0.0954819
0.0952734
0.0951105
0.0948959
0.0946909
0.0945016
0.094361
0.0941936
0.0939972
0.09387
0.0936942
0.0941808
0.0940148
0.0938124
0.0936411
0.0934454
0.0933724
0.0932507
0.093048
0.0928494
0.0926481
0.0925334
0.0923329
0.092174
0.0919768
0.0920593
0.0918613
0.0916847
0.0915492
0.0914535
0.0913057
0.0915779
0.0913916
0.0912339
0.0911388
0.0910546
0.0908698
0.0907781
0.0907528
0.0906295
0.0905091
0.0903548
0.0902477
0.0907381
0.0906405
0.090497
0.0903166
0.0901492
0.0900446
0.0899305
0.0897476
0.0895663
0.0894138
0.0893055
0.0891654
0.0889851
0.0888651
0.0887071
0.0885575
0.0884579
0.0883096
0.0881547
0.0879792
0.0878071
0.0884906
0.0883162
0.0882258
0.0880944
0.0879691
0.0878105
0.0876612
0.0876394
0.0875106
0.0873502
0.0871939
0.0870692
0.0869036
0.0869309
0.0867706
0.0866237
0.0864689
0.0863325
0.0862055
0.0862274
0.0860626
0.0861085
0.086109
0.0859574
0.0858161
0.085654
0.0855201
0.0853642
0.0852716
0.0851236
0.0850581
0.0849597
0.0848117
0.0846853
0.084528
0.0843949
0.0843098
0.0841832
0.0840784
0.0839402
0.0838327
0.084075
0.0840639
0.0839404
0.083788
0.0836545
0.0835953
0.0834854
0.0833386
0.0833279
0.0832304
0.083092
0.0829655
0.0828457
0.0826972
0.0825547
0.0824123
0.0827871
0.0827056
0.082901
0.0828913
0.0827563
0.0826205
0.0825115
0.0823876
0.0823775
0.0822487
0.0821075
0.0819785
0.0819088
0.0817832
0.081661
0.0815637
0.0814503
0.0816483
0.0815279
0.0814319
0.0812962
0.0811569
0.0810198
0.0809159
0.080828
0.0806932
0.0806034
0.0804935
0.0803572
0.0803902
0.0803198
0.0806638
0.0805314
0.0804371
0.0808388
0.0812057
0.0811422
0.0810136
0.0808927
0.0807756
0.0812226
0.0812464
0.0811126
0.0810003
0.0808853
0.080793
0.0806624
0.0805598
0.0804568
0.0805395
0.0804289
0.080607
0.0804754
0.0803904
0.080381
0.0805405
0.0805937
0.0805326
0.0805907
0.0804606
0.0803531
0.0802259
0.0801271
0.0800571
0.0800303
0.0800406
0.0799136
0.0799262
0.0798056
0.0796788
0.0795821
0.0795434
0.0794564
0.0793367
0.0792116
0.0791771
0.079073
0.0789494
0.078863
0.078747
0.0786439
0.0785255
0.078437
0.0788029
0.0787672
0.0786512
0.0787332
0.0786384
0.0785282
0.0784153
0.0782977
0.0781784
0.0780797
0.0779639
0.0778762
0.077772
0.0776644
0.0775696
0.0774536
0.0773819
0.0772682
0.0771608
0.0770605
0.0769692
0.0770242
0.0769201
0.0769375
0.0768368
0.0767813
0.0770112
0.0769072
0.0768249
0.0767144
0.0766219
0.0765338
0.0764289
0.0763841
0.076321
0.0762099
0.0761522
0.0760609
0.0759794
0.0758737
0.0757634
0.0756573
0.0755544
0.0756054
0.0756195
0.0755282
0.0754331
0.0753296
0.0752221
0.0752637
0.0751647
0.0750811
0.0749739
0.074897
0.0748254
0.0747709
0.0746651
0.0745634
0.074574
0.0744925
0.0744557
0.0743911
0.0743654
0.0742814
0.074219
0.0741848
0.074096
0.074031
0.0739603
0.0738828
0.0738067
0.0737034
0.0736198
0.0735182
0.0734264
0.0733331
0.0732363
0.0732542
0.0731527
0.073068
0.0729791
0.0728896
0.0727895
0.0728299
0.0727736
0.0727372
0.0728656
0.0727659
0.0726814
0.0725977
0.0725495
0.0724507
0.0723522
0.0722891
0.0721942
0.0720969
0.072144
0.0721416
0.0720474
0.0719511
0.0719314
0.0718347
0.0717864
0.071695
0.0716428
0.0715471
0.0714959
0.0714242
0.0713415
0.0713472
0.0712596
0.071212
0.0711182
0.0710385
0.0709593
0.0708902
0.070802
0.0707214
0.0706316
0.0705389
0.070537
0.0704635
0.0704509
0.0704228
0.0703316
0.0702404
0.0701806
0.0700895
0.0701381
0.0700584
0.0699839
0.0699029
0.0698129
0.0697329
0.0696565
0.0695867
0.0694998
0.0694544
0.0693917
0.0693249
0.0692712
0.0693098
0.0692216
0.069145
0.069079
0.0689965
0.0689135
0.0688342
0.0687583
0.0687876
0.0687535
0.0686669
0.0685986
0.0685151
0.0684345
0.0691299
0.0690623
0.068984
0.0689006
0.0688151
0.0687704
0.0686968
0.0686119
0.0685332
0.0684519
0.0683678
0.0684078
0.0683507
0.0683077
0.0684846
0.0684038
0.0683582
0.0682744
0.0681911
0.0681468
0.0680854
0.0682232
0.0681492
0.0681722
0.0681777
0.0681453
0.0680643
0.068041
0.0679592
0.0679099
0.0678659
0.067787
0.0677185
0.068019
0.0679506
0.0680422
0.0679819
0.0679328
0.0678619
0.0679091
0.0678383
0.0677721
0.0677309
0.0676631
0.0675899
0.0675945
0.0675176
0.0674384
0.0673788
0.0672994
0.0672527
0.0671758
0.0671022
0.0670351
0.0669944
0.0669238
0.0669063
0.0668283
0.0667705
0.0667103
0.066636
0.0665613
0.0664858
0.0665893
0.0665165
0.066469
0.0664359
0.0665226
0.0664803
0.0664036
0.0664532
0.0664295
0.0664981
0.0664225
0.066368
0.0667118
0.0666671
0.0665979
0.0665231
0.0664616
0.0664253
0.0663827
0.0663343
0.0662842
0.0662225
0.0661763
0.0661068
0.0660486
0.0659966
0.0659263
0.0658652
0.0657942
0.0657336
0.0656777
0.0657105
0.065639
0.065566
0.0655006
0.0654538
0.0654239
0.065354
0.0652822
0.0653331
0.0652841
0.0652177
0.0652378
0.0651673
0.0650962
0.0650249
0.064964
0.0649493
0.0648811
0.0648774
0.0648432
0.0647756
0.0647176
0.0650177
0.0649508
0.0649041
0.0648476
0.0647969
0.0647691
0.0647142
0.064696
0.0646259
0.0646107
0.0645423
0.0644818
0.0644315
0.0643632
0.0642964
0.0642323
0.0641704
0.0642165
0.064179
0.0641521
0.0640907
0.0640287
0.0639791
0.0641644
0.0641203
0.0640592
0.0640342
0.0640672
0.0640074
0.0639729
0.0639065
0.0638442
0.0638535
0.0638014
0.0637429
0.0637078
0.0636575
0.0636377
0.0637805
0.0637173
0.063659
0.0636749
0.0636089
0.0635629
0.0634978
0.063516
0.0634757
0.0634141
0.063359
0.0633232
0.0632596
0.0631944
0.0632267
0.0631686
0.0631492
0.0631048
0.063045
0.0629817
0.0629391
0.0628838
0.0628321
0.0627678
0.0627229
0.0626858
0.0626309
0.0626198
0.0625625
0.0624992
0.0624754
0.0624158
0.0623595
0.0623005
0.0622904
0.0622478
0.0621984
0.0621472
0.0621125
0.0621524
0.0621314
0.0620745
0.0620605
0.0620109
0.061949
0.061887
0.0618251
0.0618424
0.0617947
