6.24927
7.47738
6.12109
5.63273
5.63155
5.48493
5.19062
5.53146
5.73928
5.66539
5.59477
5.28663
5.44217
5.31372
5.3518
5.27334
5.23845
5.18982
5.28631
5.26399
5.25841
5.32568
5.2715
5.22363
5.29222
5.37536
5.35865
5.32412
5.32198
5.29079
5.2675
5.33928
5.39238
5.38664
5.32676
5.33515
5.33362
5.3218
5.25396
5.35618
5.45638
5.39662
5.39066
5.35242
5.31063
5.28382
5.28702
5.24596
5.3048
5.26936
5.28133
5.269
5.23603
5.19108
5.27802
5.29534
5.27676
5.25086
5.19795
5.16964
5.15338
5.17928
5.1918
5.21172
5.19054
5.19755
5.18726
5.2087
5.19909
5.19284
5.19918
5.17597
5.18556
5.16566
5.16842
5.18866
5.17994
5.16245
5.17176
5.14617
5.15788
5.13651
5.11023
5.10388
5.09741
5.07885
5.07946
5.06737
5.06095
5.07831
5.05682
5.04976
5.03801
5.03654
5.09169
5.08905
5.06824
5.08002
5.05783
5.04873
5.0352
5.01591
5.00725
5.00071
5.03557
5.03419
5.02109
5.04983
5.03599
5.02853
5.02999
5.02647
5.02188
5.06075
5.04279
5.06268
5.07346
5.0647
5.0765
5.08414
5.08055
5.0926
5.08072
5.08795
5.08558
5.0852
5.10733
5.12289
5.11278
5.12308
5.11566
5.10512
5.10503
5.13366
5.12959
5.12202
5.11452
5.16749
5.1642
5.17742
5.1614
5.16056
5.15051
5.13552
5.15331
5.16007
5.17179
5.17776
5.16717
5.16808
5.18438
5.19325
5.20013
5.18693
5.18671
5.17305
5.21494
5.22257
5.2559
5.25421
5.27144
5.25926
5.26479
5.25056
5.24617
5.26209
5.27923
5.29511
5.28642
5.27799
5.26771
5.26844
5.2743
5.28147
5.27816
5.32189
5.30894
5.31068
5.33046
5.33057
5.33146
5.32687
5.31284
5.30135
5.30899
5.3028
5.31763
5.32658
5.32425
5.32848
5.32047
5.32588
5.30948
5.29989
5.35946
5.35192
5.34825
5.34948
5.3599
5.35356
5.3486
5.34474
5.36595
5.36723
5.35714
5.35473
5.34416
5.35041
5.34735
5.34759
5.34181
5.33339
5.32995
5.32244
5.33305
5.33843
5.33679
5.33791
5.32877
5.33436
5.33188
5.31828
5.31324
5.32228
5.31593
5.31085
5.30679
5.31089
5.31177
5.30706
5.30103
5.30132
5.29597
5.30713
5.3121
5.31232
5.30849
5.34105
5.34192
5.35188
5.35417
5.34521
5.33753
5.33739
5.33018
5.33108
5.32165
5.33454
5.33949
5.33235
5.33536
5.33345
5.33084
5.32471
5.3249
5.31499
5.3159
5.32567
5.33002
5.32077
5.31942
5.32156
5.31666
5.31321
5.30605
5.31306
5.31411
5.31177
5.31644
5.31409
5.30837
5.30436
5.32177
5.31691
5.3114
5.31475
5.33007
5.32001
5.3171
5.32418
5.31891
5.31772
5.33633
5.33112
5.33045
5.32827
5.31857
5.313
5.31266
5.312
5.31651
5.31218
5.31555
5.31934
5.32192
5.32145
5.31883
5.31748
5.3165
5.31344
5.30865
5.30763
5.30976
5.31027
5.31428
5.30294
5.30294
5.31383
5.30805
5.31155
5.32942
5.32137
5.31824
5.31362
5.32062
5.34064
5.33953
5.3306
5.33147
5.32508
5.32322
5.31572
5.31319
5.31177
5.31658
5.31223
5.31827
5.3383
5.34252
5.34465
5.34033
5.3416
5.33928
5.33528
5.33517
5.3388
5.33798
5.33684
5.32704
5.33567
5.3274
5.32403
5.32756
5.32497
5.32478
5.32178
5.32341
5.3252
5.34178
5.34046
5.33818
5.33419
5.32967
5.32845
5.32977
5.32906
5.33377
5.33672
5.33742
5.33776
5.3383
5.35576
5.35921
5.3584
5.35388
5.3518
5.34599
5.34521
5.34825
5.34139
5.33617
5.34017
5.34365
5.34047
5.34194
5.34317
5.34365
5.3497
5.35455
5.35685
5.34877
5.34504
5.35049
5.34953
5.34216
5.33876
5.35187
5.35322
5.35702
5.35179
5.357
5.35966
5.36005
5.35862
5.36127
5.36178
5.36064
5.36097
5.36006
5.36286
5.36635
5.36666
5.36892
5.36088
5.37435
5.36883
5.37496
5.37959
5.3728
5.373
5.36981
5.3639
5.36453
5.36831
5.36726
5.37378
5.37556
5.37341
5.38228
5.38004
5.37815
5.37647
5.37889
5.37493
5.37381
5.36964
5.3691
5.36634
5.36907
5.3708
5.368
5.36491
5.36046
5.35557
5.35191
5.35337
5.35444
5.35318
5.34848
5.34721
5.34403
5.34437
5.34305
5.34518
5.34149
5.33861
5.33696
5.33302
5.33552
5.34695
5.34411
5.34513
5.34254
5.34113
5.33615
5.33221
5.33273
5.33181
5.33138
5.32737
5.32716
5.32441
5.32382
5.33102
5.33098
5.32904
5.3257
5.32997
5.32703
5.33628
5.33505
5.33249
5.32826
5.3327
5.33383
5.32958
5.33505
5.33158
5.32805
5.33054
5.32672
5.3378
5.33375
5.33093
5.33199
5.33017
5.33398
5.33042
5.32999
5.3294
5.32709
5.33071
5.32801
5.3278
5.33106
5.333
5.33526
5.33154
5.33381
5.33185
5.33213
5.33139
5.3437
5.34416
5.3403
5.33754
5.33462
5.33302
5.331
5.32587
5.32313
5.32177
5.32333
5.32053
5.32131
5.32714
5.32598
5.32409
5.32264
5.32037
5.32295
5.32864
5.32863
5.33465
5.33998
5.34142
5.33949
5.33919
5.337
5.33603
5.33944
5.338
5.342
5.33878
5.33743
5.3351
5.33484
5.33686
5.33338
5.33115
5.32823
5.32654
5.32373
5.33189
5.3368
5.33453
5.33411
5.33592
5.33197
5.33462
5.33372
5.32889
5.32591
5.32451
5.32255
5.32476
5.32493
5.3259
5.32497
5.33426
5.33757
5.3451
5.34033
5.33891
5.34024
5.33777
5.33965
5.33494
5.33656
5.33586
5.33742
5.33394
5.33225
5.33407
5.33677
5.33892
5.34636
5.34821
5.35091
5.35003
5.34971
5.35033
5.34795
5.34508
5.34434
5.34156
5.33946
5.33913
5.34435
5.3411
5.34989
5.3491
5.34651
5.35582
5.36485
5.36141
5.36251
5.36404
5.36234
5.37205
5.36697
5.36653
5.36843
5.37019
5.37278
5.37344
5.37123
5.36905
5.37493
5.37307
5.38014
5.38024
5.38297
5.38739
5.38056
5.37511
5.37176
5.36625
5.36612
5.36801
5.36861
5.37081
5.37388
5.36985
5.37456
5.3742
5.36946
5.36843
5.36849
5.36631
5.37004
5.37253
5.37158
5.37146
5.36768
5.36588
5.36561
5.36318
5.36209
5.36032
5.35949
5.35719
5.36595
5.36226
5.36324
5.36891
5.37096
5.36963
5.36851
5.36782
5.36743
5.36925
5.37002
5.37223
5.37375
5.37505
5.37696
5.37642
5.37376
5.37302
5.37181
5.37022
5.36826
5.3734
5.37474
5.37021
5.37172
5.36869
5.37598
5.37468
5.37691
5.37613
5.37432
5.37234
5.3712
5.36797
5.36521
5.36473
5.36761
5.36583
5.36369
5.36276
5.36242
5.36327
5.36221
5.35727
5.36161
5.36328
5.3618
5.36273
5.36224
5.367
5.36579
5.36386
5.36421
5.36636
5.36405
5.36686
5.36645
5.36731
5.37149
5.36957
5.36636
5.36389
5.36044
5.36222
5.36474
5.3615
5.35997
5.35755
5.35533
5.3573
5.35529
5.35542
5.35373
5.35331
5.35206
5.3509
5.35178
5.34759
5.34748
5.34592
5.34459
5.34588
5.34563
5.35016
5.34763
5.34459
5.35035
5.35048
5.35196
5.35045
5.35317
5.35316
5.35304
5.35529
5.35597
5.35569
5.36025
5.35655
5.35723
5.35757
5.3609
5.36085
5.36348
5.36432
5.36181
5.3619
5.36442
5.36258
5.36125
5.36504
5.36605
5.36864
5.36836
5.36979
5.36834
5.36648
5.36734
5.36601
5.36666
5.36665
5.36308
5.36145
5.3581
5.3551
5.35538
5.35563
5.35352
5.35348
5.34905
5.3478
5.3463
5.34515
5.34533
5.34651
5.34515
5.34349
5.34291
5.34538
5.34347
5.34521
5.34302
5.34721
5.34707
5.34581
5.34407
5.34491
5.34413
5.34517
5.34641
5.35041
5.3531
5.3531
5.35152
5.35092
5.35178
5.36215
5.36376
5.36481
5.36419
5.36442
5.36679
5.36551
5.36528
5.36433
5.36363
5.36334
5.36747
5.3694
5.37178
5.37776
5.37845
5.38074
5.3808
5.38104
5.37873
5.377
5.38249
5.38137
5.38518
5.38865
5.38603
5.38554
5.38838
5.38867
5.38655
5.38428
5.38492
5.38358
5.39078
5.39213
5.39699
5.39869
5.39659
5.39778
5.40195
5.40077
5.39936
5.40168
5.40299
5.40201
5.39862
5.39796
5.39764
5.39928
5.3994
5.3973
5.39674
5.3976
5.39634
5.39408
5.39305
5.3902
5.39039
5.38874
5.3872
5.38653
5.38715
5.38664
5.39154
5.39077
5.38879
5.38637
5.39104
5.39318
5.39315
5.38905
5.3917
5.39609
5.3964
5.39471
5.40219
5.40424
5.40327
5.40367
5.40229
5.40001
5.4021
5.4002
5.40203
5.40337
5.40532
5.40616
5.40764
5.40936
5.4101
5.40878
5.40942
5.40809
5.40656
5.40282
5.40333
5.40357
5.40459
5.40273
5.40036
5.39973
5.3994
5.40342
5.40167
5.40256
5.39909
5.39863
5.39897
5.39869
5.39988
5.4026
5.40325
5.40621
5.40402
5.40334
5.40464
5.41158
5.41231
5.41054
5.40918
5.40757
5.40521
5.4038
5.4012
5.40132
5.40398
5.40354
5.40244
5.40086
5.40047
5.3999
5.40071
5.40167
5.40551
5.4035
5.40119
5.40215
5.40307
5.40151
5.40721
5.40544
5.4064
5.40405
5.40765
5.40868
5.40661
5.4062
5.40702
5.40388
5.40248
5.40355
5.40152
5.40006
5.39761
5.40278
5.40346
5.40242
5.40566
5.4054
5.40379
5.40419
5.40747
5.40928
5.40854
5.40971
5.40776
5.40724
5.40704
5.41055
5.41151
5.41392
5.4123
5.41149
5.41104
5.40936
5.40828
5.407
5.40686
5.40842
5.41026
5.41134
5.40877
5.40968
5.40945
5.41168
5.41239
5.41145
5.41218
5.41475
5.41635
5.41505
5.41625
5.41812
5.42169
5.42397
5.42313
5.42559
5.42433
5.42454
5.4244
5.42453
5.4214
5.42272
