-0.0891858
0.000991994
0.0287375
-0.00623112
0.00872147
-0.0361407
-0.0798038
-0.108953
-0.107704
-0.124508
-0.114438
-0.127089
-0.132027
-0.140928
-0.14732
-0.144391
-0.130267
-0.136096
-0.134329
-0.141121
-0.144869
-0.143994
-0.155229
-0.152383
-0.154298
-0.137007
-0.139505
-0.136701
-0.140207
-0.13914
-0.137101
-0.13603
-0.13646
-0.145517
-0.149004
-0.150112
-0.149643
-0.151339
-0.151059
-0.152695
-0.156761
-0.159278
-0.16145
-0.155507
-0.159294
-0.158135
-0.1504
-0.150451
-0.152404
-0.152877
-0.154107
-0.155541
-0.155628
-0.154568
-0.144956
-0.148078
-0.149502
-0.150784
-0.151174
-0.152348
-0.154354
-0.15736
-0.150215
-0.144575
-0.146198
-0.148101
-0.148205
-0.146306
-0.145598
-0.143612
-0.145283
-0.146966
-0.148422
-0.148734
-0.150382
-0.152208
-0.152878
-0.153753
-0.150062
-0.148955
-0.150532
-0.149586
-0.149242
-0.145254
-0.14621
-0.145694
-0.147104
-0.14764
-0.146385
-0.147209
-0.147414
-0.149338
-0.149547
-0.150058
-0.150773
-0.150608
-0.150267
-0.150075
-0.147958
-0.146723
-0.146386
-0.146977
-0.147012
-0.148948
-0.148799
-0.149514
-0.149498
-0.149838
-0.149598
-0.148599
-0.148098
-0.148159
-0.149408
-0.150589
-0.148967
-0.146158
-0.143874
-0.143725
-0.14468
-0.142075
-0.140854
-0.141055
-0.140494
-0.13595
-0.135432
-0.133959
-0.133143
-0.13362
-0.135019
-0.134984
-0.134248
-0.134627
-0.134586
-0.135844
-0.137308
-0.138661
-0.138516
-0.138556
-0.139156
-0.13948
-0.139719
-0.137131
-0.136764
-0.136475
-0.136837
-0.137358
-0.138403
-0.137545
-0.138262
-0.12903
-0.128614
-0.12952
-0.130633
-0.131215
-0.129552
-0.1298
-0.128489
-0.127729
-0.128399
-0.130017
-0.130795
-0.130898
-0.129634
-0.128122
-0.12893
-0.129435
-0.129431
-0.124988
-0.125932
-0.127115
-0.12752
-0.127878
-0.127414
-0.127518
-0.12763
-0.127363
-0.127593
-0.12779
-0.127755
-0.127925
-0.128414
-0.128055
-0.128487
-0.128455
-0.129364
-0.126563
-0.127404
-0.127727
-0.127375
-0.128042
-0.127717
-0.128681
-0.128931
-0.129604
-0.130579
-0.131488
-0.130141
-0.13112
-0.131232
-0.132231
-0.131977
-0.132183
-0.132293
-0.132912
-0.133416
-0.131358
-0.130917
-0.131426
-0.132098
-0.131064
-0.131479
-0.131323
-0.1311
-0.132029
-0.127245
-0.12669
-0.1275
-0.127847
-0.129112
-0.129365
-0.129221
-0.129433
-0.129708
-0.130752
-0.130812
-0.131159
-0.130904
-0.130829
-0.130664
-0.131122
-0.131689
-0.131645
-0.132542
-0.132297
-0.131134
-0.130472
-0.130891
-0.130912
-0.131157
-0.13203
-0.132155
-0.131622
-0.131398
-0.131959
-0.131814
-0.132281
-0.132604
-0.133121
-0.131589
-0.13183
-0.132215
-0.132311
-0.132693
-0.132551
-0.132266
-0.132563
-0.132328
-0.13239
-0.132449
-0.1329
-0.132864
-0.133565
-0.133853
-0.134167
-0.134644
-0.133731
-0.133886
-0.134117
-0.132686
-0.132648
-0.13305
-0.132779
-0.133035
-0.133404
-0.13404
-0.13459
-0.134527
-0.1343
-0.134421
-0.134775
-0.13533
-0.135053
-0.13505
-0.133452
-0.130374
-0.13098
-0.131113
-0.131303
-0.131404
-0.12968
-0.127415
-0.127339
-0.128049
-0.127525
-0.127126
-0.127104
-0.127085
-0.126779
-0.126769
-0.127122
-0.12715
-0.127783
-0.127629
-0.128304
-0.128829
-0.129048
-0.129431
-0.128848
-0.129624
-0.130486
-0.130594
-0.1311
-0.131064
-0.131194
-0.131112
-0.130481
-0.130181
-0.130412
-0.130634
-0.130899
-0.131371
-0.131715
-0.131744
-0.127923
-0.127616
-0.128064
-0.128467
-0.128797
-0.127927
-0.12801
-0.127712
-0.127966
-0.128145
-0.128727
-0.129232
-0.129162
-0.129134
-0.129079
-0.129303
-0.130013
-0.130204
-0.130464
-0.130645
-0.131154
-0.131529
-0.131995
-0.13193
-0.132222
-0.132337
-0.132553
-0.132526
-0.132553
-0.132666
-0.132832
-0.133391
-0.130691
-0.130997
-0.130479
-0.130593
-0.12794
-0.127941
-0.128116
-0.128669
-0.128823
-0.129272
-0.12871
-0.12869
-0.128986
-0.12917
-0.129059
-0.129044
-0.129682
-0.129774
-0.12978
-0.129731
-0.129656
-0.129887
-0.12939
-0.129633
-0.129693
-0.129865
-0.129864
-0.129824
-0.129757
-0.127459
-0.127903
-0.127954
-0.128187
-0.127925
-0.128106
-0.125429
-0.125774
-0.125959
-0.125661
-0.125796
-0.126036
-0.126045
-0.126234
-0.126257
-0.126422
-0.126259
-0.12623
-0.126156
-0.126788
-0.126876
-0.127321
-0.127757
-0.127921
-0.128022
-0.127431
-0.127672
-0.127549
-0.127603
-0.127444
-0.127861
-0.128242
-0.127734
-0.12807
-0.128301
-0.128633
-0.128605
-0.129069
-0.128963
-0.129294
-0.129317
-0.129316
-0.129365
-0.129562
-0.12969
-0.129696
-0.129836
-0.129329
-0.129445
-0.12959
-0.129764
-0.12946
-0.129614
-0.129712
-0.130035
-0.130089
-0.130245
-0.130414
-0.130663
-0.130722
-0.131076
-0.131126
-0.131317
-0.13128
-0.130849
-0.131179
-0.131632
-0.131723
-0.131835
-0.132096
-0.132142
-0.132152
-0.132347
-0.132455
-0.132653
-0.132751
-0.132638
-0.13264
-0.132852
-0.132653
-0.132696
-0.132766
-0.132866
-0.132915
-0.13325
-0.13268
-0.132487
-0.132837
-0.132411
-0.132179
-0.132461
-0.132737
-0.132969
-0.132611
-0.13288
-0.133213
-0.133389
-0.133295
-0.133313
-0.133472
-0.133237
-0.133536
-0.133688
-0.133891
-0.13409
-0.133997
-0.133704
-0.134031
-0.133995
-0.13426
-0.134484
-0.134453
-0.134605
-0.13479
-0.135118
-0.135161
-0.135367
-0.135681
-0.135744
-0.135672
-0.135707
-0.135647
-0.135441
-0.135116
-0.135623
-0.13596
-0.135806
-0.135683
-0.135736
-0.135461
-0.135531
-0.135536
-0.135751
-0.136007
-0.136076
-0.135394
-0.135571
-0.135588
-0.135604
-0.135511
-0.135607
-0.135841
-0.135815
-0.134945
-0.135019
-0.134479
-0.134461
-0.133663
-0.133643
-0.13373
-0.133751
-0.134308
-0.134494
-0.134464
-0.134478
-0.134501
-0.134876
-0.134799
-0.134824
-0.134355
-0.134451
-0.134782
-0.134632
-0.134543
-0.134691
-0.134704
-0.1348
-0.134409
-0.134445
-0.134651
-0.134359
-0.134058
-0.134457
-0.133961
-0.133432
-0.133558
-0.133308
-0.133288
-0.13302
-0.133258
-0.133352
-0.133654
-0.13356
-0.133295
-0.133469
-0.133636
-0.133918
-0.133766
-0.133099
-0.133255
-0.133429
-0.133007
-0.133302
-0.133439
-0.133261
-0.133173
-0.13317
-0.133215
-0.13325
-0.133337
-0.133501
-0.133955
-0.134488
-0.134737
-0.134544
-0.134561
-0.134785
-0.135046
-0.13536
-0.135267
-0.134968
-0.135014
-0.135134
-0.134785
-0.134877
-0.135003
-0.134934
-0.13522
-0.134012
-0.134196
-0.134265
-0.134411
-0.134382
-0.134062
-0.134048
-0.13403
-0.134206
-0.134453
-0.134432
-0.133172
-0.133439
-0.133221
-0.133581
-0.133906
-0.13406
-0.134029
-0.133573
-0.13352
-0.133495
-0.13375
-0.133737
-0.133873
-0.134307
-0.134002
-0.13402
-0.133988
-0.134197
-0.134062
-0.134034
-0.132491
-0.132713
-0.132872
-0.133075
-0.132934
-0.133163
-0.133352
-0.133577
-0.133427
-0.133436
-0.133714
-0.133603
-0.133641
-0.133337
-0.133214
-0.133392
-0.133547
-0.133388
-0.133217
-0.133121
-0.133165
-0.132396
-0.132469
-0.132323
-0.131911
-0.131948
-0.131934
-0.131989
-0.132333
-0.13225
-0.132239
-0.13242
-0.132592
-0.132685
-0.132588
-0.132673
-0.132883
-0.132709
-0.132781
-0.132847
-0.132334
-0.131968
-0.131973
-0.131936
-0.13217
-0.132367
-0.13228
-0.132098
-0.132158
-0.132433
-0.132759
-0.132751
-0.132908
-0.132975
-0.133026
-0.133244
-0.132326
-0.132518
-0.132653
-0.132861
-0.133042
-0.132991
-0.133008
-0.133148
-0.133077
-0.133132
-0.133068
-0.132606
-0.132678
-0.132701
-0.132349
-0.132512
-0.132716
-0.132798
-0.132988
-0.132478
-0.132464
-0.132727
-0.132845
-0.132544
-0.132629
-0.132905
-0.132781
-0.132864
-0.133003
-0.132893
-0.132569
-0.132774
-0.132986
-0.133052
-0.133156
-0.13319
-0.133409
-0.133384
-0.132321
-0.132348
-0.132433
-0.132202
-0.132005
-0.132028
-0.13182
-0.131872
-0.131928
-0.131913
-0.131998
-0.13233
-0.132497
-0.132376
-0.132396
-0.132506
-0.132582
-0.132647
-0.132713
-0.132727
-0.132771
-0.132886
-0.132995
-0.133177
-0.133347
-0.133437
-0.13349
-0.133148
-0.13309
-0.133178
-0.133304
-0.132933
-0.133047
-0.133257
-0.133218
-0.133275
-0.133295
-0.133203
-0.133317
-0.133164
-0.133446
-0.133531
-0.133419
-0.133466
-0.133688
-0.133725
-0.133485
-0.133626
-0.133753
-0.133769
-0.133749
-0.133724
-0.133851
-0.133884
-0.133984
-0.134053
-0.133826
-0.133817
-0.133868
-0.133783
-0.133686
-0.133556
-0.133522
-0.133178
-0.133113
-0.133233
-0.133452
-0.133193
-0.133241
-0.133197
-0.131539
-0.131722
-0.13171
-0.131606
-0.131707
-0.130788
-0.131083
-0.131151
-0.131185
-0.131388
-0.131403
-0.131289
-0.131096
-0.131375
-0.131743
-0.131677
-0.131844
-0.131978
-0.131989
-0.132117
-0.132322
-0.132372
-0.132195
-0.132433
-0.132648
-0.132625
-0.132686
-0.132608
-0.132511
-0.132797
-0.132768
-0.132707
-0.132854
-0.133062
-0.133164
-0.132967
-0.132928
-0.133047
-0.133185
-0.133181
-0.133412
-0.133446
-0.133415
-0.133429
-0.133435
-0.133567
-0.133756
-0.133899
-0.133887
-0.134138
-0.134288
-0.134143
-0.134282
-0.134242
-0.134056
-0.134182
-0.134219
-0.13403
-0.134047
-0.134266
-0.134141
-0.134222
-0.134075
-0.134175
-0.134077
-0.134074
-0.134163
-0.134339
-0.133855
-0.133928
-0.134066
-0.134266
-0.134275
-0.133897
-0.133726
-0.133714
-0.133914
-0.133929
-0.134078
-0.134334
-0.134474
-0.134614
-0.134587
-0.134673
-0.134847
-0.134765
-0.134826
-0.134782
-0.135014
-0.134878
-0.134811
-0.134682
-0.134845
-0.134864
-0.134872
-0.134907
-0.134611
-0.133903
-0.133987
-0.133906
-0.133949
-0.134146
-0.13422
-0.134188
-0.134145
-0.13424
-0.134237
-0.134282
-0.134514
-0.134239
-0.134201
-0.134191
-0.13442
-0.134391
-0.134369
-0.134375
-0.134412
-0.134601
-0.134652
-0.134691
-0.134843
-0.134943
-0.134915
-0.134708
-0.134628
-0.134713
-0.134989
-0.135215
-0.135251
-0.135325
-0.135419
-0.13549
-0.135426
-0.135469
-0.135327
-0.135421
-0.135495
-0.135241
-0.135174
-0.135279
-0.135184
-0.135262
-0.13545
-0.13554
-0.13417
-0.134129
-0.134126
-0.134147
-0.133941
-0.133936
-0.133822
-0.134112
-0.134294
-0.134331
-0.134576
-0.134624
-0.134742
-0.134683
-0.134817
-0.134691
-0.13464
-0.134495
-0.134184
-0.13431
-0.134285
-0.134357
-0.13441
-0.134324
-0.134154
-0.134143
-0.134113
-0.133771
-0.133847
-0.133843
-0.133903
-0.133937
-0.132669
-0.132784
-0.132844
-0.132937
-0.132529
-0.132591
-0.132513
-0.132456
-0.132535
-0.132399
-0.132554
-0.132448
-0.132421
-0.132281
-0.132278
-0.132262
-0.132305
-0.132301
-0.132241
-0.132287
-0.132323
-0.132326
-0.132497
-0.132185
-0.132269
-0.132357
-0.132404
