         37.1154        0.402788               0             0.1
         9.41915        0.057611               0             0.2
         4.05887       0.0232864               0             0.3
          2.1691       0.0130908               0             0.4
         1.21997       0.0089326               0             0.5
        0.697012      0.00689065               0             0.6
        0.317069      0.00582003               0             0.7
       0.0938081      0.00498714               0             0.8
       -0.059232      0.00481578               0             0.9
       -0.121842      0.00575405               0               1
       -0.116857      0.00796771               0             1.1
        0.020879       0.0125563               0             1.2
        0.237873       0.0189109               0             1.3
        0.634215       0.0295175               0             1.4
         1.15533       0.0392738               0             1.5
         1.89486       0.0551968               0             1.6
         2.78175       0.0723364               0             1.7
         4.00469       0.0895567               0             1.8
         5.16611        0.114391               0             1.9
         7.38177        0.150191               0               2
         9.43937        0.207361               0             2.1
         11.4027        0.220894               0             2.2
         14.8386        0.290799               0             2.3
         18.1425        0.347177               0             2.4
         21.1841        0.386941               0             2.5
         25.7931        0.496578               0             2.6
         31.2479        0.604766               0             2.7
         36.6209        0.688506               0             2.8
         43.0411        0.847391               0             2.9
         51.2211         1.04129               0               3
         30.6389        0.140663             0.1             0.1
         8.66461       0.0424708             0.1             0.2
         3.91143       0.0204934             0.1             0.3
         2.10137       0.0118156             0.1             0.4
         1.20376      0.00869064             0.1             0.5
        0.675021      0.00637328             0.1             0.6
        0.311887      0.00557625             0.1             0.7
        0.087146      0.00480468             0.1             0.8
      -0.0669982      0.00490362             0.1             0.9
       -0.118184      0.00610519             0.1               1
       -0.109707      0.00762229             0.1             1.1
       0.0222232       0.0125591             0.1             1.2
        0.274966       0.0196239             0.1             1.3
        0.635118       0.0287337             0.1             1.4
         1.15113       0.0398739             0.1             1.5
         1.90266       0.0523536             0.1             1.6
         2.99735       0.0784623             0.1             1.7
         3.92618       0.0889199             0.1             1.8
         5.42527        0.125169             0.1             1.9
         7.18301        0.154088             0.1               2
         9.31491        0.177956             0.1             2.1
         11.7703        0.234178             0.1             2.2
         14.7442        0.283687             0.1             2.3
         17.7956        0.311436             0.1             2.4
         21.0849        0.411511             0.1             2.5
         25.3774         0.48481             0.1             2.6
         30.5087        0.542391             0.1             2.7
         35.9924         0.64845             0.1             2.8
         42.5563        0.724635             0.1             2.9
         48.9921        0.928832             0.1               3
         35.6311        0.254333             0.2             0.1
         7.57905       0.0252443             0.2             0.2
         3.54447       0.0123781             0.2             0.3
         1.94478      0.00979993             0.2             0.4
         1.12457      0.00737975             0.2             0.5
        0.618223       0.0060424             0.2             0.6
        0.292043      0.00535876             0.2             0.7
       0.0738834       0.0050104             0.2             0.8
       -0.072516      0.00470752             0.2             0.9
       -0.117154      0.00622535             0.2               1
      -0.0877067      0.00905217             0.2             1.1
       0.0399553       0.0135402             0.2             1.2
        0.332047        0.026514             0.2             1.3
        0.679205       0.0285207             0.2             1.4
         1.22337       0.0404424             0.2             1.5
         1.92132       0.0543135             0.2             1.6
         2.88738       0.0756067             0.2             1.7
         4.16597       0.0917215             0.2             1.8
         5.35105         0.11564             0.2             1.9
         7.18153        0.143314             0.2               2
         8.98748        0.183854             0.2             2.1
         11.7395         0.22836             0.2             2.2
         14.6548        0.267065             0.2             2.3
         17.9222        0.313939             0.2             2.4
         22.6912        0.453185             0.2             2.5
         26.4568        0.523621             0.2             2.6
         30.6706        0.534543             0.2             2.7
         36.3716         0.66185             0.2             2.8
         43.9161        0.868289             0.2             2.9
         49.2609        0.900189             0.2               3
         37.4699        0.311498             0.3             0.1
         7.74746        0.041342             0.3             0.2
         3.18341      0.00971242             0.3             0.3
         1.72327      0.00719465             0.3             0.4
          1.0106      0.00641766             0.3             0.5
        0.538855      0.00596107             0.3             0.6
        0.235623      0.00517454             0.3             0.7
       0.0413222      0.00464226             0.3             0.8
      -0.0789044      0.00484551             0.3             0.9
      -0.0957832      0.00791836             0.3               1
      -0.0433075       0.0114459             0.3             1.1
       0.0968056        0.015347             0.3             1.2
        0.376677       0.0211456             0.3             1.3
        0.759938       0.0293152             0.3             1.4
         1.32315        0.039218             0.3             1.5
          2.1346       0.0627788             0.3             1.6
         2.98957       0.0740905             0.3             1.7
          4.1051       0.0899789             0.3             1.8
         5.66037        0.124309             0.3             1.9
         7.63034        0.151791             0.3               2
         9.64508        0.189264             0.3             2.1
         12.0593        0.248872             0.3             2.2
         15.0943         0.31224             0.3             2.3
         18.4117        0.351967             0.3             2.4
         21.7065        0.371052             0.3             2.5
         26.2667        0.467415             0.3             2.6
         31.4828        0.567409             0.3             2.7
         37.8411        0.712954             0.3             2.8
         43.3134        0.843913             0.3             2.9
         50.7493        0.977441             0.3               3
         37.1097        0.230463             0.4             0.1
         8.45921       0.0479337             0.4             0.2
         3.06133       0.0130638             0.4             0.3
         1.51737      0.00580532             0.4             0.4
         0.84528      0.00514431             0.4             0.5
        0.441586      0.00512133             0.4             0.6
        0.186619      0.00458884             0.4             0.7
       0.0168972      0.00463882             0.4             0.8
      -0.0811321       0.0050057             0.4             0.9
      -0.0872118      0.00729037             0.4               1
     -0.00153912       0.0117313             0.4             1.1
        0.167591       0.0157439             0.4             1.2
        0.423369       0.0223945             0.4             1.3
        0.892439       0.0367315             0.4             1.4
         1.55915       0.0464042             0.4             1.5
         2.27906       0.0604318             0.4             1.6
         3.45989       0.0921296             0.4             1.7
         4.37692       0.0924754             0.4             1.8
         6.08593        0.127193             0.4             1.9
          7.6722        0.151421             0.4               2
         10.1125        0.196516             0.4             2.1
         12.3163        0.241271             0.4             2.2
         15.9189        0.298488             0.4             2.3
         18.9176         0.36938             0.4             2.4
         23.0117        0.422969             0.4             2.5
         28.2606        0.518724             0.4             2.6
         32.2304        0.602958             0.4             2.7
         38.1123        0.725497             0.4             2.8
         44.5757        0.810377             0.4             2.9
         52.0814        0.968058             0.4               3
         36.8901        0.239662             0.5             0.1
         8.70098       0.0421799             0.5             0.2
         3.14953        0.016796             0.5             0.3
         1.36293      0.00614506             0.5             0.4
        0.695264      0.00407464             0.5             0.5
        0.336536       0.0041135             0.5             0.6
        0.118213      0.00413519             0.5             0.7
      -0.0146239      0.00454022             0.5             0.8
      -0.0729798      0.00598744             0.5             0.9
      -0.0556806       0.0085248             0.5               1
       0.0749297       0.0126671             0.5             1.1
        0.277172       0.0191248             0.5             1.2
        0.599494       0.0273546             0.5             1.3
         1.10261       0.0365189             0.5             1.4
         1.73233       0.0489071             0.5             1.5
         2.57909       0.0719251             0.5             1.6
         3.38242        0.079537             0.5             1.7
         4.91486        0.115073             0.5             1.8
         6.45259        0.131532             0.5             1.9
         8.11504        0.167831             0.5               2
         10.7081        0.216982             0.5             2.1
         12.8908        0.258788             0.5             2.2
         16.2733        0.319903             0.5             2.3
         20.0095        0.392469             0.5             2.4
         23.0008        0.393391             0.5             2.5
         28.0341        0.510867             0.5             2.6
         33.8642        0.630621             0.5             2.7
         38.0526        0.698207             0.5             2.8
         46.8837        0.950525             0.5             2.9
         55.0812         1.15073             0.5               3
         36.6106        0.226902             0.6             0.1
          8.5347       0.0435636             0.6             0.2
         3.20794       0.0163873             0.6             0.3
         1.29421      0.00713614             0.6             0.4
        0.550771      0.00355389             0.6             0.5
        0.223087       0.0030205             0.6             0.6
       0.0491117      0.00371106             0.6             0.7
      -0.0510748      0.00470361             0.6             0.8
       -0.056415      0.00772371             0.6             0.9
      0.00283473      0.00967344             0.6               1
        0.193189       0.0156167             0.6             1.1
        0.427781       0.0215921             0.6             1.2
        0.818945       0.0304603             0.6             1.3
          1.3319       0.0381659             0.6             1.4
         1.97531       0.0501817             0.6             1.5
         2.95518       0.0694391             0.6             1.6
         4.13943       0.0898431             0.6             1.7
         5.40624        0.119063             0.6             1.8
          7.0252         0.14408             0.6             1.9
         9.09669        0.190975             0.6               2
         10.9442        0.213313             0.6             2.1
         14.1254        0.292089             0.6             2.2
         17.3343        0.354923             0.6             2.3
         20.6801        0.379034             0.6             2.4
         24.3698        0.428044             0.6             2.5
         29.6539        0.541648             0.6             2.6
         34.4031        0.622766             0.6             2.7
         40.2591        0.731692             0.6             2.8
         47.7044        0.927879             0.6             2.9
         54.7364         1.01648             0.6               3
         36.5718        0.232107             0.7             0.1
         8.39128       0.0417704             0.7             0.2
           3.143       0.0149611             0.7             0.3
         1.24287      0.00721369             0.7             0.4
        0.453476      0.00306214             0.7             0.5
        0.133223      0.00246609             0.7             0.6
     0.000735103      0.00344738             0.7             0.7
       -0.042917      0.00566009             0.7             0.8
      0.00192816      0.00840669             0.7             0.9
        0.136345       0.0125464             0.7               1
         0.37358       0.0194067             0.7             1.1
         0.66067       0.0262037             0.7             1.2
         1.18431       0.0409432             0.7             1.3
         1.76079        0.054771             0.7             1.4
          2.3851       0.0628583             0.7             1.5
         3.22473        0.068679             0.7             1.6
         4.69095        0.102459             0.7             1.7
         5.78418        0.121158             0.7             1.8
         7.59784        0.152342             0.7             1.9
         9.52188        0.175047             0.7               2
         12.0691          0.2472             0.7             2.1
         14.7506        0.287948             0.7             2.2
         17.8046        0.328594             0.7             2.3
         20.8423        0.398601             0.7             2.4
         26.1874        0.524615             0.7             2.5
         30.0413        0.554005             0.7             2.6
         35.2399        0.682639             0.7             2.7
         41.6204        0.806731             0.7             2.8
         48.0961        0.929154             0.7             2.9
         55.2972         1.02431             0.7               3
         36.1505        0.246554             0.8             0.1
         8.28067       0.0400762             0.8             0.2
         3.02961        0.015077             0.8             0.3
         1.17442      0.00690072             0.8             0.4
        0.393091       0.0027793             0.8             0.5
       0.0854687      0.00253954             0.8             0.6
       0.0009954      0.00503132             0.8             0.7
      0.00715328      0.00723888             0.8             0.8
        0.145962       0.0116073             0.8             0.9
        0.295766       0.0156503             0.8               1
        0.578937       0.0235758             0.8             1.1
        0.984835       0.0325683             0.8             1.2
         1.49193       0.0425126             0.8             1.3
         2.16101       0.0496261             0.8             1.4
         2.92114       0.0665059             0.8             1.5
         3.89587       0.0830121             0.8             1.6
         5.19459        0.116135             0.8             1.7
         6.39136        0.121926             0.8             1.8
         8.45916        0.167692             0.8             1.9
         10.5163         0.21786             0.8               2
         13.0946        0.254712             0.8             2.1
         15.7488        0.303569             0.8             2.2
         19.6389        0.385111             0.8             2.3
         22.4389        0.384588             0.8             2.4
         26.8165         0.47077             0.8             2.5
         31.9956        0.577563             0.8             2.6
         38.0337        0.691276             0.8             2.7
         43.5357         0.77886             0.8             2.8
         49.6232        0.891014             0.8             2.9
         58.5526         1.10307             0.8               3
         36.3232        0.215538             0.9             0.1
         8.09304       0.0410209             0.9             0.2
         2.91125       0.0136187             0.9             0.3
         1.13542      0.00581666             0.9             0.4
         0.37766      0.00239937             0.9             0.5
       0.0985014      0.00335205             0.9             0.6
         0.04341      0.00630644             0.9             0.7
        0.115874      0.00923956             0.9             0.8
        0.286924       0.0145609             0.9             0.9
        0.546609       0.0187314             0.9               1
        0.885712       0.0274817             0.9             1.1
         1.33037         0.03772             0.9             1.2
         1.97803       0.0527858             0.9             1.3
         2.63271       0.0604549             0.9             1.4
         3.55116       0.0768025             0.9             1.5
         4.53054       0.0962476             0.9             1.6
         6.08467         0.11973             0.9             1.7
         7.65058        0.144737             0.9             1.8
         9.32527        0.169493             0.9             1.9
         11.8851         0.22335             0.9               2
          13.741        0.247643             0.9             2.1
         17.5572        0.334586             0.9             2.2
         20.4557        0.365587             0.9             2.3
         24.9895         0.46058             0.9             2.4
          29.049        0.567525             0.9             2.5
          34.592        0.665546             0.9             2.6
         38.8693        0.694784             0.9             2.7
         45.9833        0.945053             0.9             2.8
         50.8654        0.916478             0.9             2.9
          58.816         1.02047             0.9               3
         36.2607        0.228926               1             0.1
         7.95597       0.0387475               1             0.2
         2.84259       0.0135941               1             0.3
         1.12269      0.00503463               1             0.4
        0.422996      0.00246926               1             0.5
        0.176951      0.00472156               1             0.6
        0.184758      0.00829822               1             0.7
        0.324441        0.012589               1             0.8
        0.587617       0.0178415               1             0.9
        0.930268       0.0255272               1               1
         1.35858        0.034029               1             1.1
          1.8672       0.0414909               1             1.2
         2.50243       0.0561551               1             1.3
         3.31715       0.0664017               1             1.4
         4.39286       0.0823631               1             1.5
         5.38576       0.0992739               1             1.6
         7.05432        0.134264               1             1.7
         8.69793        0.158309               1             1.8
         10.7255        0.198936               1             1.9
         12.5348        0.217478               1               2
         15.4461         0.27159               1             2.1
         18.6349        0.329905               1             2.2
         22.2459        0.390529               1             2.3
         25.0704        0.426994               1             2.4
         30.9383        0.599775               1             2.5
         36.0292        0.774596               1             2.6
         40.5713        0.718714               1             2.7
         47.9919        0.906365               1             2.8
         56.2084         1.06889               1             2.9
         65.9337         1.25399               1               3
         36.3599        0.211493             1.1             0.1
         7.89879       0.0415193             1.1             0.2
         2.81829       0.0125315             1.1             0.3
         1.17283       0.0040899             1.1             0.4
        0.544341      0.00334654             1.1             0.5
        0.363143      0.00656335             1.1             0.6
        0.425788       0.0108866             1.1             0.7
        0.669705       0.0164452             1.1             0.8
         1.00394       0.0222688             1.1             0.9
         1.37126        0.029999             1.1               1
         1.87309       0.0391672             1.1             1.1
         2.47479       0.0496107             1.1             1.2
         3.26464       0.0641378             1.1             1.3
          4.1472       0.0775166             1.1             1.4
         5.32071       0.0999178             1.1             1.5
         6.37345        0.118806             1.1             1.6
          7.8888        0.145416             1.1             1.7
         9.96926        0.184605             1.1             1.8
         12.5328        0.231923             1.1             1.9
         14.4386        0.242976             1.1               2
         17.2216        0.310575             1.1             2.1
         20.0396        0.371416             1.1             2.2
         23.8637        0.457169             1.1             2.3
         28.6417        0.538351             1.1             2.4
         32.8988         0.52137             1.1             2.5
         39.4165         0.75237             1.1             2.6
         45.6574        0.818203             1.1             2.7
         51.1198        0.828032             1.1             2.8
         57.1398         1.03986             1.1             2.9
         66.1683          1.2896             1.1               3
         36.5479        0.224066             1.2             0.1
         7.99896       0.0372854             1.2             0.2
         2.92813       0.0121504             1.2             0.3
         1.32862      0.00404312             1.2             0.4
        0.771219      0.00582474             1.2             0.5
        0.671768      0.00958481             1.2             0.6
        0.812994       0.0145793             1.2             0.7
         1.13899       0.0195221             1.2             0.8
         1.57521       0.0277887             1.2             0.9
         2.08804        0.034926             1.2               1
         2.64169       0.0451984             1.2             1.1
         3.46012       0.0639453             1.2             1.2
         4.25993       0.0726506             1.2             1.3
         5.14479       0.0858535             1.2             1.4
           6.597        0.114772             1.2             1.5
         8.02376         0.13528             1.2             1.6
         9.71637        0.169481             1.2             1.7
         11.3291        0.217162             1.2             1.8
         13.4925        0.229252             1.2             1.9
         15.9585        0.269561             1.2               2
         19.0761        0.335683             1.2             2.1
         22.8539        0.401278             1.2             2.2
         26.8405        0.503751             1.2             2.3
         31.7006        0.625151             1.2             2.4
         36.3052        0.636641             1.2             2.5
         40.0335        0.665448             1.2             2.6
         45.7246        0.740945             1.2             2.7
           55.71          1.0504             1.2             2.8
         61.4583         1.14234             1.2             2.9
         69.6298         1.33401             1.2               3
         36.4736         0.21623             1.3             0.1
          8.1583       0.0392334             1.3             0.2
         3.16887       0.0117581             1.3             0.3
         1.59921       0.0052782             1.3             0.4
         1.10579       0.0082813             1.3             0.5
         1.13654       0.0131777             1.3             0.6
         1.35402       0.0177505             1.3             0.7
         1.77954       0.0240629             1.3             0.8
         2.30453       0.0330044             1.3             0.9
          3.0266       0.0437848             1.3               1
         3.58526       0.0539129             1.3             1.1
         4.50336       0.0710214             1.3             1.2
         5.52584       0.0826233             1.3             1.3
         6.66423        0.109355             1.3             1.4
         7.92969        0.132791             1.3             1.5
         9.31277        0.147127             1.3             1.6
         11.1777        0.181478             1.3             1.7
         12.9943        0.203813             1.3             1.8
         16.0685        0.269825             1.3             1.9
          18.417         0.30414             1.3               2
          21.732        0.393239             1.3             2.1
         25.9206        0.481223             1.3             2.2
         29.1955        0.521624             1.3             2.3
         34.2159        0.601996             1.3             2.4
         38.8725        0.644268             1.3             2.5
          42.563        0.709625             1.3             2.6
         51.6446        0.909876             1.3             2.7
         57.0673        0.957306             1.3             2.8
         65.1094         1.21699             1.3             2.9
         74.8182         1.47701             1.3               3
          36.709        0.229482             1.4             0.1
         8.47932       0.0398055             1.4             0.2
         3.51577       0.0122142             1.4             0.3
          2.0445      0.00851403             1.4             0.4
         1.63162       0.0115654             1.4             0.5
         1.73441       0.0174804             1.4             0.6
         2.06409       0.0221016             1.4             0.7
         2.55822       0.0294395             1.4             0.8
         3.22719       0.0391276             1.4             0.9
         4.02936       0.0508517             1.4               1
         4.84165       0.0671882             1.4             1.1
         5.77246       0.0821768             1.4             1.2
         6.92424       0.0974363             1.4             1.3
         8.22836        0.113004             1.4             1.4
         9.82281        0.142577             1.4             1.5
         11.2124        0.184966             1.4             1.6
         13.0464        0.193742             1.4             1.7
         15.8494        0.237011             1.4             1.8
         17.6958        0.270165             1.4             1.9
         21.3109        0.379681             1.4               2
         23.7346         0.39573             1.4             2.1
         28.3164        0.466652             1.4             2.2
         31.7562        0.545576             1.4             2.3
         37.5424        0.602753             1.4             2.4
         42.4828        0.722529             1.4             2.5
         48.0978        0.803436             1.4             2.6
         53.8584        0.924408             1.4             2.7
         60.9972         1.10077             1.4             2.8
         66.9626         1.09287             1.4             2.9
         78.6452          1.4825             1.4               3
         36.8089        0.225905             1.5             0.1
         8.99727       0.0397758             1.5             0.2
         4.10921       0.0134331             1.5             0.3
         2.68019       0.0119243             1.5             0.4
         2.34848       0.0165639             1.5             0.5
         2.53767       0.0229782             1.5             0.6
         3.01999       0.0282092             1.5             0.7
         3.71576       0.0380436             1.5             0.8
         4.47319       0.0475247             1.5             0.9
          5.3767       0.0607204             1.5               1
         6.42383       0.0789395             1.5             1.1
         7.67015       0.0924488             1.5             1.2
         8.69142        0.108329             1.5             1.3
          10.049        0.131787             1.5             1.4
         11.6876        0.157413             1.5             1.5
         13.5893        0.189149             1.5             1.6
         15.7941        0.232373             1.5             1.7
         17.5963         0.26097             1.5             1.8
         21.3534        0.357959             1.5             1.9
         24.1776         0.37207             1.5               2
         27.4553        0.438833             1.5             2.1
         30.7604         0.50381             1.5             2.2
         35.8595         0.60421             1.5             2.3
         39.6003        0.635095             1.5             2.4
         46.2769        0.779572             1.5             2.5
         51.0747        0.852337             1.5             2.6
         58.3379           1.002             1.5             2.7
          65.388         1.18466             1.5             2.8
         73.7421         1.33931             1.5             2.9
         81.0675         1.40823             1.5               3
         37.6009        0.222358             1.6             0.1
         9.87036       0.0367917             1.6             0.2
         4.91078        0.014957             1.6             0.3
         3.51766       0.0153585             1.6             0.4
         3.32466        0.020963             1.6             0.5
         3.58788       0.0281927             1.6             0.6
         4.22709        0.036236             1.6             0.7
          4.9613       0.0425278             1.6             0.8
          6.1212       0.0574572             1.6             0.9
         7.19482       0.0708095             1.6               1
         8.34776       0.0854675             1.6             1.1
         9.51264        0.110343             1.6             1.2
         10.8069        0.118501             1.6             1.3
         12.7147        0.162984             1.6             1.4
         14.2487        0.182851             1.6             1.5
          15.982        0.232508             1.6             1.6
          18.517        0.265798             1.6             1.7
          21.063        0.295861             1.6             1.8
         24.4442        0.366058             1.6             1.9
         27.0927        0.411631             1.6               2
         31.2279        0.489459             1.6             2.1
          34.954        0.579118             1.6             2.2
         40.3153        0.688913             1.6             2.3
         44.6137        0.700306             1.6             2.4
         50.8068        0.821412             1.6             2.5
          56.651        0.948666             1.6             2.6
          63.952          1.1169             1.6             2.7
         71.0035         1.16993             1.6             2.8
          79.686         1.52444             1.6             2.9
         89.6617         1.55443             1.6               3
          38.787        0.220097             1.7             0.1
         10.8138       0.0390511             1.7             0.2
         5.98032        0.019069             1.7             0.3
          4.6649       0.0206854             1.7             0.4
         4.54279        0.027764             1.7             0.5
         4.97012       0.0343038             1.7             0.6
         5.74218       0.0430808             1.7             0.7
         6.72633       0.0530925             1.7             0.8
         7.80671        0.064359             1.7             0.9
         9.18708       0.0796609             1.7               1
         10.5332       0.0992266             1.7             1.1
         12.1698        0.126936             1.7             1.2
         13.7347        0.152502             1.7             1.3
         15.4038        0.176982             1.7             1.4
         17.0829        0.213177             1.7             1.5
          19.342        0.239173             1.7             1.6
         21.9081        0.288695             1.7             1.7
         24.4474        0.303937             1.7             1.8
         27.7225        0.394857             1.7             1.9
         31.0907        0.448817             1.7               2
         35.8072         0.53473             1.7             2.1
         39.6832        0.626423             1.7             2.2
         44.7376        0.648172             1.7             2.3
         50.5804        0.876238             1.7             2.4
         54.9714        0.934662             1.7             2.5
         60.2678         0.96366             1.7             2.6
         70.6441         1.27049             1.7             2.7
         77.7429         1.39969             1.7             2.8
         84.0598         1.35921             1.7             2.9
         92.8521         1.63164             1.7               3
         39.9133        0.229234             1.8             0.1
         12.1544       0.0391764             1.8             0.2
         7.33789       0.0233311             1.8             0.3
         6.07347       0.0288685             1.8             0.4
         6.02296          0.0331             1.8             0.5
         6.55151       0.0427662             1.8             0.6
         7.34231       0.0509591             1.8             0.7
         8.60658       0.0648074             1.8             0.8
         10.0824       0.0805841             1.8             0.9
          11.626       0.0960618             1.8               1
          13.104        0.120728             1.8             1.1
         14.8302        0.127659             1.8             1.2
         16.4945        0.156241             1.8             1.3
         18.2982        0.186533             1.8             1.4
         20.8662        0.236997             1.8             1.5
          23.658        0.285225             1.8             1.6
         25.9863        0.328735             1.8             1.7
          28.552        0.390449             1.8             1.8
         31.3908        0.417132             1.8             1.9
         35.6881        0.520602             1.8               2
         40.7013        0.584975             1.8             2.1
         43.7972        0.616911             1.8             2.2
         49.6899        0.803636             1.8             2.3
         57.2296        0.944749             1.8             2.4
         60.2939         0.94278             1.8             2.5
         67.3966         1.14145             1.8             2.6
         74.3278         1.25313             1.8             2.7
          78.586         1.23046             1.8             2.8
         92.4618         1.49614             1.8             2.9
         101.987         1.78772             1.8               3
         41.6412        0.237386             1.9             0.1
         13.7726       0.0430655             1.9             0.2
         8.99989       0.0279216             1.9             0.3
         7.90339       0.0339753             1.9             0.4
         7.89543       0.0423926             1.9             0.5
         8.63697       0.0536938             1.9             0.6
         9.74254       0.0669093             1.9             0.7
         10.9662       0.0798863             1.9             0.8
         12.6396       0.0984091             1.9             0.9
         14.0615        0.104577             1.9               1
         16.0612        0.132439             1.9             1.1
         18.2332        0.152353             1.9             1.2
         20.1726        0.186887             1.9             1.3
          22.173        0.220341             1.9             1.4
         24.8203        0.262894             1.9             1.5
         27.1403        0.316157             1.9             1.6
         29.9379        0.356396             1.9             1.7
         33.2822        0.407972             1.9             1.8
         37.0733        0.475648             1.9             1.9
          40.527        0.539228             1.9               2
         45.8157        0.641025             1.9             2.1
          49.746        0.655725             1.9             2.2
         55.3767        0.812844             1.9             2.3
         60.7064        0.916585             1.9             2.4
         65.3765        0.993094             1.9             2.5
         74.0017          1.1757             1.9             2.6
         80.5113         1.23193             1.9             2.7
         88.6871         1.51116             1.9             2.8
         98.5178         1.56798             1.9             2.9
         108.851         1.67675             1.9               3
         43.6266        0.218767               2             0.1
         15.7585       0.0469604               2             0.2
         11.1387       0.0331725               2             0.3
         10.0423       0.0412647               2             0.4
         10.2483        0.055361               2             0.5
         10.9958       0.0652102               2             0.6
         12.1024       0.0780195               2             0.7
         13.7006       0.0944574               2             0.8
         15.2816        0.110315               2             0.9
         17.3587        0.129368               2               1
         19.5535         0.15083               2             1.1
         21.9783        0.173196               2             1.2
         24.0316        0.209795               2             1.3
         26.3156         0.23931               2             1.4
         29.3155        0.293171               2             1.5
         32.0976        0.340038               2             1.6
          34.436        0.378809               2             1.7
         38.5944        0.433654               2             1.8
         41.3946        0.499054               2             1.9
          45.657        0.600637               2               2
         50.8875        0.674245               2             2.1
         55.2493        0.755799               2             2.2
         61.8987        0.899562               2             2.3
         66.4611        0.958567               2             2.4
         75.8815         1.15936               2             2.5
         81.1356         1.27261               2             2.6
         89.4516         1.36743               2             2.7
         98.1332         1.80667               2             2.8
         108.186         1.74619               2             2.9
         119.702         1.96591               2               3
         45.7353        0.241801             2.1             0.1
         18.3325       0.0464295             2.1             0.2
         13.7303       0.0414766             2.1             0.3
         12.7507       0.0534245             2.1             0.4
         12.9779       0.0665003             2.1             0.5
         13.8134       0.0805621             2.1             0.6
         15.2653       0.0973595             2.1             0.7
         16.9717        0.117974             2.1             0.8
         18.7369        0.137029             2.1             0.9
          20.917        0.150021             2.1               1
         23.7648        0.179339             2.1             1.1
         26.5869        0.210508             2.1             1.2
         28.7437        0.233032             2.1             1.3
         32.0266        0.274232             2.1             1.4
           34.18        0.305896             2.1             1.5
          38.353        0.409263             2.1             1.6
         41.7693        0.452842             2.1             1.7
         45.1881        0.525201             2.1             1.8
         47.6778        0.533323             2.1             1.9
         52.8717        0.644966             2.1               2
         57.8242        0.757163             2.1             2.1
         62.9442        0.827348             2.1             2.2
         70.3841          1.1192             2.1             2.3
         74.5688         1.15693             2.1             2.4
         81.7605         1.34378             2.1             2.5
         88.5697         1.35178             2.1             2.6
          98.178         1.47983             2.1             2.7
         106.691         1.65908             2.1             2.8
         116.837         1.86344             2.1             2.9
         129.862         2.15848             2.1               3
         48.8173        0.267523             2.2             0.1
         21.1792       0.0563381             2.2             0.2
         16.6288        0.053108             2.2             0.3
         15.7076       0.0687895             2.2             0.4
         16.0891       0.0878741             2.2             0.5
         17.3086        0.106429             2.2             0.6
         18.8859        0.117662             2.2             0.7
         20.7654        0.137863             2.2             0.8
         23.2338        0.157342             2.2             0.9
         25.7079        0.184896             2.2               1
         28.1038        0.190182             2.2             1.1
         31.2241        0.218668             2.2             1.2
         33.8226        0.261309             2.2             1.3
         37.0045        0.294007             2.2             1.4
         40.4004        0.349094             2.2             1.5
         44.2157        0.417308             2.2             1.6
         47.7599        0.492124             2.2             1.7
         52.2964         0.57426             2.2             1.8
         56.2675        0.654514             2.2             1.9
         60.4811        0.747352             2.2               2
         66.3517        0.864665             2.2             2.1
         72.2621        0.940688             2.2             2.2
         79.0428         1.16411             2.2             2.3
         85.1128          1.1769             2.2             2.4
         89.0717         1.23891             2.2             2.5
         101.287         1.47427             2.2             2.6
         112.943         1.81353             2.2             2.7
         115.992         2.01018             2.2             2.8
         127.917         1.99203             2.2             2.9
         139.327         2.30576             2.2               3
         52.7001        0.294894             2.3             0.1
         24.7599       0.0722811             2.3             0.2
         20.1552       0.0742434             2.3             0.3
         19.5847        0.088417             2.3             0.4
         19.9904        0.113107             2.3             0.5
         21.1991        0.125318             2.3             0.6
         22.8482        0.142712             2.3             0.7
         25.0047        0.167821             2.3             0.8
         27.8078        0.189469             2.3             0.9
         30.4707        0.205617             2.3               1
         33.2602        0.238609             2.3             1.1
         36.7394        0.264266             2.3             1.2
         40.3088        0.285862             2.3             1.3
         43.2014        0.335933             2.3             1.4
         47.2913        0.404088             2.3             1.5
         50.6525         0.44329             2.3             1.6
         55.4107         0.49889             2.3             1.7
         58.6781        0.589508             2.3             1.8
         63.4977        0.669904             2.3             1.9
          69.279        0.768451             2.3               2
          73.617        0.860684             2.3             2.1
         80.0484         1.01943             2.3             2.2
         85.5335         1.08874             2.3             2.3
         94.3751         1.25024             2.3             2.4
         102.327         1.45695             2.3             2.5
         109.023          1.5098             2.3             2.6
         115.627         1.69141             2.3             2.7
         128.204         1.95585             2.3             2.8
         138.396         2.12406             2.3             2.9
         148.068         2.24177             2.3               3
         56.1925        0.325421             2.4             0.1
         28.6773       0.0852935             2.4             0.2
         24.4056       0.0917678             2.4             0.3
         23.9079        0.107627             2.4             0.4
         24.3696        0.126853             2.4             0.5
         25.8233         0.14737             2.4             0.6
         27.4224        0.175685             2.4             0.7
         30.3482        0.196291             2.4             0.8
         32.6752        0.217804             2.4             0.9
         35.8324         0.23651             2.4               1
         39.0891        0.269513             2.4             1.1
         43.0814        0.287722             2.4             1.2
         46.3874        0.319998             2.4             1.3
         50.7201        0.367064             2.4             1.4
         55.1022        0.444443             2.4             1.5
         59.2978        0.510169             2.4             1.6
         63.2059        0.563635             2.4             1.7
         67.8018        0.699012             2.4             1.8
         71.0394         0.69991             2.4             1.9
         79.7422        0.895897             2.4               2
         83.1875         0.94743             2.4             2.1
         92.3353         1.17992             2.4             2.2
         96.8797         1.25354             2.4             2.3
         106.418         1.50198             2.4             2.4
         111.379         1.40466             2.4             2.5
         121.888         1.74001             2.4             2.6
         130.017          1.8794             2.4             2.7
         142.926          2.0966             2.4             2.8
         156.566          2.6112             2.4             2.9
         165.452         2.67028             2.4               3
         60.4819        0.340563             2.5             0.1
         33.4425       0.0926634             2.5             0.2
         29.1383       0.0992528             2.5             0.3
         28.4761        0.124222             2.5             0.4
         29.7728        0.153867             2.5             0.5
         31.2476        0.163775             2.5             0.6
         33.1095        0.188294             2.5             0.7
         35.7871        0.221388             2.5             0.8
          38.312        0.247769             2.5             0.9
         42.1035        0.267515             2.5               1
         46.2538        0.300168             2.5             1.1
         50.2515        0.329419             2.5             1.2
         53.8075        0.355249             2.5             1.3
         58.2692        0.410155             2.5             1.4
         63.1828        0.503237             2.5             1.5
         67.4641        0.537847             2.5             1.6
         71.6063        0.616858             2.5             1.7
         78.4709        0.698786             2.5             1.8
         82.4203        0.810234             2.5             1.9
         87.3021        0.936203             2.5               2
         94.1197         1.02574             2.5             2.1
         101.042         1.18104             2.5             2.2
         108.603          1.2493             2.5             2.3
         116.946         1.63979             2.5             2.4
         122.318         1.54567             2.5             2.5
         133.181         1.86971             2.5             2.6
         143.562         1.99776             2.5             2.7
          148.74         1.97593             2.5             2.8
         165.114         2.45956             2.5             2.9
         174.154         2.51711             2.5               3
         67.1021        0.301414             2.6             0.1
         38.9307        0.105299             2.6             0.2
         34.6521        0.114335             2.6             0.3
         33.9743        0.152179             2.6             0.4
         35.0914        0.164092             2.6             0.5
         36.4929         0.19779             2.6             0.6
          38.965        0.214338             2.6             0.7
         42.1535         0.23857             2.6             0.8
         45.2815        0.261972             2.6             0.9
         48.9032        0.307574             2.6               1
         52.4793        0.327954             2.6             1.1
         57.6963        0.373728             2.6             1.2
         62.8814        0.428194             2.6             1.3
         66.7312        0.466151             2.6             1.4
         71.5218        0.509479             2.6             1.5
         77.3955        0.599792             2.6             1.6
           81.64        0.659577             2.6             1.7
         88.6709        0.794767             2.6             1.8
         93.1824        0.855651             2.6             1.9
          98.952        0.927353             2.6               2
          106.38         1.12423             2.6             2.1
         112.061         1.18094             2.6             2.2
         121.607         1.40641             2.6             2.3
         128.995         1.58077             2.6             2.4
         137.185          1.7405             2.6             2.5
         145.366         1.97333             2.6             2.6
         155.799         2.07731             2.6             2.7
         167.663         2.35454             2.6             2.8
         181.606         2.72269             2.6             2.9
          194.13         2.92797             2.6               3
          72.564        0.312532             2.7             0.1
         45.2202         0.11481             2.7             0.2
          40.966        0.131165             2.7             0.3
         40.5656        0.160141             2.7             0.4
         41.4394        0.184018             2.7             0.5
         43.4455        0.211661             2.7             0.6
         46.1216        0.251783             2.7             0.7
          49.093        0.280497             2.7             0.8
         52.7686        0.300876             2.7             0.9
         56.1229         0.31888             2.7               1
         60.1017        0.366902             2.7             1.1
         66.2038        0.405917             2.7             1.2
         70.0747        0.452522             2.7             1.3
         77.6495        0.504191             2.7             1.4
         81.2957        0.568274             2.7             1.5
         87.4947        0.673968             2.7             1.6
          92.512        0.709121             2.7             1.7
         99.9202        0.840605             2.7             1.8
         104.142        0.927289             2.7             1.9
         114.283         1.08831             2.7               2
         118.557         1.25645             2.7             2.1
         125.177         1.33005             2.7             2.2
         132.061         1.47861             2.7             2.3
         141.681         1.66108             2.7             2.4
          149.07         1.84408             2.7             2.5
         165.914         2.11461             2.7             2.6
         177.981         2.44043             2.7             2.7
         184.779         2.55847             2.7             2.8
         194.002         2.58896             2.7             2.9
         209.991          3.1067             2.7               3
         79.5213        0.331804             2.8             0.1
         52.3395        0.124488             2.8             0.2
         47.8537        0.154303             2.8             0.3
         47.5366        0.175045             2.8             0.4
         48.9792        0.216513             2.8             0.5
         50.7699        0.237826             2.8             0.6
         53.3661         0.27182             2.8             0.7
          56.753        0.298348             2.8             0.8
         60.8924        0.341143             2.8             0.9
         65.2659        0.351488             2.8               1
         70.1481        0.396805             2.8             1.1
         74.8984        0.424651             2.8             1.2
         79.8614        0.481405             2.8             1.3
         87.3383         0.56706             2.8             1.4
         92.6695        0.608095             2.8             1.5
         100.153        0.749342             2.8             1.6
         105.797        0.825445             2.8             1.7
         113.717        0.929442             2.8             1.8
          117.24        0.985955             2.8             1.9
         125.788         1.18764             2.8               2
         135.601         1.34064             2.8             2.1
         141.263          1.4626             2.8             2.2
         151.998         1.60313             2.8             2.3
         162.419          1.8531             2.8             2.4
         169.386         2.08183             2.8             2.5
         182.233         2.20748             2.8             2.6
         186.049         2.38294             2.8             2.7
         203.459         2.78178             2.8             2.8
         214.179         3.00527             2.8             2.9
         225.665         3.24483             2.8               3
         87.4329         0.30386             2.9             0.1
         60.0998        0.137398             2.9             0.2
         55.9435        0.181905             2.9             0.3
         55.4149        0.202588             2.9             0.4
         57.4277        0.240076             2.9             0.5
         59.5263        0.259628             2.9             0.6
         62.4739        0.300558             2.9             0.7
         65.4807         0.33325             2.9             0.8
         70.1241        0.377268             2.9             0.9
         74.4829        0.395152             2.9               1
         80.0826        0.437028             2.9             1.1
         85.4882        0.479276             2.9             1.2
         91.9002        0.530295             2.9             1.3
          98.667        0.627836             2.9             1.4
         103.807        0.639201             2.9             1.5
         111.508        0.750186             2.9             1.6
         120.474        0.860279             2.9             1.7
         125.908         1.03637             2.9             1.8
         136.711         1.11398             2.9             1.9
         142.265         1.31287             2.9               2
         151.731         1.43847             2.9             2.1
         159.376         1.60631             2.9             2.2
         166.816         1.63177             2.9             2.3
         176.611         1.91962             2.9             2.4
         188.266         2.33677             2.9             2.5
         197.683         2.45797             2.9             2.6
         213.109         2.69296             2.9             2.7
         220.115         2.83639             2.9             2.8
          231.53         3.20701             2.9             2.9
         250.902         3.78162             2.9               3
          95.993        0.327809               3             0.1
         68.8873        0.160052               3             0.2
         64.7841        0.193196               3             0.3
         64.9001        0.228511               3             0.4
         66.4244        0.264491               3             0.5
         68.8043        0.294943               3             0.6
         71.9177        0.328338               3             0.7
         76.3157        0.369386               3             0.8
         80.6593        0.395989               3             0.9
         84.9574        0.435172               3               1
         90.8481          0.4879               3             1.1
         97.4052        0.550098               3             1.2
         103.888        0.579821               3             1.3
         110.928        0.659504               3             1.4
         118.214        0.752136               3             1.5
         125.863        0.815273               3             1.6
         133.467        0.929513               3             1.7
         141.964         1.08021               3             1.8
          148.99         1.19258               3             1.9
         157.286         1.32714               3               2
         166.185         1.44961               3             2.1
         174.289         1.59471               3             2.2
         184.873         1.81673               3             2.3
         195.411         2.04465               3             2.4
         203.027         2.25759               3             2.5
         215.832          2.5782               3             2.6
         228.746         2.95929               3             2.7
         241.737         3.07197               3             2.8
         249.479         3.36349               3             2.9
         267.563         3.71868               3               3
         106.774        0.317312             3.1             0.1
         78.9353        0.176395             3.1             0.2
         75.2619        0.218289             3.1             0.3
         74.9577        0.244919             3.1             0.4
         76.7478        0.285764             3.1             0.5
         78.8925        0.335057             3.1             0.6
          82.937        0.359948             3.1             0.7
         86.6533        0.407434             3.1             0.8
         91.6966        0.425485             3.1             0.9
          96.597        0.486289             3.1               1
         102.112        0.547067             3.1             1.1
         108.985        0.573075             3.1             1.2
         117.208        0.686733             3.1             1.3
          125.51        0.726175             3.1             1.4
         132.954         0.79757             3.1             1.5
         140.387        0.894353             3.1             1.6
         148.425        0.993794             3.1             1.7
          159.53         1.16679             3.1             1.8
          167.42         1.23335             3.1             1.9
         177.175         1.49375             3.1               2
          184.51         1.52211             3.1             2.1
         193.944         1.72574             3.1             2.2
         207.416         1.88339             3.1             2.3
         217.088          2.2478             3.1             2.4
          225.14         2.36358             3.1             2.5
         239.415         2.60103             3.1             2.6
         252.859         3.02765             3.1             2.7
          265.74         3.21544             3.1             2.8
         280.301         3.39842             3.1             2.9
         294.938         3.90161             3.1               3
         116.725        0.342453             3.2             0.1
         89.6962         0.20068             3.2             0.2
         86.5345        0.236616             3.2             0.3
         86.6677        0.272024             3.2             0.4
         88.6077        0.324983             3.2             0.5
         91.9631        0.374564             3.2             0.6
         94.2412        0.414292             3.2             0.7
         99.1494        0.447218             3.2             0.8
         104.435        0.476731             3.2             0.9
         109.333        0.517259             3.2               1
         116.274         0.58771             3.2             1.1
         123.743        0.646798             3.2             1.2
         130.223        0.683837             3.2             1.3
         139.866        0.775706             3.2             1.4
         146.654        0.823592             3.2             1.5
         158.126         1.02241             3.2             1.6
         163.308         1.05474             3.2             1.7
          173.75         1.17353             3.2             1.8
         184.324         1.37769             3.2             1.9
         193.753         1.59112             3.2               2
         206.044         1.72759             3.2             2.1
         214.215         1.84307             3.2             2.2
         223.682         2.07299             3.2             2.3
          237.14         2.37118             3.2             2.4
         244.002         2.41554             3.2             2.5
         258.888         2.81427             3.2             2.6
         270.579         2.91228             3.2             2.7
         284.449          3.3068             3.2             2.8
         302.881         3.85716             3.2             2.9
         314.765         3.89036             3.2               3
         128.805        0.350226             3.3             0.1
         102.196         0.21119             3.3             0.2
         97.8962        0.259971             3.3             0.3
         99.0499        0.311336             3.3             0.4
         100.623        0.367577             3.3             0.5
         104.293        0.411467             3.3             0.6
         107.601        0.448083             3.3             0.7
         112.664        0.478031             3.3             0.8
         117.446        0.540772             3.3             0.9
         123.049        0.577413             3.3               1
         130.254        0.642546             3.3             1.1
         138.038        0.711263             3.3             1.2
         145.783        0.707973             3.3             1.3
           155.7        0.808362             3.3             1.4
         164.422         0.90642             3.3             1.5
         173.531         1.03799             3.3             1.6
         182.032         1.18009             3.3             1.7
         195.097         1.33791             3.3             1.8
         205.661         1.49399             3.3             1.9
         214.501         1.58923             3.3               2
         225.018         1.82318             3.3             2.1
         236.174         2.13294             3.3             2.2
         242.769         2.13608             3.3             2.3
         259.238         2.36817             3.3             2.4
         276.064         2.88037             3.3             2.5
          282.26         2.93945             3.3             2.6
         299.175         3.48038             3.3             2.7
         312.855         3.61525             3.3             2.8
         325.897         3.88978             3.3             2.9
         345.938         4.56549             3.3               3
         143.038        0.328902             3.4             0.1
         115.464        0.234121             3.4             0.2
         112.086        0.288132             3.4             0.3
         112.094        0.337957             3.4             0.4
         114.559         0.38717             3.4             0.5
         118.829         0.43866             3.4             0.6
         122.515        0.470171             3.4             0.7
         127.995        0.538058             3.4             0.8
         132.901        0.566779             3.4             0.9
         139.112        0.604746             3.4               1
         146.872        0.719135             3.4             1.1
         152.504        0.765565             3.4             1.2
         162.803        0.832263             3.4             1.3
         172.475        0.894857             3.4             1.4
          182.68          1.0176             3.4             1.5
         192.845         1.13805             3.4             1.6
         206.153         1.21677             3.4             1.7
         215.497         1.42115             3.4             1.8
         224.332         1.58004             3.4             1.9
         235.732         1.66269             3.4               2
         249.841         2.00012             3.4             2.1
         262.543         2.25999             3.4             2.2
          274.17         2.33456             3.4             2.3
         288.051         2.58127             3.4             2.4
          295.98         2.76977             3.4             2.5
         314.278         3.23654             3.4             2.6
         321.277         3.47911             3.4             2.7
         343.151         4.05346             3.4             2.8
         352.114         3.99394             3.4             2.9
         377.181         4.67459             3.4               3
         157.604        0.366029             3.5             0.1
         130.174        0.268974             3.5             0.2
          126.66        0.313398             3.5             0.3
         127.384        0.363218             3.5             0.4
         129.818        0.425506             3.5             0.5
         132.871        0.479442             3.5             0.6
         137.761         0.53246             3.5             0.7
         142.789         0.57233             3.5             0.8
         149.211        0.637558             3.5             0.9
         156.745        0.658858             3.5               1
         163.062        0.737406             3.5             1.1
          170.57        0.812852             3.5             1.2
         182.585        0.903462             3.5             1.3
         191.486        0.977785             3.5             1.4
         202.254         1.10798             3.5             1.5
         212.665         1.19791             3.5             1.6
         224.721         1.38907             3.5             1.7
         237.323          1.4863             3.5             1.8
         249.391         1.74274             3.5             1.9
         262.407         1.83672             3.5               2
         273.929         2.07869             3.5             2.1
         287.188         2.26924             3.5             2.2
         299.142         2.52404             3.5             2.3
         315.412          2.9192             3.5             2.4
         324.934         3.19649             3.5             2.5
         344.122         3.46387             3.5             2.6
         363.669         3.96136             3.5             2.7
         371.197         4.07349             3.5             2.8
         394.521         4.60519             3.5             2.9
         409.866         4.78667             3.5               3
          173.42        0.357191             3.6             0.1
         146.214         0.28297             3.6             0.2
         143.164         0.34554             3.6             0.3
         144.348        0.410415             3.6             0.4
          147.19        0.479823             3.6             0.5
          150.32        0.514769             3.6             0.6
         154.502        0.561563             3.6             0.7
         159.718        0.608712             3.6             0.8
         167.045        0.673673             3.6             0.9
         175.447        0.749803             3.6               1
         183.126        0.790587             3.6             1.1
         190.416        0.873346             3.6             1.2
         201.151        0.952019             3.6             1.3
         212.072         1.07369             3.6             1.4
         224.022          1.2118             3.6             1.5
         234.667         1.29164             3.6             1.6
         243.183         1.40651             3.6             1.7
         261.599         1.56778             3.6             1.8
         271.575         1.66798             3.6             1.9
         288.077         1.96604             3.6               2
         305.273          2.2589             3.6             2.1
         310.251          2.3713             3.6             2.2
         324.738         2.64539             3.6             2.3
         342.084           2.926             3.6             2.4
         357.685         3.33739             3.6             2.5
         377.135         3.48346             3.6             2.6
          394.53         4.25961             3.6             2.7
         405.603         4.42196             3.6             2.8
         419.573         4.65592             3.6             2.9
         450.541         5.35377             3.6               3
         190.776         0.41659             3.7             0.1
         163.698        0.323129             3.7             0.2
          161.14        0.392527             3.7             0.3
         161.586        0.445917             3.7             0.4
         164.962        0.512549             3.7             0.5
         167.863        0.570129             3.7             0.6
         174.204        0.628994             3.7             0.7
         179.555         0.67934             3.7             0.8
         186.045        0.761323             3.7             0.9
         194.106        0.792774             3.7               1
         203.472        0.876819             3.7             1.1
         213.821         1.00918             3.7             1.2
         221.785         1.03072             3.7             1.3
         233.587         1.11501             3.7             1.4
         247.284         1.28414             3.7             1.5
          259.37         1.40613             3.7             1.6
         272.326         1.50634             3.7             1.7
         287.229          1.7226             3.7             1.8
         299.413         1.94202             3.7             1.9
         314.907         2.06652             3.7               2
         329.275         2.50729             3.7             2.1
         343.432         2.56306             3.7             2.2
         360.238         2.86249             3.7             2.3
         374.705         3.15755             3.7             2.4
         388.898         3.35146             3.7             2.5
         408.356         3.93047             3.7             2.6
         431.081         4.56279             3.7             2.7
         436.218         4.67697             3.7             2.8
         468.687         5.16778             3.7             2.9
         473.321         5.13345             3.7               3
         210.664        0.375294             3.8             0.1
         183.806        0.326556             3.8             0.2
         180.562        0.428172             3.8             0.3
         181.614        0.485402             3.8             0.4
         183.858         0.57413             3.8             0.5
         188.655        0.613338             3.8             0.6
         194.879        0.695929             3.8             0.7
         198.715        0.733235             3.8             0.8
         206.928        0.789596             3.8             0.9
         216.899        0.872282             3.8               1
         225.144        0.936017             3.8             1.1
         234.204         1.03576             3.8             1.2
         245.489         1.12552             3.8             1.3
         257.731         1.22195             3.8             1.4
         270.328         1.31975             3.8             1.5
          281.72         1.45929             3.8             1.6
         297.711         1.66543             3.8             1.7
         316.041         1.84108             3.8             1.8
         329.189         2.02142             3.8             1.9
          338.99         2.19577             3.8               2
         361.869          2.5549             3.8             2.1
         376.626         2.94226             3.8             2.2
         390.895          2.9081             3.8             2.3
         408.796         3.37344             3.8             2.4
          423.25         3.61131             3.8             2.5
         440.042          3.8588             3.8             2.6
         454.647         4.18405             3.8             2.7
         485.175         5.11597             3.8             2.8
         502.152          5.3375             3.8             2.9
         520.131         6.06378             3.8               3
         230.754        0.393145             3.9             0.1
         204.695        0.374281             3.9             0.2
         202.247        0.451028             3.9             0.3
         202.947          0.5269             3.9             0.4
          204.89        0.594654             3.9             0.5
         210.068        0.655578             3.9             0.6
         215.588        0.730201             3.9             0.7
         223.923        0.810426             3.9             0.8
         231.768        0.814003             3.9             0.9
         238.413         0.93783             3.9               1
         248.129         1.01023             3.9             1.1
         258.338         1.09064             3.9             1.2
         269.166         1.21138             3.9             1.3
         281.241            1.22             3.9             1.4
          296.51         1.43695             3.9             1.5
         311.682         1.61306             3.9             1.6
         330.955         1.79468             3.9             1.7
         343.017         1.96066             3.9             1.8
         357.151         2.05956             3.9             1.9
         370.439         2.42953             3.9               2
         393.774         2.63551             3.9             2.1
         408.218         2.85281             3.9             2.2
         425.265         3.18023             3.9             2.3
         444.592         3.51793             3.9             2.4
           460.6         3.79836             3.9             2.5
         466.156         3.99515             3.9             2.6
         498.127         4.76863             3.9             2.7
         512.551         4.93647             3.9             2.8
         537.942         5.60098             3.9             2.9
         559.951         6.02779             3.9               3
         254.011        0.396518               4             0.1
         226.481        0.405302               4             0.2
         224.326         0.49648               4             0.3
         226.194         0.57718               4             0.4
         229.785        0.686012               4             0.5
         233.507        0.740665               4             0.6
         240.514         0.78873               4             0.7
         248.069        0.850156               4             0.8
         255.772        0.912597               4             0.9
         264.747        0.972176               4               1
          275.28         1.10058               4             1.1
         285.866         1.20915               4             1.2
          296.98         1.22003               4             1.3
         309.209         1.35352               4             1.4
         325.151         1.49628               4             1.5
         342.363         1.63128               4             1.6
           358.9         1.92412               4             1.7
         375.057           2.144               4             1.8
         395.841         2.33687               4             1.9
         408.058          2.5866               4               2
          424.92         2.70252               4             2.1
         444.344         3.11681               4             2.2
         463.823         3.44039               4             2.3
         482.322         3.88986               4             2.4
         505.861          4.1552               4             2.5
         521.227         4.81039               4             2.6
          541.38         5.20719               4             2.7
         560.346         5.18503               4             2.8
         582.388         5.85765               4             2.9
         606.841         6.82618               4               3
