35.6163
32.7971
30.4361
28.8765
27.6756
26.0771
24.6782
23.279
21.6681
20.3619
19.4677
18.9716
18.66
18.0649
17.3092
16.5616
16.0367
15.3527
14.8226
14.5374
14.4183
14.2559
14.0308
13.8012
13.5799
13.3991
13.3464
13.2195
13.1489
13.1214
13.0527
13.0348
12.9713
12.9758
12.9396
12.85
12.7719
12.5882
12.6191
12.4978
12.5077
12.2553
12.1134
11.9504
11.9588
11.8465
11.7185
11.5126
11.428
11.3058
11.0525
10.9674
10.5042
10.3599
10.0465
9.54551
8.96493
8.41877
8.09113
7.72511
7.51465
7.28494
7.25478
7.15193
7.14514
7.14969
7.17016
7.1714
7.3307
7.51592
7.33101
7.21414
6.89463
6.73715
6.62039
6.56788
6.37815
6.30075
6.2791
6.25684
6.24947
6.25547
6.31898
6.29453
6.34747
6.31895
6.28753
6.2582
6.25225
6.30488
6.31626
6.25342
6.24043
6.24073
6.2403
6.27309
6.30274
6.61746
6.64243
6.85396
6.86364
6.72071
6.53544
6.45046
6.37362
6.33554
6.2605
6.27885
6.29103
6.24844
6.25034
6.27031
6.24903
6.24266
6.25625
6.28986
6.28766
6.29934
6.26005
6.24461
6.25634
6.24627
6.24107
6.26491
6.25236
6.24113
6.26806
6.24508
6.24046
6.24855
6.28595
6.27033
6.28441
6.30925
6.28868
6.25007
6.2403
6.2404
6.24047
6.24763
6.24369
6.26948
6.29634
6.38341
6.2567
6.25523
6.24049
6.25961
6.26917
6.30817
6.26823
6.25356
6.24191
6.2434
6.2403
6.24158
6.24307
6.26931
6.24452
6.24073
6.26166
6.24588
6.25478
6.25424
6.26076
6.24932
6.24274
6.25361
6.25132
6.2438
6.2403
6.26799
6.27496
6.26325
6.24835
6.27869
6.26357
6.28046
6.28986
6.26611
6.24629
6.24548
6.3366
6.28095
6.28395
6.24935
6.24615
6.26998
6.26889
6.2403
6.2403
6.2403
6.24483
6.24565
6.26476
6.30147
6.26967
6.26704
6.2608
6.2517
6.26881
6.2403
6.24068
6.25044
6.24795
6.2403
6.2403
6.24907
6.24425
6.24518
6.24055
6.2457
6.24383
6.25122
6.2403
6.2403
6.2403
6.24037
6.2483
6.27168
6.29657
6.26265
6.27309
6.26892
6.25846
6.25102
6.2406
6.24036
6.2403
6.2403
6.2403
6.24043
6.25774
6.26357
6.25311
6.27928
6.26569
6.2403
6.2403
6.2403
6.24032
6.2437
6.25586
6.25034
6.2403
6.2403
6.25038
6.28357
6.25283
6.24834
6.24312
6.28099
6.2403
6.24056
6.2403
6.24291
6.2403
6.24064
6.24265
6.25778
6.2662
6.2634
6.24042
6.2447
6.253
6.25066
6.29176
6.29297
6.24807
6.25983
6.2403
6.2403
6.2403
6.24032
6.2403
6.2403
6.2403
6.25414
6.25126
6.24337
6.24868
6.2403
6.24821
6.2403
6.2403
6.25331
6.24136
6.26108
6.27598
6.24162
6.24814
6.2403
6.25243
6.33403
6.37753
6.30853
6.29348
6.25004
6.24975
6.24963
6.26304
6.24164
6.29739
6.25677
6.24055
6.24039
6.24723
6.26114
6.27745
6.28386
6.30587
6.312
6.33495
6.26801
6.2403
6.2403
6.24034
6.241
6.24082
6.24596
6.27173
6.28671
6.26885
6.28651
6.31195
6.27503
6.29675
6.26636
6.25031
6.25767
6.26555
6.24594
6.28197
6.26081
6.29281
6.29491
6.25143
6.2445
6.24032
6.24409
6.24091
6.24754
6.24157
6.2403
6.26058
6.24502
6.24406
6.25358
6.24522
6.2403
6.2403
6.2403
6.24648
6.25938
6.2872
6.24033
6.24667
6.24119
6.26832
6.31147
6.27747
6.27962
6.3309
6.2555
6.2403
6.2403
6.2403
6.2403
6.24222
6.25127
6.26306
6.28841
6.25125
6.24442
6.2432
6.2403
6.2403
6.2403
6.2403
6.2539
6.2515
6.24058
6.2403
6.24702
6.26575
6.29788
6.24037
6.2403
6.2403
6.2403
6.2408
6.2403
6.24032
6.24131
6.2713
6.27819
6.3591
6.35705
6.27999
6.27823
6.26209
6.26021
6.29576
6.24998
6.25753
6.2403
6.2403
6.2403
6.24063
6.24594
6.25233
6.29703
6.29548
6.2403
6.25152
6.27758
6.25954
6.26227
6.25423
6.29003
6.3148
6.35589
6.36124
6.30488
6.24832
6.2403
6.24033
6.24719
6.2403
6.24428
6.2403
6.25406
6.2403
6.2403
6.24382
6.29715
6.25524
6.24519
6.27644
6.30656
6.39269
6.26027
6.27416
6.24646
6.2586
6.30419
6.28596
6.26827
6.25957
6.28478
6.28206
6.24841
6.31604
6.28701
6.26048
6.25234
6.27054
6.26915
6.25333
6.27501
6.25124
6.25268
6.24047
6.24892
6.26045
6.33333
6.24788
6.24588
6.241
6.2408
6.24177
6.24379
6.25249
6.24807
6.26558
6.2421
6.2403
6.2403
6.24048
6.25847
6.26996
6.2446
6.26234
6.26975
6.24265
6.2403
6.2403
6.2403
6.2403
6.24033
6.24041
6.24627
6.28476
6.27601
6.2778
6.33425
6.36088
6.32083
6.29309
6.29409
6.26675
6.30356
6.26744
6.25469
6.24045
6.2403
6.24046
6.28554
6.2431
6.26228
6.29006
6.26633
6.25841
6.25031
6.27017
6.26908
6.24903
6.24035
6.24044
6.24703
6.24258
6.28977
6.30745
6.26104
6.26606
6.24045
6.24032
6.2403
6.2403
6.2403
6.25752
6.24131
6.25147
6.24793
6.26209
6.30962
6.25999
6.24282
6.24101
6.24166
6.27611
6.26174
6.26735
6.28736
6.2542
6.25295
6.24052
6.2403
6.24057
6.24328
6.24042
6.25171
6.2447
6.24856
6.25552
6.24095
6.2403
6.24209
6.25726
6.26537
6.2404
6.24657
6.29527
6.24702
6.2403
6.2403
6.26588
6.26223
6.31439
6.32674
6.28645
6.27611
6.24475
6.24103
6.26272
6.29445
6.2815
6.25947
6.2519
6.24152
6.30544
6.27397
6.24174
6.25954
6.2403
6.244
6.24296
6.2403
6.24065
6.271
6.259
6.26991
6.24686
6.24061
6.24047
6.37241
6.34753
6.30212
6.24482
6.25988
6.25104
6.24103
6.26693
6.29607
6.24328
6.28069
6.24291
6.30483
6.33753
6.27094
6.25942
6.24593
6.25575
6.24079
6.2403
6.24274
6.24838
6.25621
6.26003
6.25035
6.25605
6.2803
6.26824
6.24212
6.27538
6.26085
6.2509
6.29036
6.26075
6.25848
6.2403
6.2403
6.24999
6.2403
6.2403
6.24429
6.26203
6.26105
6.24033
6.24582
6.25713
6.24651
6.27741
6.30199
6.25258
6.2403
6.24153
6.25663
6.25941
6.24251
6.24886
6.2403
6.2403
6.24058
6.24605
6.24037
6.24123
6.2403
6.2403
6.2403
6.2403
6.2403
6.2403
6.24601
6.2481
6.24177
6.24135
6.24693
6.27989
6.2403
6.24523
6.24612
6.2943
6.30559
6.27361
6.2403
6.2585
6.26179
6.24315
6.27579
6.26917
6.26119
6.24032
6.2403
6.24032
6.25256
6.26028
6.26977
6.24225
6.24033
6.2403
6.2403
6.24821
6.24041
6.25103
6.2403
6.27753
6.2403
6.24405
6.2403
6.31415
6.28891
6.26313
6.27891
6.27503
6.28648
6.25753
6.24064
6.2405
6.2403
6.2403
6.24055
6.24202
6.26925
6.26049
6.3119
6.33172
6.32052
6.33062
6.31377
6.24082
6.2403
6.2403
6.2403
6.2403
6.24064
6.2403
6.2403
6.2439
6.27383
6.26354
6.25204
6.24214
6.26798
6.28047
6.30865
6.25611
6.25383
6.26681
6.25484
6.2403
6.24085
6.28725
6.29454
6.29189
6.25664
6.27649
6.24975
6.27188
6.31125
6.35354
6.33236
6.24525
6.2403
6.29854
6.27881
6.25865
6.27381
6.24059
6.26369
6.25204
6.24039
6.25526
6.2607
6.25072
6.24713
6.2431
6.26882
6.25833
6.24672
6.3072
6.30378
6.32193
6.39855
6.35877
6.31078
6.30113
6.28602
6.26165
6.24823
6.24051
6.2403
6.24047
6.2562
6.2575
6.25572
6.24447
6.24065
6.25052
6.2433
6.25413
6.25978
6.28571
6.25567
6.26463
6.29184
6.24164
6.27051
6.24076
6.26359
6.30763
6.25688
6.27986
6.24311
6.2664
6.24107
6.24916
6.2721
6.2659
6.27218
6.2403
6.2403
6.2403
6.2403
6.27455
6.24863
6.30477
6.26537
6.24032
6.2406
6.2403
6.2403
6.2403
6.24042
6.2403
6.2403
6.2403
6.2403
6.2403
6.2403
6.24506
6.26474
6.26233
6.25442
6.24366
6.24252
6.2475
6.24886
6.30043
6.28605
6.28223
6.25751
6.25051
6.25581
6.24958
6.26729
6.26528
6.28608
6.25104
6.24162
6.2403
6.25008
6.24201
6.2403
6.2403
6.2403
6.24053
6.24067
6.25066
6.28997
6.25599
6.24429
6.24247
6.2403
6.31669
6.28497
6.2403
6.26125
6.26977
6.33903
6.29964
6.33246
6.26608
6.24131
6.24612
6.25208
6.29678
6.32217
6.2403
6.24034
6.24562
6.2403
6.2538
6.26618
6.24787
6.24911
6.29492
6.28342
6.29053
6.2403
6.24471
6.25929
6.30191
6.2481
6.24562
6.25169
6.24147
6.24662
6.2403
6.2403
6.2403
6.2403
6.2403
6.2403
6.24494
6.28087
6.30665
6.29425
6.28354
6.30005
6.32263
6.25492
6.2403
6.2429
6.27213
6.2403
6.2403
6.2403
6.24153
6.24104
6.27045
6.27513
6.28065
6.25301
6.24614
6.24898
6.25727
6.28187
6.2482
6.24128
6.27767
6.3176
6.25481
6.27206
6.24358
6.29569
6.33545
6.28857
6.31419
6.24046
6.25488
6.24206
6.2403
6.2403
6.24032
6.24096
6.24639
6.28664
6.31009
6.33749
6.29749
6.2813
6.38895
6.47764
6.34081
6.32589
6.28446
6.24364
6.25641
6.2419
6.25733
6.25428
6.29
6.24533
6.2403
6.24386
6.24392
6.24238
6.25567
6.24193
6.2403
6.24092
6.2403
6.24755
6.24283
6.31393
6.28372
6.26955
6.24457
6.24065
6.25443
6.24326
6.34455
6.31422
6.26027
6.2853
6.2533
6.24154
6.24356
6.2434
6.2403
6.24451
6.24076
6.2403
6.2403
6.2403
6.26121
6.24988
6.24053
6.24713
