30.7805
28.5199
26.634
25.288
23.9352
22.1365
20.5855
19.6795
18.6661
17.8979
17.2661
16.8143
16.6251
16.3249
15.8988
15.5514
15.3171
14.8846
14.3893
14.098
13.8959
13.6673
13.4455
13.1648
12.8491
12.6175
12.5657
12.5292
12.5128
12.4818
12.4475
12.4664
12.345
12.2202
11.9882
11.7297
11.4145
11.2722
11.1855
11.0606
10.9448
10.7202
10.6206
10.4904
10.4121
10.3236
10.2446
10.1659
10.1295
10.0892
10.0465
10.0972
10.0175
10.0107
10.0006
10.0123
9.98567
9.98232
10.0046
10.0103
10.0306
9.98164
9.98972
9.95377
9.90952
9.88817
9.84707
9.76194
9.73978
9.71464
9.66227
9.65549
9.65026
9.68071
9.69716
9.68926
9.6321
9.60683
9.5995
9.59876
9.59662
9.60501
9.65241
9.64431
9.69042
9.67132
9.64022
9.60934
9.60329
9.64606
9.65034
9.60497
9.59678
9.59859
9.59662
9.60794
9.60337
9.62106
9.60003
9.59907
9.60067
9.61761
9.60235
9.60161
9.60042
9.6175
9.59662
9.60233
9.61648
9.59707
9.60431
9.60313
9.59702
9.59662
9.61704
9.65356
9.64042
9.634
9.60717
9.59678
9.60751
9.60131
9.60015
9.61191
9.61633
9.59662
9.612
9.60787
9.59662
9.60394
9.63785
9.62754
9.62709
9.6906
9.67017
9.62564
9.59662
9.59896
9.60568
9.61641
9.60388
9.64068
9.6508
9.71395
9.61688
9.61348
9.59758
9.61491
9.61954
9.67089
9.62411
9.62168
9.60321
9.60039
9.59666
9.59959
9.59662
9.63563
9.60152
9.59664
9.60742
9.60264
9.61
9.61417
9.61213
9.605
9.59804
9.61145
9.60886
9.60441
9.59662
9.63891
9.64299
9.62051
9.60225
9.62703
9.61443
9.64338
9.66369
9.63073
9.61392
9.6019
9.69596
9.63017
9.63316
9.60435
9.60444
9.6231
9.63721
9.59678
9.59662
9.59662
9.59778
9.59743
9.61742
9.6514
9.62167
9.61877
9.61613
9.61026
9.62567
9.59662
9.59924
9.61108
9.59935
9.59662
9.59662
9.60682
9.59871
9.60349
9.60374
9.61063
9.61042
9.61209
9.59662
9.59662
9.59662
9.59691
9.60651
9.63473
9.65168
9.62438
9.62201
9.62762
9.62058
9.60447
9.59775
9.59744
9.59662
9.59662
9.59662
9.59662
9.59722
9.60873
9.60118
9.62485
9.62283
9.59662
9.59662
9.59662
9.59662
9.59662
9.61998
9.62469
9.59961
9.5967
9.61266
9.64915
9.60821
9.60925
9.60601
9.64928
9.59666
9.59749
9.59662
9.59897
9.59662
9.59824
9.60192
9.6207
9.64005
9.62863
9.60287
9.62182
9.6339
9.61785
9.64026
9.63897
9.60639
9.63127
9.5967
9.59662
9.59662
9.5972
9.59662
9.59662
9.5968
9.61314
9.60554
9.59752
9.60442
9.59717
9.61435
9.59662
9.59664
9.63277
9.61134
9.63769
9.67961
9.60729
9.60559
9.59662
9.62754
9.68746
9.69893
9.65094
9.64995
9.60439
9.61891
9.62127
9.63939
9.60394
9.64421
9.61756
9.5989
9.60122
9.60574
9.62105
9.63206
9.67221
9.66137
9.63835
9.67421
9.60547
9.59662
9.59664
9.6008
9.60564
9.59771
9.61108
9.63234
9.65222
9.62977
9.64218
9.6604
9.631
9.65109
9.63461
9.61769
9.61947
9.62849
9.60211
9.62831
9.61139
9.62617
9.63083
9.61118
9.61904
9.5981
9.60933
9.60046
9.61475
9.60139
9.59692
9.6328
9.59865
9.60033
9.61403
9.61385
9.60319
9.60075
9.59695
9.60021
9.61213
9.6474
9.59762
9.60249
9.59942
9.61982
9.6409
9.63365
9.65279
9.70717
9.62722
9.59662
9.59662
9.59662
9.59664
9.60451
9.61479
9.62408
9.63029
9.61129
9.60512
9.60202
9.59778
9.59662
9.59662
9.60415
9.61164
9.60487
9.59669
9.59662
9.61031
9.63351
9.66596
9.60073
9.59662
9.59662
9.59681
9.59815
9.59662
9.59851
9.60749
9.63414
9.6336
9.70995
9.71202
9.65242
9.65373
9.63263
9.61493
9.65672
9.61068
9.6149
9.59662
9.59662
9.59809
9.60124
9.61134
9.61928
9.62681
9.64882
9.59662
9.60367
9.62163
9.60858
9.62358
9.62028
9.68308
9.68041
9.70853
9.72976
9.65181
9.60609
9.59673
9.60433
9.62464
9.60322
9.60407
9.59662
9.61689
9.59662
9.59694
9.61242
9.65567
9.62294
9.60652
9.63029
9.67455
9.74237
9.61836
9.63034
9.60361
9.62292
9.67293
9.63693
9.6157
9.61489
9.64152
9.65674
9.62279
9.68259
9.63059
9.61413
9.61157
9.61957
9.63188
9.61343
9.63957
9.60658
9.59609
9.54952
9.55747
9.53002
9.54179
9.44969
9.42772
9.41876
9.42482
9.54131
9.81055
10.022
9.98847
9.89288
9.74864
9.6074
9.50396
9.46529
9.49069
9.49164
9.41583
9.42344
9.43153
9.39943
9.39768
9.39768
9.39807
9.39904
9.39854
9.40429
9.40547
9.44147
9.4372
9.43268
9.46708
9.50962
9.48544
9.44422
9.43712
9.42059
9.45655
9.43686
9.41833
9.40685
9.40237
9.41124
9.46588
9.4022
9.41294
9.42847
9.42139
9.41018
9.40487
9.42261
9.43807
9.42003
9.40312
9.41177
9.41744
9.40117
9.45364
9.4657
9.41825
9.41182
9.39803
9.39785
9.39768
9.39768
9.39768
9.42789
9.39966
9.42095
9.41471
9.43932
9.48588
9.41981
9.4054
9.40437
9.39784
9.42803
9.41881
9.42607
9.43303
9.41585
9.40481
9.39768
9.39768
9.40105
9.40171
9.39848
9.42408
9.41758
9.41747
9.42429
9.40002
9.39768
9.4007
9.40719
9.4063
9.39768
9.40028
9.44153
9.40959
9.40229
9.39817
9.43662
9.42112
9.46213
9.48666
9.46646
9.43375
9.40384
9.39768
9.41806
9.44712
9.44604
9.43698
9.43651
9.4157
9.46641
9.44649
9.40277
9.41214
9.39768
9.39886
9.39868
9.39768
9.40098
9.41895
9.40895
9.4143
9.40812
9.39955
9.39963
9.53143
9.53516
9.47291
9.41301
9.43102
9.41175
9.39795
9.42506
9.44429
9.4073
9.472
9.41717
9.47653
9.50511
9.45386
9.44086
9.42485
9.4223
9.41177
9.39811
9.41463
9.41224
9.41497
9.43202
9.41578
9.42057
9.44198
9.44056
9.40694
9.47028
9.42542
9.414
9.44147
9.4104
9.40733
9.39768
9.39768
9.40474
9.39768
9.39768
9.39828
9.41045
9.41471
9.39816
9.40803
9.41765
9.41629
9.42811
9.45564
9.42559
9.3994
9.41353
9.42205
9.42383
9.41744
9.41065
9.39768
9.39768
9.40001
9.40583
9.39768
9.39782
9.39768
9.39768
9.39768
9.39768
9.39768
9.39768
9.41273
9.40884
9.39768
9.40179
9.41304
9.448
9.39768
9.40811
9.4061
9.46572
9.46765
9.43883
9.39774
9.40942
9.4211
9.40201
9.42977
9.41738
9.40371
9.39768
9.39768
9.39866
9.41911
9.42618
9.41996
9.40975
9.39999
9.39768
9.39768
9.40681
9.39768
9.42691
9.40049
9.46609
9.39944
9.41035
9.39768
9.48403
9.4641
9.44261
9.4699
9.45333
9.47865
9.42518
9.40068
9.39867
9.39768
9.39768
9.39775
9.40068
9.43301
9.42058
9.48307
9.4866
9.46007
9.44801
9.46195
9.40351
9.39768
9.39768
9.39768
9.39768
9.39768
9.39768
9.39768
9.41004
9.4388
9.41792
9.40487
9.4032
9.44073
9.43186
9.44073
9.40749
9.40102
9.41029
9.41131
9.39768
9.39768
9.42773
9.43799
9.43649
9.40521
9.41323
9.39901
9.41857
9.45266
9.47797
9.46439
9.40185
9.39768
9.45433
9.43808
9.41126
9.41711
9.39837
9.42581
9.40952
9.39897
9.42029
9.42503
9.41038
9.41488
9.41709
9.45994
9.44207
9.40292
9.44884
9.43061
9.44501
9.48213
9.49325
9.45916
9.43886
9.42591
9.41632
9.40858
9.40286
9.39768
9.39784
9.40838
9.41029
9.40606
9.40343
9.39845
9.41229
9.4108
9.41824
9.42615
9.44355
9.41892
9.42776
9.45788
9.40232
9.44182
9.40239
9.42663
9.44086
9.41325
9.43115
9.39898
9.42097
9.39848
9.40555
9.41505
9.41389
9.4266
9.39768
9.39768
9.39768
9.39768
9.41428
9.39906
9.43878
9.41235
9.39768
9.40106
9.39768
9.39768
9.39768
9.39917
9.39768
9.39768
9.39768
9.39768
9.39768
9.39768
9.41634
9.4409
9.42482
9.41966
9.40292
9.40141
9.41627
9.40827
9.45879
9.48429
9.46762
9.44814
9.43373
9.43607
9.42266
9.44199
9.43436
9.44909
9.41706
9.41115
9.39768
9.40221
9.3984
9.39768
9.39768
9.39768
9.39981
9.40712
9.4214
9.46191
9.4408
9.43021
9.42
9.40282
9.49222
9.44306
9.40011
9.44495
9.433
9.49816
9.46621
9.50439
9.44494
9.39778
9.40283
9.41786
9.43279
9.46109
9.39768
9.39768
9.4061
9.39885
9.41225
9.42207
9.40679
9.418
9.46037
9.44977
9.49543
9.40056
9.42143
9.42392
9.47671
9.42458
9.40784
9.41047
9.39993
9.42559
9.40378
9.39978
9.39768
9.39768
9.39768
9.39768
9.40616
9.46462
9.49454
9.47498
9.45296
9.46299
9.51113
9.43838
9.39878
9.41085
9.43721
9.39782
9.39768
9.39768
9.3979
9.39913
9.42559
9.44577
9.45812
9.41759
9.41137
9.40726
9.41698
9.44382
9.41528
9.39768
9.42236
9.46099
9.40515
9.41506
9.39868
9.43659
9.48775
9.43353
9.46224
9.39865
9.40872
9.40101
9.39768
9.39768
9.39768
9.39768
9.40101
9.44327
9.45767
9.48226
9.45134
9.4189
9.48256
9.5611
9.49671
9.45329
9.41195
9.3977
9.40959
9.40221
9.44225
9.45704
9.49956
9.42734
9.40647
9.41235
9.39775
9.39768
9.43072
9.40257
9.39768
9.39848
9.39768
9.4108
9.41126
9.46487
9.42569
9.4305
9.40657
9.40272
9.41854
9.41171
9.4886
9.45519
9.42516
9.44675
9.41055
9.39768
9.39954
9.39898
9.39768
9.40199
9.40395
9.39768
9.39768
9.39768
9.42577
9.41433
9.40201
9.41485
