24.9328
24.1009
20.047
19.6229
19.6229
17.993
17.1759
16.6434
16.6434
16.0802
15.6593
15.5309
15.1099
15.1073
14.8274
13.6755
13.6755
13.477
13.3571
13.1586
13.1173
12.2966
12.1774
12.1774
12.1294
11.9231
11.7987
11.7987
11.5502
11.5502
11.4098
11.4098
11.1402
11.0369
11.0369
11.0369
10.8303
10.7682
10.5616
10.4658
10.4432
10.1907
10.1907
10.1591
10.082
10.0503
10.0207
9.98901
9.98901
9.98179
9.97936
9.97936
9.97213
9.97213
9.97213
9.97213
9.97102
9.97102
9.97102
9.97102
9.97102
9.97102
9.73938
9.73938
9.73938
9.73938
9.61305
9.61305
9.61305
9.61305
9.61305
9.59662
9.59662
9.59662
9.59662
9.59662
9.59662
9.59662
9.59662
9.59662
9.59662
9.59662
9.59662
9.59662
9.59662
9.59662
9.59662
9.59662
9.59662
9.59662
9.59662
9.59662
9.59662
9.59662
9.59662
9.59662
9.59662
9.59662
9.59662
9.59662
9.59662
9.59662
9.59662
9.59662
9.59662
9.59662
9.59662
9.59662
9.59662
9.59662
9.59662
9.59662
9.59662
9.59662
9.59662
9.59662
9.59662
9.59662
9.59662
9.59662
9.59662
9.59662
9.59662
9.59662
9.59662
9.59662
9.59662
9.59662
9.59662
9.59662
9.59662
9.59662
9.59662
9.59662
9.59662
9.59662
9.59662
9.59662
9.59662
9.59662
9.59662
9.59662
9.59662
9.59662
9.59662
9.59662
9.59662
9.59662
9.59662
9.59662
9.59662
9.59662
9.59662
9.59662
9.59662
9.59662
9.59662
9.59662
9.59662
9.59662
9.59662
9.59662
9.59662
9.59662
9.59662
9.59662
9.59662
9.59662
9.59662
9.59662
9.59662
9.59662
9.59662
9.59662
9.59662
9.59662
9.59662
9.59662
9.59662
9.59662
9.59662
9.59662
9.59662
9.59662
9.59662
9.59662
9.59662
9.59662
9.59662
9.59662
9.59662
9.59662
9.59662
9.59662
9.59662
9.59662
9.59662
9.59662
9.59662
9.59662
9.59662
9.59662
9.59662
9.59662
9.59662
9.59662
9.59662
9.59662
9.59662
9.59662
9.59662
9.59662
9.59662
9.59662
9.59662
9.59662
9.59662
9.59662
9.59662
9.59662
9.59662
9.59662
9.59662
9.59662
9.59662
9.59662
9.59662
9.59662
9.59662
9.59662
9.59662
9.59662
9.59662
9.59662
9.59662
9.59662
9.59662
9.59662
9.59662
9.59662
9.59662
9.59662
9.59662
9.59662
9.59662
9.59662
9.59662
9.59662
9.59662
9.59662
9.59662
9.59662
9.59662
9.59662
9.59662
9.59662
9.59662
9.59662
9.59662
9.59662
9.59662
9.59662
9.59662
9.59662
9.59662
9.59662
9.59662
9.59662
9.59662
9.59662
9.59662
9.59662
9.59662
9.59662
9.59662
9.59662
9.59662
9.59662
9.59662
9.59662
9.59662
9.59662
9.59662
9.59662
9.59662
9.59662
9.59662
9.59662
9.59662
9.59662
9.59662
9.59662
9.59662
9.59662
9.59662
9.59662
9.59662
9.59662
9.59662
9.59662
9.59662
9.59662
9.59662
9.59662
9.59662
9.59662
9.59662
9.59662
9.59662
9.59662
9.59662
9.59662
9.59662
9.59662
9.59662
9.59662
9.59662
9.59662
9.59662
9.59662
9.59662
9.59662
9.59662
9.59662
9.59662
9.59662
9.59662
9.59662
9.59662
9.59662
9.59662
9.59662
9.59662
9.59662
9.59662
9.59662
9.59662
9.59662
9.59662
9.59662
9.59662
9.59662
9.59662
9.59662
9.59662
9.59662
9.59662
9.59662
9.59662
9.59662
9.59662
9.59662
9.59662
9.59662
9.59662
9.59662
9.59662
9.59662
9.59662
9.59662
9.59662
9.59662
9.59662
9.59662
9.59662
9.59662
9.59662
9.59662
9.59662
9.59662
9.59662
9.59662
9.59662
9.59662
9.59662
9.59662
9.59662
9.59662
9.59662
9.59662
9.59662
9.59662
9.59662
9.59662
9.59662
9.59662
9.59662
9.59662
9.59662
9.59662
9.59662
9.59662
9.59662
9.59662
9.59662
9.59662
9.59662
9.59662
9.59662
9.59662
9.59662
9.59662
9.59662
9.59662
9.59662
9.59662
9.59662
9.59662
9.59662
9.59662
9.59662
9.59662
9.59662
9.59662
9.59662
9.59662
9.59662
9.59662
9.59662
9.59662
9.59662
9.59662
9.59662
9.59662
9.59662
9.59662
9.59662
9.59662
9.59662
9.59662
9.59662
9.59662
9.59662
9.59662
9.59662
9.59662
9.59662
9.59662
9.59662
9.59662
9.59662
9.59662
9.59662
9.59662
9.59662
9.59662
9.59662
9.59662
9.59662
9.59662
9.59662
9.59662
9.59662
9.59662
9.59662
9.59662
9.59662
9.59662
9.39768
9.39768
9.39768
9.39768
9.39768
9.39768
9.39768
9.39768
9.39768
9.39768
9.39768
9.39768
9.39768
9.39768
9.39768
9.39768
9.39768
9.39768
9.39768
9.39768
9.39768
9.39768
9.39768
9.39768
9.39768
9.39768
9.39768
9.39768
9.39768
9.39768
9.39768
9.39768
9.39768
9.39768
9.39768
9.39768
9.39768
9.39768
9.39768
9.39768
9.39768
9.39768
9.39768
9.39768
9.39768
9.39768
9.39768
9.39768
9.39768
9.39768
9.39768
9.39768
9.39768
9.39768
9.39768
9.39768
9.39768
9.39768
9.39768
9.39768
9.39768
9.39768
9.39768
9.39768
9.39768
9.39768
9.39768
9.39768
9.39768
9.39768
9.39768
9.39768
9.39768
9.39768
9.39768
9.39768
9.39768
9.39768
9.39768
9.39768
9.39768
9.39768
9.39768
9.39768
9.39768
9.39768
9.39768
9.39768
9.39768
9.39768
9.39768
9.39768
9.39768
9.39768
9.39768
9.39768
9.39768
9.39768
9.39768
9.39768
9.39768
9.39768
9.39768
9.39768
9.39768
9.39768
9.39768
9.39768
9.39768
9.39768
9.39768
9.39768
9.39768
9.39768
9.39768
9.39768
9.39768
9.39768
9.39768
9.39768
9.39768
9.39768
9.39768
9.39768
9.39768
9.39768
9.39768
9.39768
9.39768
9.39768
9.39768
9.39768
9.39768
9.39768
9.39768
9.39768
9.39768
9.39768
9.39768
9.39768
9.39768
9.39768
9.39768
9.39768
9.39768
9.39768
9.39768
9.39768
9.39768
9.39768
9.39768
9.39768
9.39768
9.39768
9.39768
9.39768
9.39768
9.39768
9.39768
9.39768
9.39768
9.39768
9.39768
9.39768
9.39768
9.39768
9.39768
9.39768
9.39768
9.39768
9.39768
9.39768
9.39768
9.39768
9.39768
9.39768
9.39768
9.39768
9.39768
9.39768
9.39768
9.39768
9.39768
9.39768
9.39768
9.39768
9.39768
9.39768
9.39768
9.39768
9.39768
9.39768
9.39768
9.39768
9.39768
9.39768
9.39768
9.39768
9.39768
9.39768
9.39768
9.39768
9.39768
9.39768
9.39768
9.39768
9.39768
9.39768
9.39768
9.39768
9.39768
9.39768
9.39768
9.39768
9.39768
9.39768
9.39768
9.39768
9.39768
9.39768
9.39768
9.39768
9.39768
9.39768
9.39768
9.39768
9.39768
9.39768
9.39768
9.39768
9.39768
9.39768
9.39768
9.39768
9.39768
9.39768
9.39768
9.39768
9.39768
9.39768
9.39768
9.39768
9.39768
9.39768
9.39768
9.39768
9.39768
9.39768
9.39768
9.39768
9.39768
9.39768
9.39768
9.39768
9.39768
9.39768
9.39768
9.39768
9.39768
9.39768
9.39768
9.39768
9.39768
9.39768
9.39768
9.39768
9.39768
9.39768
9.39768
9.39768
9.39768
9.39768
9.39768
9.39768
9.39768
9.39768
9.39768
9.39768
9.39768
9.39768
9.39768
9.39768
9.39768
9.39768
9.39768
9.39768
9.39768
9.39768
9.39768
9.39768
9.39768
9.39768
9.39768
9.39768
9.39768
9.39768
9.39768
9.39768
9.39768
9.39768
9.39768
9.39768
9.39768
9.39768
9.39768
9.39768
9.39768
9.39768
9.39768
9.39768
9.39768
9.39768
9.39768
9.39768
9.39768
9.39768
9.39768
9.39768
9.39768
9.39768
9.39768
9.39768
9.39768
9.39768
9.39768
9.39768
9.39768
9.39768
9.39768
9.39768
9.39768
9.39768
9.39768
9.39768
9.39768
9.39768
9.39768
9.39768
9.39768
9.39768
9.39768
9.39768
9.39768
9.39768
9.39768
9.39768
9.39768
9.39768
9.39768
9.39768
9.39768
9.39768
9.39768
9.39768
9.39768
9.39768
9.39768
9.39768
9.39768
9.39768
9.39768
9.39768
9.39768
9.39768
9.39768
9.39768
9.39768
9.39768
9.39768
9.39768
9.39768
9.39768
9.39768
9.39768
9.39768
9.39768
9.39768
9.39768
9.39768
9.39768
9.39768
9.39768
9.39768
9.39768
9.39768
9.39768
9.39768
9.39768
9.39768
9.39768
9.39768
9.39768
9.39768
9.39768
9.39768
9.39768
9.39768
9.39768
9.39768
9.39768
9.39768
9.39768
9.39768
9.39768
9.39768
9.39768
9.39768
9.39768
9.39768
9.39768
9.39768
9.39768
9.39768
9.39768
9.39768
9.39768
9.39768
9.39768
9.39768
9.39768
9.39768
9.39768
9.39768
9.39768
9.39768
9.39768
9.39768
9.39768
9.39768
9.39768
9.39768
9.39768
9.39768
9.39768
9.39768
9.39768
9.39768
9.39768
9.39768
9.39768
9.39768
9.39768
9.39768
9.39768
9.39768
9.39768
9.39768
9.39768
9.39768
9.39768
9.39768
9.39768
9.39768
9.39768
9.39768
9.39768
9.39768
9.39768
9.39768
9.39768
9.39768
9.39768
9.39768
9.39768
9.39768
9.39768
9.39768
9.39768
9.39768
9.39768
9.39768
9.39768
9.39768
9.39768
9.39768
9.39768
9.39768
9.39768
9.39768
9.39768
9.39768
9.39768
9.39768
9.39768
9.39768
9.39768
9.39768
9.39768
9.39768
9.39768
9.39768
9.39768
9.39768
9.39768
9.39768
9.39768
9.39768
9.39768
9.39768
9.39768
9.39768
9.39768
9.39768
9.39768
9.39768
9.39768
9.39768
9.39768
9.39768
9.39768
9.39768
9.39768
9.39768
9.39768
9.39768
9.39768
9.39768
9.39768
9.39768
9.39768
9.39768
9.39768
9.39768
9.39768
9.39768
9.39768
9.39768
9.39768
9.39768
9.39768
9.39768
9.39768
9.39768
9.39768
9.39768
9.39768
9.39768
9.39768
9.39768
9.39768
9.39768
9.39768
