28.0099
26.3248
24.9125
24.1317
23.1423
19.3992
19.3992
18.6802
17.82
17.5836
17.0096
16.4702
15.5933
15.5753
14.7677
14.2086
13.9722
13.9722
13.5728
13.4639
13.3239
13.3239
13.1933
13.1837
13.1367
13.1192
13.027
12.8331
12.7095
12.692
12.5158
12.4242
12.4242
12.2586
12.2586
12.2571
12.2571
11.9734
11.7053
11.7053
11.6799
11.6734
11.4481
11.4227
11.4162
11.1294
11.0285
11.0285
10.6768
9.79799
9.48279
9.47524
9.36602
8.42116
7.82847
7.28304
7.26873
7.26873
7.12655
7.12655
7.12655
7.12655
7.12011
7.12011
7.12011
7.02266
6.25777
6.25777
6.25777
6.25777
6.25777
6.25777
6.25777
6.25777
6.25777
6.25777
6.2403
6.2403
6.2403
6.2403
6.2403
6.2403
6.2403
6.2403
6.2403
6.2403
6.2403
6.2403
6.2403
6.2403
6.2403
6.2403
6.2403
6.2403
6.2403
6.2403
6.2403
6.2403
6.2403
6.2403
6.2403
6.2403
6.2403
6.2403
6.2403
6.2403
6.2403
6.2403
6.2403
6.2403
6.2403
6.2403
6.2403
6.2403
6.2403
6.2403
6.2403
6.2403
6.2403
6.2403
6.2403
6.2403
6.2403
6.2403
6.2403
6.2403
6.2403
6.2403
6.2403
6.2403
6.2403
6.2403
6.2403
6.2403
6.2403
6.2403
6.2403
6.2403
6.2403
6.2403
6.2403
6.2403
6.2403
6.2403
6.2403
6.2403
6.2403
6.2403
6.2403
6.2403
6.2403
6.2403
6.2403
6.2403
6.2403
6.2403
6.2403
6.2403
6.2403
6.2403
6.2403
6.2403
6.2403
6.2403
6.2403
6.2403
6.2403
6.2403
6.2403
6.2403
6.2403
6.2403
6.2403
6.2403
6.2403
6.2403
6.2403
6.2403
6.2403
6.2403
6.2403
6.2403
6.2403
6.2403
6.2403
6.2403
6.2403
6.2403
6.2403
6.2403
6.2403
6.2403
6.2403
6.2403
6.2403
6.2403
6.2403
6.2403
6.2403
6.2403
6.2403
6.2403
6.2403
6.2403
6.2403
6.2403
6.2403
6.2403
6.2403
6.2403
6.2403
6.2403
6.2403
6.2403
6.2403
6.2403
6.2403
6.2403
6.2403
6.2403
6.2403
6.2403
6.2403
6.2403
6.2403
6.2403
6.2403
6.2403
6.2403
6.2403
6.2403
6.2403
6.2403
6.2403
6.2403
6.2403
6.2403
6.2403
6.2403
6.2403
6.2403
6.2403
6.2403
6.2403
6.2403
6.2403
6.2403
6.2403
6.2403
6.2403
6.2403
6.2403
6.2403
6.2403
6.2403
6.2403
6.2403
6.2403
6.2403
6.2403
6.2403
6.2403
6.2403
6.2403
6.2403
6.2403
6.2403
6.2403
6.2403
6.2403
6.2403
6.2403
6.2403
6.2403
6.2403
6.2403
6.2403
6.2403
6.2403
6.2403
6.2403
6.2403
6.2403
6.2403
6.2403
6.2403
6.2403
6.2403
6.2403
6.2403
6.2403
6.2403
6.2403
6.2403
6.2403
6.2403
6.2403
6.2403
6.2403
6.2403
6.2403
6.2403
6.2403
6.2403
6.2403
6.2403
6.2403
6.2403
6.2403
6.2403
6.2403
6.2403
6.2403
6.2403
6.2403
6.2403
6.2403
6.2403
6.2403
6.2403
6.2403
6.2403
6.2403
6.2403
6.2403
6.2403
6.2403
6.2403
6.2403
6.2403
6.2403
6.2403
6.2403
6.2403
6.2403
6.2403
6.2403
6.2403
6.2403
6.2403
6.2403
6.2403
6.2403
6.2403
6.2403
6.2403
6.2403
6.2403
6.2403
6.2403
6.2403
6.2403
6.2403
6.2403
6.2403
6.2403
6.2403
6.2403
6.2403
6.2403
6.2403
6.2403
6.2403
6.2403
6.2403
6.2403
6.2403
6.2403
6.2403
6.2403
6.2403
6.2403
6.2403
6.2403
6.2403
6.2403
6.2403
6.2403
6.2403
6.2403
6.2403
6.2403
6.2403
6.2403
6.2403
6.2403
6.2403
6.2403
6.2403
6.2403
6.2403
6.2403
6.2403
6.2403
6.2403
6.2403
6.2403
6.2403
6.2403
6.2403
6.2403
6.2403
6.2403
6.2403
6.2403
6.2403
6.2403
6.2403
6.2403
6.2403
6.2403
6.2403
6.2403
6.2403
6.2403
6.2403
6.2403
6.2403
6.2403
6.2403
6.2403
6.2403
6.2403
6.2403
6.2403
6.2403
6.2403
6.2403
6.2403
6.2403
6.2403
6.2403
6.2403
6.2403
6.2403
6.2403
6.2403
6.2403
6.2403
6.2403
6.2403
6.2403
6.2403
6.2403
6.2403
6.2403
6.2403
6.2403
6.2403
6.2403
6.2403
6.2403
6.2403
6.2403
6.2403
6.2403
6.2403
6.2403
6.2403
6.2403
6.2403
6.2403
6.2403
6.2403
6.2403
6.2403
6.2403
6.2403
6.2403
6.2403
6.2403
6.2403
6.2403
6.2403
6.2403
6.2403
6.2403
6.2403
6.2403
6.2403
6.2403
6.2403
6.2403
6.2403
6.2403
6.2403
6.2403
6.2403
6.2403
6.2403
6.2403
6.2403
6.2403
6.2403
6.2403
6.2403
6.2403
6.2403
6.2403
6.2403
6.2403
6.2403
6.2403
6.2403
6.2403
6.2403
6.2403
6.2403
6.2403
6.2403
6.2403
6.2403
6.2403
6.2403
6.2403
6.2403
6.2403
6.2403
6.2403
6.2403
6.2403
6.2403
6.2403
6.2403
6.2403
6.2403
6.2403
6.2403
6.2403
6.2403
6.2403
6.2403
6.2403
6.2403
6.2403
6.2403
6.2403
6.2403
6.2403
6.2403
6.2403
6.2403
6.2403
6.2403
6.2403
6.2403
6.2403
6.2403
6.2403
6.2403
6.2403
6.2403
6.2403
6.2403
6.2403
6.2403
6.2403
6.2403
6.2403
6.2403
6.2403
6.2403
6.2403
6.2403
6.2403
6.2403
6.2403
6.2403
6.2403
6.2403
6.2403
6.2403
6.2403
6.2403
6.2403
6.2403
6.2403
6.2403
6.2403
6.2403
6.2403
6.2403
6.2403
6.2403
6.2403
6.2403
6.2403
6.2403
6.2403
6.2403
6.2403
6.2403
6.2403
6.2403
6.2403
6.2403
6.2403
6.2403
6.2403
6.2403
6.2403
6.2403
6.2403
6.2403
6.2403
6.2403
6.2403
6.2403
6.2403
6.2403
6.2403
6.2403
6.2403
6.2403
6.2403
6.2403
6.2403
6.2403
6.2403
6.2403
6.2403
6.2403
6.2403
6.2403
6.2403
6.2403
6.2403
6.2403
6.2403
6.2403
6.2403
6.2403
6.2403
6.2403
6.2403
6.2403
6.2403
6.2403
6.2403
6.2403
6.2403
6.2403
6.2403
6.2403
6.2403
6.2403
6.2403
6.2403
6.2403
6.2403
6.2403
6.2403
6.2403
6.2403
6.2403
6.2403
6.2403
6.2403
6.2403
6.2403
6.2403
6.2403
6.2403
6.2403
6.2403
6.2403
6.2403
6.2403
6.2403
6.2403
6.2403
6.2403
6.2403
6.2403
6.2403
6.2403
6.2403
6.2403
6.2403
6.2403
6.2403
6.2403
6.2403
6.2403
6.2403
6.2403
6.2403
6.2403
6.2403
6.2403
6.2403
6.2403
6.2403
6.2403
6.2403
6.2403
6.2403
6.2403
6.2403
6.2403
6.2403
6.2403
6.2403
6.2403
6.2403
6.2403
6.2403
6.2403
6.2403
6.2403
6.2403
6.2403
6.2403
6.2403
6.2403
6.2403
6.2403
6.2403
6.2403
6.2403
6.2403
6.2403
6.2403
6.2403
6.2403
6.2403
6.2403
6.2403
6.2403
6.2403
6.2403
6.2403
6.2403
6.2403
6.2403
6.2403
6.2403
6.2403
6.2403
6.2403
6.2403
6.2403
6.2403
6.2403
6.2403
6.2403
6.2403
6.2403
6.2403
6.2403
6.2403
6.2403
6.2403
6.2403
6.2403
6.2403
6.2403
6.2403
6.2403
6.2403
6.2403
6.2403
6.2403
6.2403
6.2403
6.2403
6.2403
6.2403
6.2403
6.2403
6.2403
6.2403
6.2403
6.2403
6.2403
6.2403
6.2403
6.2403
6.2403
6.2403
6.2403
6.2403
6.2403
6.2403
6.2403
6.2403
6.2403
6.2403
6.2403
6.2403
6.2403
6.2403
6.2403
6.2403
6.2403
6.2403
6.2403
6.2403
6.2403
6.2403
6.2403
6.2403
6.2403
6.2403
6.2403
6.2403
6.2403
6.2403
6.2403
6.2403
6.2403
6.2403
6.2403
6.2403
6.2403
6.2403
6.2403
6.2403
6.2403
6.2403
6.2403
6.2403
6.2403
6.2403
6.2403
6.2403
6.2403
6.2403
6.2403
6.2403
6.2403
6.2403
6.2403
6.2403
6.2403
6.2403
6.2403
6.2403
6.2403
6.2403
6.2403
6.2403
6.2403
6.2403
6.2403
6.2403
6.2403
6.2403
6.2403
6.2403
6.2403
6.2403
6.2403
6.2403
6.2403
6.2403
6.2403
6.2403
6.2403
6.2403
6.2403
6.2403
6.2403
6.2403
6.2403
6.2403
6.2403
6.2403
6.2403
6.2403
6.2403
6.2403
6.2403
6.2403
6.2403
6.2403
6.2403
6.2403
6.2403
6.2403
6.2403
6.2403
6.2403
6.2403
6.2403
6.2403
6.2403
6.2403
6.2403
6.2403
6.2403
6.2403
6.2403
6.2403
6.2403
6.2403
6.2403
6.2403
6.2403
6.2403
6.2403
6.2403
6.2403
6.2403
6.2403
6.2403
6.2403
6.2403
6.2403
6.2403
6.2403
6.2403
6.2403
6.2403
6.2403
6.2403
6.2403
6.2403
6.2403
6.2403
6.2403
6.2403
6.2403
6.2403
6.2403
6.2403
6.2403
6.2403
6.2403
6.2403
6.2403
6.2403
6.2403
6.2403
6.2403
6.2403
6.2403
6.2403
6.2403
6.2403
6.2403
6.2403
6.2403
6.2403
6.2403
6.2403
6.2403
6.2403
6.2403
6.2403
6.2403
6.2403
6.2403
6.2403
6.2403
6.2403
6.2403
6.2403
6.2403
6.2403
6.2403
6.2403
6.2403
6.2403
6.2403
6.2403
6.2403
6.2403
6.2403
6.2403
6.2403
6.2403
6.2403
6.2403
6.2403
6.2403
6.2403
6.2403
6.2403
6.2403
6.2403
6.2403
6.2403
6.2403
6.2403
6.2403
6.2403
6.2403
6.2403
6.2403
6.2403
6.2403
6.2403
6.2403
6.2403
6.2403
6.2403
6.2403
6.2403
6.2403
