3.52493
3.25401
2.25899
2.30556
3.88875
3.513
1.68203
1.36076
1.31212
0.937667
0.610857
0.43687
0.470022
0.494302
0.407867
0.294829
0.417978
0.565765
0.498418
0.44702
0.390083
0.282535
0.321086
0.299166
0.312234
0.274573
0.330638
0.36467
0.432811
0.561976
0.624399
0.737538
0.74566
0.743654
0.651446
0.497321
0.306121
0.207883
0.172478
0.148718
0.181804
0.0630636
0.05291
0.0510632
0.0626454
0.0478376
0.0286247
0.0127902
0.0161501
0.0128815
0.00556137
0.0619575
0.00752258
0.008818
0.00609051
0.0148703
0.00315351
0.00233934
0.014166
0.0187076
0.0313391
0.00228331
0.00649591
0.00373204
0.0135627
0.0392213
0.0434716
0.00675147
0.0113404
0.0175524
0.00560473
0.00921249
0.0141775
0.0441063
0.0804896
0.0680837
0.0166243
0.00235924
0.000265455
0.000260599
1.98952e-12
0.00279118
0.0326406
0.0253762
0.0679269
0.0509115
0.0235583
0.00404383
0.00209104
0.0286371
0.0412909
0.00261327
8.54229e-06
0.000263979
1.98952e-12
0.00355685
0.00153109
0.00896356
0.00048295
0.000251357
0.000763179
0.00773703
0.00109697
0.000866364
0.00065891
0.010006
1.98952e-12
0.00120286
0.0095085
2.56675e-05
0.00224844
0.0016143
2.79185e-05
1.98952e-12
0.0126148
0.0434952
0.0288421
0.024018
0.00337058
1.21606e-05
0.00324782
0.000982056
0.000874705
0.0072688
0.0081119
1.98952e-12
0.00752165
0.00369807
1.98952e-12
0.00166882
0.0246823
0.0172593
0.0179938
0.0782744
0.0611264
0.0190872
1.98952e-12
0.000500281
0.00245298
0.00738204
0.00186703
0.0258768
0.0290807
0.0928725
0.00715761
0.00642558
7.03835e-05
0.0068878
0.0103025
0.0513779
0.0108075
0.0122574
0.0016196
0.000679502
5.98442e-07
0.00042807
1.98952e-12
0.0222711
0.0012337
2.06818e-07
0.00287817
0.00125275
0.00471902
0.00667721
0.00530581
0.00249435
0.000138439
0.00499138
0.00421614
0.00186795
1.98952e-12
0.0235733
0.0267981
0.0116918
0.0013775
0.0158784
0.00654865
0.026731
0.0476417
0.0203526
0.00574864
0.00120532
0.0886205
0.0172922
0.020284
0.0022861
0.00205299
0.0102359
0.0224648
5.57037e-06
1.98952e-12
1.98952e-12
0.000196843
9.00977e-05
0.0100474
0.0431041
0.0133077
0.0114372
0.00861678
0.00511383
0.0167134
1.98952e-12
0.000566029
0.00483796
0.000590121
1.98952e-12
1.98952e-12
0.0027768
0.000181544
0.00169969
0.00207316
0.00462789
0.00547842
0.0059328
1.98952e-12
1.98952e-12
1.98952e-12
1.69525e-05
0.0023553
0.0204374
0.0367928
0.0127037
0.0110241
0.013068
0.0094201
0.00200173
0.000181335
0.000115325
1.98952e-12
1.98952e-12
1.98952e-12
1.98952e-12
4.40158e-05
0.00431266
0.00139171
0.0156524
0.0129854
1.98952e-12
1.98952e-12
1.98952e-12
1.98952e-12
1.98952e-12
0.0106811
0.0134091
0.000527962
2.7914e-06
0.00740647
0.0404333
0.00398201
0.00417488
0.00270892
0.031616
4.12713e-07
8.08311e-05
1.98952e-12
0.000340923
1.98952e-12
0.000224295
0.00116127
0.0104953
0.0266793
0.0177531
0.00169939
0.0120342
0.0199616
0.00899167
0.0261624
0.0250419
0.00316708
0.0198206
1.00802e-06
1.98952e-12
1.98952e-12
3.5128e-05
1.98952e-12
1.98952e-12
1.48901e-05
0.00514969
0.00235892
6.94357e-05
0.00209048
2.9068e-05
0.00851073
1.98952e-12
2.06818e-07
0.0213217
0.00447263
0.019182
0.0602789
0.00352872
0.00294001
1.98952e-12
0.0207996
0.072296
0.0865003
0.0377525
0.0295773
0.00159709
0.00933043
0.00996949
0.019
0.00171115
0.0304908
0.0083122
0.000344008
0.000914682
0.00222667
0.0105442
0.019608
0.0627602
0.047413
0.0198503
0.0596665
0.00259858
1.98952e-12
2.06818e-07
0.000870622
0.00351257
0.000217101
0.00601955
0.0174266
0.0340254
0.0151414
0.0230595
0.0374989
0.0171703
0.0350473
0.0213197
0.00795838
0.0126615
0.0163019
0.00100898
0.0164593
0.00385966
0.0165024
0.0187191
0.00576819
0.0101222
0.000274141
0.004368
0.000827916
0.00827578
0.00120873
2.09539e-05
0.0204915
0.000166377
0.000659099
0.00672343
0.00854785
0.00203508
0.00114771
1.73248e-05
0.000571688
0.0051831
0.0355062
0.000100792
0.00145474
0.000636969
0.00927248
0.0261617
0.0192686
0.0350157
0.102253
0.0171075
1.98952e-12
1.98952e-12
1.98952e-12
2.06818e-07
0.00194301
0.00746361
0.0174988
0.0169366
0.00642465
0.00267755
0.00138008
0.000140923
1.98952e-12
1.98952e-12
0.00186013
0.00532224
0.00189703
1.19422e-06
1.98952e-12
0.00449269
0.0203063
0.0463459
0.000775066
1.98952e-12
1.98952e-12
4.10669e-06
0.000164851
1.98952e-12
0.000211986
0.00385177
0.021933
0.0207671
0.10072
0.103424
0.037948
0.0316533
0.0180395
0.00676114
0.0383128
0.00486375
0.00810309
1.98952e-12
1.98952e-12
0.000239838
0.00114456
0.00525288
0.0109863
0.0164493
0.0361953
1.98952e-12
0.00185134
0.0125023
0.00396218
0.0154256
0.00988222
0.0683674
0.069429
0.0975465
0.116732
0.0347631
0.0028732
3.38408e-06
0.001843
0.0125922
0.00155014
0.00173886
1.98952e-12
0.00778929
1.98952e-12
2.35115e-05
0.00704471
0.044366
0.0138641
0.00282553
0.0202333
0.0587214
0.14312
0.00901839
0.0174497
0.00201781
0.0131338
0.0591363
0.0217503
0.00905072
0.00939551
0.0279055
0.0439291
0.0119315
0.0690927
0.0167702
0.00676289
0.00504789
0.009735
0.0181818
0.00570176
0.0317839
0.0259081
0.0527768
0.0483221
0.0818114
0.0800748
0.0979826
0.022066
0.0105581
0.0061098
0.00979509
0.113115
0.43039
0.657153
0.617347
0.555728
0.393176
0.208205
0.0854664
0.0500152
0.0822891
0.0792668
0.00762163
0.0133851
0.0178424
0.000217537
-4.54747e-13
-4.54747e-13
2.58636e-05
0.00019284
0.000109863
0.00249625
0.00304858
0.0266683
0.0233649
0.0203884
0.0437699
0.0836118
0.0652454
0.0241449
0.02663
0.0100015
0.0331002
0.0208073
0.00777082
0.00301657
0.00138221
0.00502023
0.0545283
0.00124372
0.00603055
0.0169872
0.0128028
0.00419795
0.00204449
0.0106021
0.024712
0.00883892
0.0015459
0.00511938
0.00772426
0.000942084
0.0390409
0.0477132
0.00735201
0.00391752
1.57987e-05
5.37936e-06
-4.54747e-13
-4.54747e-13
-4.54747e-13
0.01832
0.000515856
0.0124391
0.00658223
0.0238951
0.066879
0.00877802
0.00238707
0.0019486
9.48973e-06
0.013297
0.0076934
0.0132793
0.0186423
0.00736933
0.00188775
-4.54747e-13
-4.54747e-13
0.000595174
0.000787552
0.000143811
0.0104199
0.00823705
0.00875487
0.0125661
0.000492802
-4.54747e-13
0.000471991
0.00263364
0.00228446
-4.54747e-13
0.000590654
0.025679
0.00410633
0.00115256
3.16771e-05
0.0221771
0.0104966
0.0408632
0.07049
0.0508457
0.0197028
0.00129061
-4.54747e-13
0.0069916
0.0254066
0.0279587
0.020308
0.0218434
0.00704029
0.0504304
0.0278952
0.000815535
0.00503971
-4.54747e-13
0.000316916
0.000200418
-4.54747e-13
0.000647218
0.00706393
0.00367397
0.00642029
0.00274653
0.000200558
0.000316065
0.128138
0.118533
0.0520765
0.00615503
0.0147766
0.00447981
8.3394e-06
0.0114938
0.0264638
0.00321634
0.0512427
0.0072103
0.0613012
0.0927876
0.03461
0.022083
0.0115374
0.0109811
0.00426861
3.14454e-05
0.00628678
0.00449547
0.00539493
0.0166346
0.00659707
0.00995384
0.0308251
0.0262627
0.0032208
0.0500848
0.0148569
0.00745699
0.0250542
0.00439754
0.0028662
-4.54747e-13
-4.54747e-13
0.00205318
-4.54747e-13
-4.54747e-13
5.21762e-05
0.00411276
0.00521999
7.47943e-05
0.00301444
0.00787362
0.00846515
0.0154495
0.0433505
0.0142734
0.000216721
0.00712272
0.010769
0.00984371
0.00873908
0.00460029
-4.54747e-13
-4.54747e-13
0.000590179
0.00280047
-4.54747e-13
9.28909e-06
-4.54747e-13
-4.54747e-13
-4.54747e-13
-4.54747e-13
-4.54747e-13
-4.54747e-13
0.00484955
0.00345485
-4.54747e-13
0.000867287
0.00567644
0.0390082
-4.54747e-13
0.00292555
0.00256438
0.0543925
0.0518759
0.0250186
6.17683e-07
0.00406787
0.0102722
0.0010443
0.0161417
0.00756921
0.00149344
-4.54747e-13
-4.54747e-13
0.000130968
0.0113668
0.0143659
0.0111276
0.00427431
0.000353039
-4.54747e-13
-4.54747e-13
0.00318136
-4.54747e-13
0.0131802
0.000378466
0.0508126
0.000205956
0.00430293
-4.54747e-13
0.0616221
0.0450669
0.025816
0.0537359
0.0350665
0.0648397
0.0139337
0.000474312
9.1494e-05
-4.54747e-13
-4.54747e-13
2.3992e-06
0.000463204
0.0187932
0.0108535
0.0645711
0.0691591
0.04397
0.0321816
0.0467202
0.00139607
-4.54747e-13
-4.54747e-13
-4.54747e-13
-4.54747e-13
-4.54747e-13
-4.54747e-13
-4.54747e-13
0.00417368
0.0257399
0.00748018
0.00178853
0.00119459
0.0245335
0.0176471
0.0210632
0.00250561
0.000682989
0.00410993
0.00460988
-4.54747e-13
-4.54747e-13
0.0137291
0.0275134
0.0223807
0.00232623
0.00623373
0.000189838
0.00846096
0.0395922
0.0647411
0.0429792
0.00093135
-4.54747e-13
0.0498292
0.0348418
0.00752882
0.0101678
7.40471e-05
0.0124079
0.00343067
0.000140843
0.00949901
0.0121191
0.00413909
0.00601229
0.00829813
0.0402487
0.0256705
0.00114987
0.0349899
0.0142951
0.031784
0.0624899
0.0749331
0.0405624
0.0223754
0.0111776
0.006698
0.00362864
0.0015507
-4.54747e-13
1.21606e-05
0.0033249
0.00412296
0.00243633
0.00165203
7.08396e-05
0.00549742
0.00509156
0.0100068
0.0148485
0.0267069
0.0100366
0.0159183
0.0457785
0.00120136
0.0314035
0.00095685
0.0150775
0.0287353
0.00617509
0.0212585
9.66904e-05
0.0122052
7.22264e-05
0.00211976
0.00558451
0.00545345
0.0139569
-4.54747e-13
-4.54747e-13
-4.54747e-13
-4.54747e-13
0.00665387
0.000164832
0.0250933
0.00526063
-4.54747e-13
0.000804649
-4.54747e-13
-4.54747e-13
-4.54747e-13
0.000233081
-4.54747e-13
-4.54747e-13
-4.54747e-13
-4.54747e-13
-4.54747e-13
-4.54747e-13
0.00823619
0.02654
0.0139808
0.0114622
0.00137131
0.000927559
0.00811873
0.00305307
0.0467054
0.0701234
0.0558005
0.0300221
0.0189199
0.0194102
0.0134227
0.0251172
0.0176144
0.0297856
0.00697964
0.0044671
-4.54747e-13
0.00132764
0.000119181
-4.54747e-13
-4.54747e-13
-4.54747e-13
0.000417358
0.00264976
0.0117583
0.0460544
0.0244911
0.0191917
0.00803101
0.00101486
0.0765135
0.0237067
0.000555665
0.0256917
0.0170439
0.0724723
0.0454878
0.076713
0.024621
2.99483e-06
0.0010786
0.00826229
0.0162491
0.0375411
-4.54747e-13
-4.54747e-13
0.00256711
0.00019781
0.00478337
0.0113518
0.00254748
0.00694565
0.0424432
0.0327207
0.07983
0.000533509
0.00914957
0.0150179
0.0692291
0.0136255
0.00335156
0.00438593
0.000346398
0.0137151
0.00152413
0.000336111
-4.54747e-13
-4.54747e-13
-4.54747e-13
-4.54747e-13
0.00218878
0.0476342
0.0711025
0.062739
0.0402262
0.0459488
0.108125
0.025383
0.000158531
0.00396705
0.0195207
4.7877e-06
-4.54747e-13
-4.54747e-13
7.16553e-06
0.000194152
0.0132402
0.0310928
0.0397252
0.0076576
0.00395864
0.00257626
0.00742606
0.0232202
0.00651803
-4.54747e-13
0.0123199
0.0482707
0.00274871
0.00632002
0.000109006
0.0246556
0.0704402
0.0218672
0.0473214
9.34364e-05
0.00353713
0.000613416
-4.54747e-13
-4.54747e-13
-4.54747e-13
-4.54747e-13
0.00069694
0.0258649
0.0389305
0.0682703
0.0357915
0.00879547
0.0722269
0.164182
0.081427
0.0386837
0.00512947
2.06815e-07
0.00355244
0.000914425
0.0268839
0.0383948
0.0840746
0.0154979
0.00267235
0.00487168
2.3992e-06
-4.54747e-13
0.0227023
0.000976197
-4.54747e-13
7.22264e-05
-4.54747e-13
0.00520726
0.00513612
0.0481378
0.0114325
0.0158961
0.00242137
0.00115758
0.00946351
0.00567119
0.0719685
0.0315399
0.0108689
0.0296003
0.00461265
-4.54747e-13
0.0002338
0.000161734
-4.54747e-13
0.000985989
0.00183796
-4.54747e-13
-4.54747e-13
-4.54747e-13
0.0123307
0.00591625
0.00102984
0.00598496
