2.56611
2.54183
2.20395
1.86132
1.90732
1.59476
1.7858
2.04577
2.01183
1.61428
1.37058
1.2921
1.30764
1.35304
1.27258
1.15241
1.17521
0.984864
0.800338
0.733275
0.776984
0.794788
0.771329
0.608081
0.475203
0.316588
0.329127
0.174
0.163689
0.281593
0.337095
0.48744
0.540346
0.655
0.703805
0.718435
0.77489
0.62405
0.703385
0.642837
0.857184
0.757003
0.62421
0.494591
0.65276
0.625089
0.550013
0.370189
0.396661
0.437788
0.503736
0.85481
0.822305
0.96401
0.995947
1.09799
1.02998
0.885628
0.900136
0.656497
0.480811
0.220767
0.239709
0.0567713
0.0573312
0.110887
0.191874
0.299276
0.75232
1.03679
1.07803
1.17657
1.0447
0.905019
0.738765
0.656177
0.314304
0.164187
0.113969
0.0449847
0.0300003
0.0619345
0.242966
0.189438
0.301969
0.237562
0.175848
0.0925764
0.0694202
0.213128
0.242373
0.0758394
0.00167896
0.00564143
-nan
0.134518
0.210267
0.717145
0.742429
0.932148
0.967773
0.840837
0.607337
0.47972
0.356542
0.288331
0.102093
0.157998
0.182781
0.0451131
0.0628836
0.140932
0.0614151
0.0182747
0.0926899
0.181016
0.182343
0.204109
0.0899024
0.033265
0.0818092
0.0387341
0.00796156
0.117342
0.0645298
0.00993334
0.131763
0.0352561
0.00249015
0.0466225
0.17508
0.13474
0.177689
0.235427
0.179395
0.0568308
-nan
0.00151764
0.00196092
0.0425114
0.0235011
0.125972
0.182232
0.349213
0.073367
0.0757568
0.00183313
0.0927427
0.125877
0.22657
0.112924
0.0703014
0.013568
0.0247279
-nan
0.0115106
0.0234788
0.122286
0.0290964
0.00537428
0.0908903
0.0341627
0.0772588
0.0682417
0.0918691
0.0525402
0.0215162
0.0657928
0.0646959
0.0308633
-nan
0.120421
0.139345
0.107957
0.0523536
0.147455
0.101317
0.147499
0.19057
0.121121
0.0338255
0.0318989
0.288231
0.15309
0.16086
0.052788
0.0384381
0.118605
0.128994
-nan
-nan
-nan
0.0357472
0.0334689
0.115195
0.219752
0.128832
0.125145
0.0956078
0.0633146
0.119301
-nan
0.00407535
0.0583416
0.0436919
-nan
-nan
0.0476148
0.0274927
0.0333939
0.00337496
0.0336602
0.0257373
0.052947
-nan
-nan
-nan
0.000927791
0.0450622
0.111903
0.185112
0.0913004
0.128259
0.10963
0.0826419
0.057315
0.00339725
0.00100133
-nan
-nan
-nan
0.00149554
0.0868644
0.105201
0.0730108
0.15069
0.110769
-nan
-nan
-nan
0.000356773
0.0238147
0.0739423
0.0509907
-nan
-nan
0.0582248
0.169064
0.0685011
0.0458802
0.0250555
0.15558
-nan
0.00384707
-nan
0.0199002
-nan
0.00393309
0.0212253
0.0856602
0.120018
0.119089
0.00150542
0.0323031
0.0714594
0.0631415
0.194439
0.196602
0.044707
0.0937714
-nan
-nan
-nan
0.000356773
-nan
-nan
-nan
0.0599792
0.0532536
0.0235318
0.0521935
-nan
0.0494719
-nan
-nan
0.0763619
0.0139031
0.10052
0.141545
0.0108023
0.0583835
-nan
0.0678139
0.274919
0.366359
0.226488
0.183923
0.0538131
0.0549725
0.0540922
0.0909574
0.0137955
0.214635
0.0801449
0.00223938
0.00116949
0.0493234
0.102565
0.151979
0.173424
0.227795
0.231025
0.277023
0.113627
-nan
-nan
0.000822517
0.00651572
0.00471585
0.0364563
0.129608
0.172509
0.118023
0.163074
0.227607
0.146488
0.211945
0.114328
0.0493125
0.0908321
0.111789
0.0324776
0.164372
0.0929622
0.201668
0.211887
0.0686345
0.0303217
0.000356773
0.0296841
0.00876431
0.0437085
0.0143289
-nan
0.0938491
0.034756
0.0306076
0.066466
0.0350264
-nan
-nan
-nan
0.0419997
0.086645
0.169975
0.000607074
0.0432066
0.0118744
0.125977
0.242944
0.150381
0.159213
0.291558
0.084475
-nan
-nan
-nan
-nan
0.016466
0.0633654
0.120606
0.188985
0.0672687
0.0289556
0.0244386
-nan
-nan
-nan
-nan
0.079502
0.064538
0.00227169
-nan
0.0418664
0.110654
0.188678
0.00124769
-nan
-nan
-nan
0.00475123
-nan
0.000356773
0.0103119
0.138519
0.148746
0.351816
0.332387
0.159509
0.141387
0.0969837
0.0889626
0.188512
0.0542053
0.0857869
-nan
-nan
-nan
0.00451151
0.0369721
0.0659093
0.219442
0.205865
-nan
0.053693
0.142905
0.0947734
0.114949
0.0651433
0.186952
0.252227
0.331997
0.329299
0.210029
0.0465793
-nan
0.000607074
0.0480135
-nan
0.0307007
-nan
0.0782921
-nan
-nan
0.0260268
0.207831
0.0745862
0.0326789
0.161975
0.223341
0.411577
0.105485
0.138213
0.0380322
0.0905077
0.21574
0.167306
0.13016
0.0997116
0.166751
0.164887
0.0454384
0.236343
0.166122
0.106296
0.0807991
0.13568
0.123425
0.0722729
0.141462
0.0599886
0.0674243
0.00181249
0.0621967
0.114149
0.311974
0.043013
0.0354204
0.00532829
0.00314347
0.0115526
0.027168
0.0655691
0.0531799
0.119315
0.0163663
-nan
-nan
0.00186655
0.0934136
0.122074
0.0288058
0.117282
0.134329
0.0211233
-nan
-nan
-nan
-nan
0.000503992
0.00122146
0.0429804
0.176611
0.152043
0.166457
0.267019
0.308508
0.245099
0.187135
0.206526
0.125466
0.208799
0.112256
0.0650429
0.00128929
-nan
0.00157031
0.162081
0.0238064
0.104033
0.190537
0.120212
0.089201
0.0594764
0.128321
0.127943
0.0470546
0.00093641
0.00166486
0.0398016
0.0198013
0.183204
0.223244
0.0972163
0.117909
0.00157325
0.000356773
-nan
-nan
-nan
0.0966023
0.0134438
0.0659339
0.0469061
0.0948504
0.221979
0.0903281
0.0242988
0.00804189
0.0140343
0.139396
0.091318
0.119069
0.179079
0.0775659
0.069093
0.00208453
-nan
0.00228092
0.0209084
0.00145372
0.0599419
0.0316661
0.0522988
0.0780134
0.00794235
-nan
0.0128213
0.0847251
0.110773
0.0011368
0.0390516
0.199788
0.0406406
-nan
-nan
0.112955
0.0981717
0.223685
0.267923
0.172951
0.145029
0.0291799
0.00911119
0.0928253
0.180041
0.15928
0.0919668
0.0660635
0.0116269
0.220682
0.132519
0.0098918
0.105132
-nan
0.0301116
0.0188597
-nan
0.00305586
0.126156
0.0956761
0.135833
0.0421872
0.0024609
0.00240233
0.378279
0.314677
0.21445
0.0299624
0.0965238
0.0501986
0.0078727
0.107207
0.191089
0.0242639
0.157296
0.0199275
0.223238
0.316772
0.134942
0.0813364
0.0321197
0.0811552
0.00514276
-nan
0.0199033
0.0461356
0.0732993
0.090479
0.0505699
0.0727515
0.174379
0.123645
0.0171346
0.128911
0.0892848
0.0578319
0.167193
0.0960802
0.0801934
-nan
-nan
0.0614993
-nan
-nan
0.0305278
0.0920691
0.0869894
0.000607074
0.0352298
0.0734675
0.0377962
0.153774
0.225441
0.0649254
-nan
0.0136798
0.0775492
0.0835427
0.0149818
0.0515397
-nan
-nan
0.00338115
0.0377431
0.0010212
0.0096589
-nan
-nan
-nan
-nan
-nan
-nan
0.0358216
0.0431411
0.0147729
0.0136419
0.0486101
0.16187
-nan
0.0300842
0.0409977
0.21597
0.229656
0.141122
-nan
0.0911261
0.106005
0.0232997
0.15109
0.125133
0.10089
0.000356773
-nan
0.000356773
0.0635727
0.0857938
0.127927
0.0161456
0.000607074
-nan
-nan
0.050349
0.00130925
0.0577548
-nan
0.149629
-nan
0.0281072
-nan
0.234004
0.179355
0.0968564
0.153058
0.142391
0.177633
0.0839751
0.00450804
0.00196056
-nan
-nan
0.00214676
0.0168979
0.124033
0.0954519
0.221515
0.292464
0.256101
0.277729
0.254267
0.00543237
-nan
-nan
-nan
-nan
0.00254073
-nan
-nan
0.0260343
0.151512
0.107535
0.0661562
0.0162088
0.120307
0.157134
0.219224
0.074233
0.0771793
0.109727
0.0711163
-nan
0.00516132
0.167716
0.204387
0.177321
0.0748044
0.142012
0.0577354
0.136269
0.238405
0.312249
0.263981
0.0334071
-nan
0.222166
0.175664
0.107115
0.151798
0.0032064
0.102289
0.0612175
0.00132281
0.0740233
0.0936454
0.0581691
0.0416262
0.0201294
0.127759
0.0957832
0.0391167
0.245619
0.208402
0.248795
0.385422
0.326367
0.22315
0.198665
0.159603
0.0936226
0.0435541
0.00196021
-nan
0.00175675
0.0780802
0.0824884
0.0797808
0.0312619
0.0026392
0.0623059
0.0233655
0.0757081
0.0967807
0.173486
0.0862167
0.120794
0.188298
0.0125577
0.131673
0.00464223
0.114074
0.238947
0.0990127
0.182198
0.0221597
0.119359
0.00935877
0.0487501
0.136879
0.111512
0.128753
-nan
-nan
-nan
-nan
0.135016
0.0435872
0.228014
0.126818
0.000356773
0.00635349
-nan
-nan
-nan
0.00150542
-nan
-nan
-nan
-nan
-nan
-nan
0.031582
0.116709
0.109745
0.0808287
0.0250498
0.0221874
0.0432647
0.0469159
0.222067
0.160278
0.162263
0.0918613
0.0584401
0.0776164
0.0494965
0.112851
0.112502
0.167533
0.0586898
0.0127296
-nan
0.0573956
0.0202817
-nan
-nan
-nan
0.00220211
0.00275801
0.0646959
0.190755
0.0863071
0.0337371
0.021458
-nan
0.24938
0.17046
-nan
0.0848168
0.124666
0.282571
0.193682
0.261259
0.105471
0.00719711
0.0376945
0.0637216
0.205415
0.263299
-nan
0.000822517
0.0356266
-nan
0.066651
0.118546
0.0416511
0.0448952
0.186617
0.156445
0.198093
-nan
0.028436
0.107206
0.241269
0.04718
0.040403
0.0650894
0.00911161
0.0361142
-nan
-nan
-nan
-nan
-nan
-nan
0.0312618
0.16166
0.215489
0.200843
0.167552
0.209948
0.28335
0.0856661
-nan
0.0195813
0.127778
-nan
-nan
-nan
0.0103538
0.00790768
0.12743
0.14488
0.163181
0.0657219
0.0352695
0.0529273
0.0815937
0.15559
0.0435363
0.00999401
0.152707
0.260107
0.0752371
0.133783
0.0257203
0.204359
0.294184
0.185089
0.244058
0.00172621
0.0702916
0.0139039
-nan
-nan
0.000356773
0.00716302
0.038383
0.172877
0.23803
0.306575
0.210385
0.159742
0.408352
0.550444
0.300898
0.273892
0.172004
0.0256365
0.0781089
0.0137062
0.0866261
0.0754125
0.18981
0.0348026
-nan
0.0273071
0.0288024
0.0194735
0.0699371
0.0127577
-nan
0.00728022
-nan
0.0455194
0.0213405
0.252801
0.168305
0.114907
0.0300024
0.00345774
0.0830526
0.0219213
0.319781
0.242477
0.096467
0.181147
0.0732627
0.0134489
0.0248309
0.0217436
-nan
0.0293239
0.00504768
-nan
-nan
-nan
0.0865421
0.0500426
0.00215661
0.0384138
