0
0
0
0
0
0
0
0
0
0
0
0
0
0
0
0
0
0
0
0
0
0
0
0
0
0
0
0
0
0
0
0
0
0
0
0
0
0
4.64163e-06
2.96813e-05
0.000112578
0.000367238
0.000755839
0.000981158
0.000897259
0.00102294
0.00114289
0.00142916
0.00103493
0.000769437
0.000486004
0.000522686
0.000437474
0.000348665
0.000291578
0.000214285
0.000149586
0.000146767
0.000175147
0.000197488
0.000240234
0.000250522
0.000248506
0.000244016
0.000325631
0.000430333
0.000506564
0.000424906
0.000344658
0.000231682
0.000219801
0.000238532
0.000267769
0.000321366
0.000378511
0.000480298
0.000463145
0.00042948
0.000338011
0.000457804
0.000866755
0.000905893
0.000833507
0.000602403
0.000316767
0.000318119
0.000426352
0.000487274
0.000472456
0.000405706
0.000303533
0.000212155
0.000264962
0.000330769
0.000359567
0.000271644
0.000173104
0.00024492
0.000372952
0.000471867
