0
0
0
0
0
0
0
0
0
0
0
0
0
2.80622e-05
0.000368394
0.00115139
0.00174321
0.00207499
0.00197856
0.00158066
0.0012906
0.000969306
0.000964535
0.000860853
0.000948616
0.000808653
0.00071083
0.000728173
0.000743579
0.000662568
0.000649158
0.000571059
0.000525665
0.000599371
0.000572016
0.000535772
0.000604999
0.000485316
0.00045173
0.000518693
0.000508142
0.000496725
0.000413546
0.000442313
0.000426462
0.000389473
0.000404547
0.000348772
0.000381473
0.000411109
0.000365986
0.00037613
0.000344469
0.00034969
0.000359506
0.000305978
0.000283702
0.000335495
0.000296465
0.000321262
0.000286123
0.000281799
0.000324735
0.000272847
0.000245763
0.000252467
0.00025216
0.000278349
0.000257255
0.000245843
0.000236894
0.000244106
0.000259311
0.00023786
0.000212801
0.000209715
0.000230651
0.00021331
0.000203015
0.000212225
0.00022825
0.00020424
0.000234372
0.000220202
0.000215965
0.000200202
0.000195446
0.000184277
0.000168613
0.000191328
0.000185386
0.000197284
0.000203402
0.000207354
0.00017913
0.000165836
0.000174088
0.000182099
0.000166679
0.00016993
