0
0
0
0
0
0
0
0
0
0
0
0
0
0
0
0
0
0
0
0
0
0
0
0
0
0
0
0
0
0
0
0
0
2.34872e-06
1.75833e-05
8.49593e-05
0.000275751
0.000576255
0.000762696
0.000994945
0.00080893
0.000821027
0.00070975
0.000614496
0.00073793
0.000718373
0.00063333
0.000690569
0.000641868
0.000571793
0.000511333
0.000441889
0.000447972
0.00041368
0.000344578
0.000363966
0.000332741
0.000290714
0.00033452
0.000348186
0.000379186
0.00037784
0.000403276
0.000402742
0.000323039
0.000377132
0.000352457
0.000347373
0.000342572
0.000307598
0.000353474
0.000372509
0.000365934
0.000372771
0.000391889
0.000354508
0.000379744
0.000346428
0.000342704
0.000353104
0.000328341
0.000340947
0.000327756
0.000328336
0.000341268
0.000303731
0.000343238
0.000315377
0.000289547
0.000314864
0.000292625
0.000306097
0.000297751
0.000290729
0.000251224
0.000240732
0.000242595
0.000229968
0.000245189
0.000248292
