0
0
0
0
0
0
0
0
0
0
0
0
0
0.000134536
0.0235617
0.167668
0.322259
0.358257
0.32988
0.289163
0.256269
0.23134
0.213985
0.200108
0.190377
0.182434
0.179006
0.175134
0.172933
0.172143
0.172075
0.172489
0.170577
0.170302
0.16967
0.168713
0.168257
0.167183
0.166495
0.16556
0.165772
0.16582
0.164963
0.163691
0.164036
0.164212
0.163315
0.163575
0.163387
0.163808
0.163118
0.162995
0.162838
0.163309
0.162647
0.162797
0.162776
0.162412
0.161989
0.162397
0.162422
0.162256
0.162637
0.162417
0.162639
0.162556
0.162295
0.162106
0.16235
0.162249
0.162365
0.162385
0.162181
0.16259
0.162647
0.162138
0.162452
0.162438
0.16252
0.162359
0.162261
0.162525
0.162379
0.162561
0.162447
0.162455
0.162203
0.16246
0.162555
0.162554
0.162453
0.162476
0.162524
0.162185
0.162399
0.162691
0.162301
0.162924
0.162759
0.162583
