0
0
0
0
0
0
0
0
0
0
0
0
0
0
0
0
0
0
0
0
0
0
0
0
0
0
0
0
0
0
0
0
0
2.36055e-06
0.000226473
0.00389671
0.0269727
0.0907282
0.19485
0.302523
0.381128
0.416786
0.415376
0.392099
0.359159
0.32178
0.285535
0.254073
0.22671
0.20301
0.184324
0.166995
0.153299
0.142353
0.134002
0.126424
0.120386
0.116697
0.113379
0.111347
0.110608
0.109842
0.110756
0.112417
0.114822
0.118453
0.122749
0.127999
0.133749
0.140034
0.14691
0.154006
0.160732
0.167745
0.173678
0.180387
0.186383
0.191761
0.195711
0.198466
0.200007
0.199857
0.198989
0.197024
0.193386
0.189048
0.185089
0.180465
0.175583
0.170901
0.166767
0.16277
0.159104
0.156047
0.153377
0.151233
0.149582
0.147403
0.146061
0.14615
