0
0
0
0
0
0
0
0
0
0
0
0
0
0
0
0
0
0
0
0
0
0
0
0
0
0
0
0
0
0
0
0
0
0
0
0
0
0
1.43529e-05
0.000586703
0.00778994
0.0476752
0.163433
0.364093
0.589502
0.752708
0.799849
0.734714
0.598122
0.441273
0.297237
0.185228
0.10599
0.0572895
0.0290149
0.0142018
0.00805014
0.0068572
0.00989188
0.0172928
0.0302904
0.049109
0.0744713
0.103081
0.131157
0.151514
0.159116
0.152632
0.132648
0.105113
0.0762848
0.0520471
0.0361465
0.0314989
0.0418791
0.0710272
0.122822
0.196398
0.283827
0.367977
0.428801
0.448368
0.421683
0.359557
0.278632
0.197421
0.131552
0.0888136
0.0708649
0.0755089
0.0964825
0.124855
0.151227
0.168202
0.169621
0.15204
0.12886
0.107509
0.0939923
0.094269
