           0    -7.53851        -inf        -nan
           1    -7.58441    -7.58441           0
           2     -7.5857    -7.58505 0.000642845
           3    -7.57409     -7.5814  0.00367259
           4     -7.5307    -7.56872   0.0129386
           5    -7.49361     -7.5537    0.018059
           6    -7.53885    -7.55123   0.0149513
           7    -7.49588    -7.54332   0.0149062
           8    -7.58358    -7.54835   0.0138556
           9    -7.53798     -7.5472   0.0122737
          10    -7.55858    -7.54834   0.0110368
          11    -7.56107     -7.5495   0.0100501
          12    -7.55268    -7.54976  0.00917826
          13    -7.48219    -7.54456   0.0099146
          14     -7.5172    -7.54261  0.00938488
          15    -7.56433    -7.54406  0.00885608
          16    -7.56411    -7.54531  0.00837837
          17    -7.58119    -7.54742  0.00814817
          18    -7.60036    -7.55036  0.00822581
          19    -7.51939    -7.54873  0.00794982
          20    -7.58977    -7.55078  0.00781601
          21    -7.52985    -7.54979  0.00750106
          22    -7.50244    -7.54763  0.00746884
          23    -7.55628    -7.54801  0.00714662
          24    -7.60008    -7.55018  0.00717814
          25    -7.56508    -7.55078  0.00691079
          26    -7.52128    -7.54964  0.00673591
          27    -7.53175    -7.54898  0.00651544
          28    -7.57221    -7.54981  0.00633301
          29    -7.54366     -7.5496  0.00611441
          30    -7.51034    -7.54829  0.00605029
          31    -7.57635    -7.54919  0.00592145
          32    -7.56947    -7.54983  0.00576831
          33    -7.50298    -7.54841  0.00576819
          34    -7.55867    -7.54871   0.0056041
          35    -7.58282    -7.54968   0.0055282
          36    -7.54981    -7.54969  0.00537245
          37    -7.59377    -7.55088  0.00535934
          38    -7.58705    -7.55183  0.00530255
          39    -7.55082     -7.5518  0.00516486
          40    -7.59223    -7.55281  0.00513455
          41    -7.54803     -7.5527  0.00500911
          42    -7.53569    -7.55229  0.00490512
          43    -7.53572    -7.55191  0.00480518
          44    -7.55965    -7.55208    0.004698
          45    -7.52727    -7.55153   0.0046254
          46    -7.50507    -7.55052  0.00463512
          47    -7.55623    -7.55064  0.00453705
          48    -7.56031    -7.55085  0.00444609
          49    -7.56343     -7.5511  0.00436197
          50    -7.58324    -7.55174  0.00432189
          51    -7.56183    -7.55194  0.00424092
          52    -7.53125    -7.55154  0.00417756
          53    -7.54659    -7.55145  0.00409905
          54    -7.55424     -7.5515  0.00402276
          55    -7.54958    -7.55147  0.00394909
          56    -7.54209     -7.5513  0.00388154
          57    -7.51025    -7.55058  0.00388025
          58    -7.48393    -7.54943  0.00398219
          59    -7.57608    -7.54988  0.00394008
          60    -7.50008    -7.54905  0.00396177
          61    -7.53825    -7.54888   0.0039003
          62     -7.5363    -7.54867  0.00384224
          63    -7.57305    -7.54906  0.00380051
          64    -7.58358     -7.5496  0.00377934
          65    -7.56187    -7.54979  0.00372553
          66    -7.56406       -7.55  0.00367502
          67    -7.52061    -7.54957  0.00364623
          68    -7.52495     -7.5492   0.0036104
          69    -7.58889    -7.54978  0.00360389
          70     -7.5338    -7.54955  0.00355937
          71    -7.55331     -7.5496  0.00350928
          72    -7.54728    -7.54957  0.00346034
          73    -7.55196     -7.5496  0.00341277
          74    -7.55939    -7.54974  0.00336893
          75    -7.54205    -7.54963  0.00332529
          76     -7.6001     -7.5503  0.00334776
          77    -7.53451    -7.55009  0.00331036
          78    -7.52091    -7.54972  0.00328899
          79    -7.52743    -7.54944  0.00325932
          80    -7.56292     -7.5496  0.00322273
          81    -7.54387    -7.54953  0.00318348
          82    -7.54193    -7.54944  0.00314578
          83    -7.51796    -7.54906  0.00313071
          84    -7.54987    -7.54907  0.00309323
          85    -7.56221    -7.54923  0.00306053
          86    -7.54597    -7.54919  0.00302497
          87    -7.54544    -7.54915  0.00299031
          88    -7.53884    -7.54903  0.00295845
          89    -7.58069    -7.54938  0.00294657
          90    -7.53772    -7.54925  0.00291653
          91    -7.54544    -7.54921  0.00288461
          92    -7.54053    -7.54912  0.00285464
          93     -7.5464    -7.54909  0.00282393
          94    -7.55877    -7.54919  0.00279562
          95    -7.56823    -7.54939  0.00277329
          96    -7.53264    -7.54922  0.00274979
          97    -7.61117    -7.54986  0.00279523
          98    -7.53978    -7.54975  0.00276847
          99    -7.51193    -7.54937  0.00276688
           0    -5.47661        -inf        -nan
           1    -5.51898    -5.51898           0
           2    -5.53131    -5.52515  0.00616317
           3    -5.45223    -5.50084   0.0245657
           4    -5.47388     -5.4941   0.0186328
           5    -5.49457    -5.49419   0.0144332
           6    -5.50742     -5.4964    0.011989
           7    -5.43978    -5.48831   0.0129652
           8     -5.4833    -5.48768   0.0112456
           9    -5.48364    -5.48723  0.00992788
          10    -5.49892     -5.4884  0.00895631
          11     -5.4232    -5.48247   0.0100385
          12    -5.49365    -5.48341    0.009211
          13     -5.4195    -5.47849  0.00979569
          14    -5.45815    -5.47704  0.00918465
          15    -5.40816    -5.47245  0.00970534
          16    -5.48163    -5.47302  0.00909665
          17    -5.44654    -5.47146  0.00868562
          18     -5.5198    -5.47415  0.00861795
          19    -5.43561    -5.47212  0.00840029
          20    -5.43512    -5.47027  0.00818107
          21    -5.46381    -5.46996  0.00778783
          22    -5.40242    -5.46689  0.00803512
          23    -5.50112    -5.46838  0.00782074
          24     -5.4449     -5.4674  0.00755144
          25    -5.43124    -5.46595  0.00738611
          26    -5.45293    -5.46545    0.007114
          27    -5.42298    -5.46388  0.00702384
          28    -5.44999    -5.46339  0.00678649
          29    -5.44388    -5.46271  0.00658272
          30     -5.4062    -5.46083  0.00663263
          31    -5.50341     -5.4622  0.00656053
          32     -5.4758    -5.46263   0.0063664
          33    -5.37844    -5.46008  0.00667707
          34    -5.51914    -5.46181  0.00670659
          35    -5.48392    -5.46245  0.00654273
          36    -5.42748    -5.46147  0.00643214
          37    -5.52351    -5.46315  0.00647668
          38     -5.4583    -5.46302  0.00630523
          39    -5.47689    -5.46338  0.00615171
          40     -5.4639    -5.46339  0.00599596
          41    -5.46123    -5.46334  0.00584813
          42    -5.42882    -5.46252  0.00576605
          43    -5.45596    -5.46236  0.00563242
          44    -5.44741    -5.46202  0.00551341
          45    -5.44564    -5.46166  0.00540177
          46     -5.4361     -5.4611  0.00531219
          47    -5.46437    -5.46117   0.0051984
          48    -5.44839    -5.46091  0.00509591
          49    -5.42122     -5.4601  0.00505613
          50    -5.51469    -5.46119  0.00507288
          51     -5.5083    -5.46211  0.00505749
          52    -5.43262    -5.46155  0.00499162
          53    -5.47347    -5.46177   0.0049017
          54    -5.50456    -5.46256  0.00487489
          55    -5.46737    -5.46265  0.00478623
          56    -5.44451    -5.46233  0.00471114
          57    -5.45731    -5.46224  0.00462859
          58    -5.43573    -5.46178  0.00457099
          59    -5.46448    -5.46183  0.00449308
          60    -5.45612    -5.46173  0.00441859
          61     -5.4885    -5.46217  0.00436765
          62     -5.4576     -5.4621  0.00429726
          63    -5.41613    -5.46137  0.00429099
          64     -5.5017      -5.462  0.00427016
          65    -5.43316    -5.46155   0.0042273
          66    -5.45103     -5.4614  0.00416581
          67    -5.44008    -5.46108  0.00411548
          68    -5.44081    -5.46078  0.00406545
          69    -5.47163    -5.46094  0.00400918
          70    -5.46088    -5.46094  0.00395149
          71    -5.45711    -5.46088  0.00389581
          72    -5.41399    -5.46023  0.00389614
          73    -5.44726    -5.46005   0.0038465
          74     -5.5221    -5.46089  0.00388572
          75    -5.48579    -5.46122  0.00384791
          76    -5.55638    -5.46247  0.00399806
          77    -5.48527    -5.46277  0.00395689
          78    -5.49255    -5.46315  0.00392444
          79    -5.49169    -5.46351  0.00389125
          80    -5.42695    -5.46306  0.00386939
          81    -5.49415    -5.46344  0.00384055
          82    -5.46579    -5.46347  0.00379354
          83    -5.46801    -5.46352  0.00374795
          84    -5.47886    -5.46371  0.00370756
          85    -5.46853    -5.46376  0.00366412
          86    -5.45521    -5.46366  0.00362263
          87    -5.48478    -5.46391  0.00358897
          88    -5.47923    -5.46408  0.00355222
          89    -5.48059    -5.46427  0.00351697
          90    -5.43562    -5.46395  0.00349221
          91    -5.45936     -5.4639  0.00345399
          92    -5.51964     -5.4645  0.00346954
          93    -5.44334    -5.46428  0.00343957
          94    -5.50837    -5.46475  0.00343496
          95    -5.48634    -5.46497   0.0034062
          96    -5.43523    -5.46466  0.00338474
          97    -5.48376    -5.46486  0.00335545
          98    -5.49364    -5.46515  0.00333399
          99    -5.47915    -5.46529  0.00330317
           0   -0.407772        -inf        -nan
           1   -0.403257   -0.403257           0
           2   -0.433602    -0.41843   0.0151724
           3   -0.415482   -0.417447  0.00881473
           4   -0.403075   -0.413854   0.0071944
           5   -0.414356   -0.413954  0.00557366
           6   -0.409431     -0.4132  0.00461291
           7    -0.42648   -0.415098  0.00433568
           8   -0.403951   -0.413704    0.004005
           9   -0.413415   -0.413672  0.00353222
          10   -0.418582   -0.414163  0.00319724
          11   -0.410306   -0.413812  0.00291319
          12    -0.40832   -0.413355  0.00269847
          13   -0.408692   -0.412996  0.00250802
          14   -0.405041   -0.412428  0.00239048
          15   -0.413037   -0.412468  0.00222578
          16    -0.41161   -0.412415  0.00208272
          17   -0.402608   -0.411838  0.00203966
          18   -0.410617    -0.41177  0.00192421
          19   -0.409647   -0.411658  0.00182354
          20   -0.386264   -0.410389  0.00214593
          21   -0.409638   -0.410353   0.0020415
          22   -0.415555   -0.410589  0.00196081
          23   -0.424903   -0.411212  0.00197427
          24   -0.418054   -0.411497   0.0019116
          25   -0.403918   -0.411194  0.00185844
          26   -0.426855   -0.411796  0.00188439
          27   -0.416296   -0.411963   0.0018209
          28   -0.405088   -0.411717  0.00177176
          29   -0.422558   -0.412091  0.00174996
          30    -0.43697    -0.41292  0.00188306
          31   -0.427223   -0.413382  0.00187884
          32   -0.426806   -0.413801  0.00186692
          33    -0.41134   -0.413727    0.001811
          34   -0.405625   -0.413488  0.00177301
          35   -0.408337   -0.413341  0.00172789
          36   -0.411353   -0.413286  0.00168012
          37   -0.414526   -0.413319  0.00163442
          38    -0.41851   -0.413456  0.00159668
          39   -0.417124    -0.41355  0.00155804
          40   -0.429033   -0.413937  0.00156715
          41   -0.416503      -0.414  0.00152973
          42   -0.421689   -0.414183  0.00150405
          43   -0.432206   -0.414602  0.00152729
          44   -0.410613   -0.414511  0.00149493
          45   -0.422018   -0.414678  0.00147082
          46   -0.415742   -0.414701  0.00143868
          47   -0.420194   -0.414818  0.00141258
          48   -0.424805   -0.415026   0.0013984
          49   -0.418965   -0.415107  0.00137192
          50   -0.399671   -0.414798   0.0013792
          51   -0.439614   -0.415284  0.00143679
          52    -0.42879   -0.415544  0.00143263
          53   -0.418715   -0.415604  0.00140661
          54   -0.424664   -0.415772  0.00139048
          55   -0.398129   -0.415451  0.00140215
          56   -0.408139    -0.41532  0.00138306
          57   -0.399916    -0.41505  0.00138519
          58   -0.412077   -0.414999  0.00136207
          59   -0.402141   -0.414781   0.0013564
          60   -0.412746   -0.414747  0.00133404
          61    -0.41307    -0.41472  0.00131227
          62    -0.42497   -0.414885  0.00130148
          63   -0.414094   -0.414872  0.00128071
          64    -0.42877   -0.415089  0.00127911
          65   -0.405019   -0.414935  0.00126878
          66   -0.400195   -0.414711  0.00126921
          67   -0.413475   -0.414693  0.00125026
          68   -0.407253   -0.414583  0.00123658
          69    -0.40537    -0.41445  0.00122582
          70   -0.418348   -0.414505  0.00120947
          71   -0.411497   -0.414463  0.00119306
          72    -0.41154   -0.414423  0.00117708
          73   -0.391545   -0.414109   0.0012024
          74   -0.426549   -0.414277   0.0011979
          75   -0.417358   -0.414318  0.00118253
          76   -0.447359   -0.414753  0.00124522
          77   -0.435581   -0.415024  0.00125836
          78   -0.423955   -0.415138  0.00124739
          79   -0.404984    -0.41501  0.00123819
          80   -0.407386   -0.414914  0.00122632
          81   -0.397874   -0.414704  0.00122922
          82   -0.400396   -0.414529  0.00122661
          83   -0.413845   -0.414521  0.00121177
          84   -0.413616    -0.41451  0.00119731
          85    -0.42711   -0.414659  0.00119239
          86   -0.410042   -0.414605  0.00117966
          87   -0.412656   -0.414582  0.00116624
          88   -0.404463   -0.414467  0.00115863
          89   -0.410718   -0.414425  0.00114631
          90   -0.425431   -0.414548  0.00114008
          91   -0.401268   -0.414402  0.00113689
          92   -0.409821   -0.414352  0.00112557
          93   -0.424002   -0.414456  0.00111822
          94   -0.433855   -0.414662  0.00112535
          95   -0.413034   -0.414645  0.00111357
          96   -0.419168   -0.414692  0.00110292
          97   -0.416683   -0.414713  0.00109168
          98   -0.397879   -0.414541  0.00109405
          99   -0.414821   -0.414544  0.00108295
