           0     7.64268         inf        -nan
           1     7.39263     7.39263           0
           2     7.37189     7.38226   0.0103711
           3       7.441     7.40184   0.0204736
           4     7.68508     7.47265   0.0722753
           5     7.87676     7.55347   0.0983184
           6     7.63176     7.56652   0.0813302
           7     7.87707     7.61089     0.08181
           8     7.37706     7.58166   0.0766416
           9     7.63444     7.58752   0.0678454
          10     7.54094     7.58286   0.0608613
          11     7.50888     7.57614   0.0554605
          12     7.55084     7.57403   0.0506722
          13     7.96044     7.60375   0.0552824
          14     7.75032     7.61422   0.0522414
          15     7.50094     7.60667    0.049217
          16     7.50649     7.60041    0.046462
          17     7.40876     7.58914    0.045076
          18     7.30072     7.57311   0.0454183
          19       7.747     7.58226   0.0439253
          20     7.35824     7.57106   0.0431504
          21     7.67594     7.57606   0.0413469
          22     7.83538     7.58784   0.0411472
          23     7.53704     7.58564   0.0393795
          24     7.30256     7.57384   0.0395049
          25     7.47406     7.56985   0.0381014
          26     7.72076     7.57565   0.0370639
          27     7.68274     7.57962   0.0358846
          28     7.44785     7.57491   0.0348981
          29      7.6212     7.57651    0.033711
          30     7.79044     7.58364   0.0333395
          31     7.43468     7.57884   0.0326022
          32     7.46445     7.57526   0.0317686
          33      7.8376     7.58321   0.0318006
          34     7.51794     7.58129   0.0309108
          35     7.38773     7.57576   0.0305198
          36     7.56011     7.57533   0.0296631
          37      7.3323     7.56876   0.0295885
          38     7.37043     7.56354   0.0292685
          39     7.57264     7.56377   0.0285091
          40      7.3386     7.55814   0.0283517
          41     7.59074     7.55894    0.027663
          42      7.6536     7.56119   0.0270902
          43     7.64975     7.56325   0.0265328
          44     7.51579     7.56217   0.0259452
          45     7.69169     7.56505   0.0255248
          46     7.81559      7.5705    0.025551
          47     7.53237     7.56969   0.0250147
          48     7.51267      7.5685   0.0245168
          49     7.50361     7.56717   0.0240477
          50     7.39004     7.56363   0.0238267
          51     7.51208     7.56262   0.0233767
          52      7.6833     7.56494   0.0230399
          53     7.59903     7.56558   0.0226101
          54     7.53938      7.5651   0.0221928
          55     7.57396     7.56526   0.0217861
          56     7.63928     7.56658   0.0214344
          57     7.79243     7.57054   0.0214245
          58     7.93237     7.57678   0.0219568
          59     7.43943     7.57446   0.0217066
          60     7.85767     7.57918   0.0218575
          61     7.62291     7.57989   0.0215082
          62     7.64156     7.58089   0.0211818
          63     7.44225     7.57869   0.0209587
          64     7.39499     7.57582   0.0208274
          65      7.5135     7.57486   0.0205268
          66     7.49667     7.57367   0.0202481
          67     7.73808     7.57613    0.020094
          68     7.72176     7.57827   0.0199118
          69     7.34967     7.57496   0.0198989
          70     7.67067     7.57632   0.0196601
          71     7.56176     7.57612   0.0193823
          72      7.5953     7.57638   0.0191131
          73     7.57612     7.57638   0.0188495
          74     7.53061     7.57576   0.0186033
          75     7.62163     7.57637   0.0183637
          76     7.29644     7.57269   0.0184911
          77     7.66205     7.57385   0.0182862
          78     7.72536     7.57579   0.0181545
          79     7.68896     7.57723   0.0179803
          80     7.50108     7.57627   0.0177797
          81     7.61343     7.57673   0.0175648
          82     7.60715      7.5771   0.0173532
          83     7.75174     7.57921   0.0172715
          84     7.56804     7.57907   0.0170652
          85     7.51647     7.57834   0.0168793
          86     7.58781     7.57845   0.0166822
          87      7.5884     7.57856   0.0164897
          88     7.64313      7.5793   0.0163178
          89     7.39021     7.57717   0.0162727
          90     7.64204     7.57789    0.016107
          91     7.59764     7.57811   0.0159305
          92     7.60655     7.57842   0.0157594
          93       7.594     7.57859   0.0155899
          94     7.52681     7.57804    0.015433
          95     7.47936       7.577    0.015305
          96     7.65931     7.57785    0.015169
          97     7.24478     7.57442   0.0153995
          98     7.63634     7.57505   0.0152547
          99      7.7841     7.57716   0.0152467
           0      1.2595         inf        -nan
           1     1.13211     1.13211           0
           2     1.03454     1.08332   0.0487818
           3     1.60273     1.25646    0.175413
           4     1.37003     1.28485    0.127243
           5     1.22113     1.27211    0.099383
           6     1.12591     1.24774    0.084725
           7     1.58215     1.29551   0.0860788
           8     1.26938     1.29225    0.074618
           9     1.21721     1.28391   0.0663329
          10     1.25012     1.28053   0.0594261
          11     1.62716     1.31204   0.0623088
          12     1.23706     1.30579   0.0572221
          13     1.59732     1.32822   0.0572146
          14     1.40836     1.33394   0.0532789
          15     1.61996     1.35301   0.0531387
          16     1.33933     1.35216   0.0497141
          17     1.45752     1.35835   0.0471077
          18     1.12768     1.34554   0.0462255
          19     1.50392     1.35387   0.0445125
          20     1.61158     1.36676   0.0441503
          21     1.34395     1.36567   0.0420094
          22      1.7132     1.38147   0.0430567
          23     1.22334     1.37459   0.0417126
          24     1.44603     1.37757   0.0400475
          25     1.47909     1.38163   0.0386263
          26     1.39004     1.38196   0.0371123
          27     1.63026     1.39115   0.0368765
          28     1.50869     1.39535   0.0357821
          29     1.54102     1.40037   0.0348897
          30     1.79038     1.41337   0.0361268
          31     1.14513     1.40472   0.0359974
          32     1.30425     1.40158   0.0349955
          33      1.8346      1.4147   0.0363681
          34     1.21503     1.40883   0.0357677
          35     1.34176     1.40691   0.0347835
          36     1.61063     1.41257   0.0342739
          37     1.04089     1.40253   0.0348154
          38     1.45215     1.40383    0.033912
          39     1.28822     1.40087   0.0331638
          40     1.34228      1.3994   0.0323572
          41     1.35618     1.39835   0.0315758
          42     1.54522     1.40185   0.0310126
          43     1.45977     1.40319   0.0303127
          44     1.51731     1.40579   0.0297291
          45     1.64632     1.41113   0.0295485
          46     1.52553     1.41362   0.0290058
          47     1.36413     1.41257   0.0284015
          48     1.48941     1.41417   0.0278495
          49     1.68167     1.41963   0.0278162
          50     1.13206     1.41387   0.0278544
          51     1.15637     1.40883   0.0277657
          52     1.51007     1.41077   0.0272961
          53     1.30481     1.40877   0.0268506
          54     1.25029     1.40584   0.0265117
          55     1.37389     1.40526   0.0260317
          56     1.43697     1.40582   0.0255689
          57     1.44071     1.40644   0.0251237
          58     1.49945     1.40804   0.0247388
          59     1.44302     1.40863   0.0243231
          60     1.40929     1.40864   0.0239143
          61     1.28963     1.40669   0.0235998
          62     1.43634     1.40717   0.0232209
          63      1.6361      1.4108   0.0231365
          64     1.27796     1.40873   0.0228666
          65     1.57342     1.41126   0.0226542
          66     1.39819     1.41106   0.0223091
          67     1.49102     1.41226    0.022006
          68     1.50182     1.41357     0.02172
          69     1.37241     1.41298   0.0214112
          70     1.38467     1.41257    0.021107
          71     1.41759     1.41264   0.0208077
          72     1.68082     1.41637    0.020852
          73     1.52435     1.41785   0.0206175
          74     1.10265     1.41359   0.0207783
          75     1.26288     1.41158   0.0205976
          76     1.02221     1.40646   0.0209606
          77     1.24384     1.40434   0.0207941
          78     1.26817      1.4026   0.0205999
          79     1.28862     1.40116   0.0203885
          80     1.57509     1.40333   0.0202491
          81     1.25734     1.40153   0.0200786
          82     1.46573     1.40231   0.0198477
          83     1.43606     1.40272   0.0196113
          84     1.36388     1.40225    0.019382
          85     1.42613     1.40254   0.0191547
          86     1.45829     1.40318   0.0189417
          87     1.25895     1.40153    0.018796
          88      1.2741     1.40008   0.0186375
          89     1.34828      1.3995   0.0184361
          90     1.59877     1.40171   0.0183641
          91     1.42122     1.40192   0.0181624
          92     1.13678     1.39904   0.0181936
          93     1.48753     1.39999   0.0180221
          94     1.23897     1.39828   0.0179114
          95      1.2371     1.39658   0.0178029
          96     1.64921     1.39922   0.0178119
          97      1.2469     1.39765   0.0176972
          98     1.29988     1.39665    0.017544
          99     1.32731     1.39595     0.01738
           0   0.0480575         inf        -nan
           1   0.0491349   0.0491349           0
           2   0.0478085   0.0484717 0.000663221
           3   0.0477036   0.0482157 0.000460619
           4   0.0501222   0.0486923 0.000577302
           5   0.0489278   0.0487394  0.00044965
           6   0.0493842   0.0488469 0.000382542
           7   0.0486872   0.0488241  0.00032411
           8   0.0503991   0.0490209 0.000342853
           9   0.0488572   0.0490028 0.000302915
          10   0.0488171   0.0489842  0.00027157
          11   0.0487749   0.0489652  0.00024638
          12   0.0489904   0.0489673 0.000224923
          13   0.0493338   0.0489955 0.000208812
          14    0.049203   0.0490103  0.00019389
          15   0.0494142   0.0490372 0.000182499
          16   0.0502205   0.0491112 0.000186042
          17   0.0485007   0.0490753 0.000178408
          18   0.0479248   0.0490113 0.000179938
          19     0.04944   0.0490339 0.000171694
          20    0.049786   0.0490715 0.000167168
          21   0.0499815   0.0491148 0.000164808
          22   0.0489248   0.0491062 0.000157375
          23   0.0485712   0.0490829 0.000152166
          24   0.0498421   0.0491146 0.000149082
          25   0.0488506    0.049104 0.000143384
          26    0.048845   0.0490941 0.000138118
          27   0.0485052   0.0490722 0.000134682
          28   0.0491219    0.049074 0.000129795
          29   0.0497375   0.0490969 0.000127312
          30   0.0492229   0.0491011 0.000123067
          31   0.0481762   0.0490713 0.000122713
          32   0.0488842   0.0490654  0.00011896
          33   0.0497603   0.0490865 0.000117206
          34   0.0499262   0.0491112 0.000116358
          35   0.0496557   0.0491267  0.00011405
          36   0.0480268   0.0490962 0.000114971
          37   0.0505099   0.0491344 0.000118168
          38   0.0484072   0.0491153 0.000116597
          39    0.048961   0.0491113 0.000113637
          40   0.0490856   0.0491107 0.000110762
          41   0.0511144   0.0491595 0.000118567
          42   0.0486271   0.0491468 0.000116402
          43   0.0485379   0.0491327 0.000114542
          44   0.0504954   0.0491637 0.000116115
          45    0.048813   0.0491559 0.000113772
          46   0.0482194   0.0491355 0.000113118
          47   0.0496351   0.0491461 0.000111195
          48   0.0485488   0.0491337 0.000109562
          49   0.0500531   0.0491525 0.000108931
          50    0.049546   0.0491603  0.00010702
          51    0.049488   0.0491668 0.000105097
          52   0.0477015   0.0491386 0.000106839
          53   0.0495741   0.0491468 0.000105126
          54   0.0484503   0.0491339 0.000103964
          55   0.0496856   0.0491439 0.000102548
          56   0.0475514   0.0491155 0.000104639
          57   0.0506614   0.0491426 0.000106304
          58   0.0497046   0.0491523 0.000104904
          59   0.0498333   0.0491638 0.000103755
          60    0.049363   0.0491672 0.000102065
          61   0.0491084   0.0491662 0.000100382
          62   0.0495833   0.0491729 9.89786e-05
          63   0.0497369   0.0491819 9.78054e-05
          64   0.0479225   0.0491622 9.82555e-05
          65   0.0492888   0.0491641 9.67517e-05
          66   0.0499963   0.0491768 9.61052e-05
          67   0.0481368   0.0491612 9.59241e-05
          68   0.0490804     0.04916 9.45104e-05
          69   0.0487603   0.0491543 9.33106e-05
          70   0.0495221   0.0491595 9.21179e-05
          71   0.0495191   0.0491646 9.09523e-05
          72   0.0489635   0.0491618 8.97237e-05
          73   0.0490555   0.0491603  8.8498e-05
          74   0.0502204   0.0491746 8.84616e-05
          75   0.0491027   0.0491737 8.72794e-05
          76   0.0477818   0.0491554  8.8049e-05
          77   0.0499225   0.0491653 8.74673e-05
          78   0.0486551   0.0491588 8.65861e-05
          79   0.0479773   0.0491438 8.67813e-05
          80   0.0487541    0.049139 8.58281e-05
          81   0.0500546   0.0491503 8.55122e-05
          82   0.0499343   0.0491598 8.50025e-05
          83   0.0475709   0.0491407 8.61267e-05
          84   0.0491821   0.0491412 8.50966e-05
          85   0.0488361   0.0491376 8.41661e-05
          86   0.0487734   0.0491334 8.32894e-05
          87   0.0491781   0.0491339 8.23281e-05
          88    0.050117    0.049145 8.21504e-05
          89   0.0493672   0.0491475 8.12604e-05
          90   0.0498054   0.0491549 8.06843e-05
          91    0.049648   0.0491603 7.99765e-05
          92   0.0496918    0.049166 7.93131e-05
          93   0.0495568   0.0491703 7.85681e-05
          94   0.0473569    0.049151 8.00859e-05
          95    0.050793   0.0491682 8.11016e-05
          96   0.0493839   0.0491705 8.02838e-05
          97   0.0491159   0.0491699 7.94538e-05
          98   0.0499328   0.0491777 7.90232e-05
          99   0.0485238   0.0491711 7.84993e-05
