0.0254797
0.0259812
0.0262232
0.0267212
0.0266806
0.0267255
0.026763
0.026771
0.0268501
0.0269438
0.0272014
0.0271738
0.0272296
0.0273669
0.027297
0.0273105
0.0274171
0.0274005
0.027417
0.0274102
0.0274094
0.0274827
0.0274982
0.0274611
0.027444
0.0274399
0.0273901
0.0273585
0.0273438
0.0272886
0.0272674
0.027226
0.0271992
0.0271896
0.0271945
0.0272106
0.0271908
0.0271463
0.0271741
0.0272186
0.0271867
0.0272057
0.0272578
0.0272617
0.0272913
0.0273283
0.0273269
0.0273354
0.0272984
0.0272913
0.0272665
0.0272487
0.0272728
0.0272467
0.0272315
0.0272187
0.0272101
0.0271975
0.0271967
0.0272272
0.0272262
0.0272482
0.0272136
0.0272012
0.0271779
0.0272036
0.0272269
0.0272114
0.0272148
0.0272239
0.0272364
0.0272317
0.0272436
0.0272355
0.0272238
0.0271974
0.0272158
0.0272149
0.0272018
0.0272123
0.027229
0.0272123
0.0272058
0.0272263
0.0272153
0.027209
0.0271923
0.027176
0.027177
0.0271903
0.0272029
0.0272044
0.0271961
0.0271908
0.0271913
0.0271955
0.0272025
0.0272088
0.0271954
0.02718
