0
1.25747e-07
9.49388e-08
2.39386e-07
1.54524e-07
1.08992e-07
8.12777e-08
6.22847e-08
5.47665e-08
5.22712e-08
1.03509e-07
8.76731e-08
7.75795e-08
8.43982e-08
7.80802e-08
6.87955e-08
7.16305e-08
6.41523e-08
5.78347e-08
5.22397e-08
4.73835e-08
4.82939e-08
4.44149e-08
4.21068e-08
3.90861e-08
3.61533e-08
3.59172e-08
3.43587e-08
3.22394e-08
3.30749e-08
3.14091e-08
3.11324e-08
2.99722e-08
2.83254e-08
2.67533e-08
2.55396e-08
2.45569e-08
2.52086e-08
2.46859e-08
2.5394e-08
2.51621e-08
2.43298e-08
2.58576e-08
2.47105e-08
2.4485e-08
2.47706e-08
2.37296e-08
2.28209e-08
2.32386e-08
2.23681e-08
2.21008e-08
2.15689e-08
2.13297e-08
2.12152e-08
2.06775e-08
2.01055e-08
1.94795e-08
1.89683e-08
1.83314e-08
1.86374e-08
1.80322e-08
1.79275e-08
1.85407e-08
1.81152e-08
1.80981e-08
1.82052e-08
1.82001e-08
1.79055e-08
1.74017e-08
1.69897e-08
1.66677e-08
1.62301e-08
1.5928e-08
1.5564e-08
1.52879e-08
1.55772e-08
1.55119e-08
1.51176e-08
1.49056e-08
1.46439e-08
1.45615e-08
1.44845e-08
1.41796e-08
1.42611e-08
1.40472e-08
1.37627e-08
1.37232e-08
1.3676e-08
1.33715e-08
1.3249e-08
1.3117e-08
1.28356e-08
1.26291e-08
1.23894e-08
1.21302e-08
1.18967e-08
1.17009e-08
1.15019e-08
1.14477e-08
1.14556e-08
