2.80852
2.78258
2.7585
2.74002
2.72902
2.72575
2.72939
2.7381
2.74863
2.75753
2.76307
2.76562
2.76756
2.77582
2.8023
2.85329
2.917
2.9701
2.99558
2.99093
2.96394
2.92516
2.88364
2.84659
2.82107
2.81407
2.83003
2.86761
2.9189
2.97282
3.0201
3.05614
3.08063
3.09518
3.10041
3.09424
3.07318
3.03618
2.98655
2.9297
2.87095
2.81824
2.78325
2.77522
2.79455
2.83362
2.88184
2.92886
2.96583
2.98739
2.99349
2.98889
2.97929
2.96719
2.95018
2.9234
2.88489
2.8396
2.79972
2.77959
2.78694
2.81825
2.86231
2.90703
2.94351
2.96696
2.97679
2.97554
2.96514
2.94421
2.91075
2.86848
2.83024
2.81272
2.82513
2.86399
2.91664
2.96547
2.99258
2.98742
2.9536
2.90986
2.88146
2.88422
2.91546
2.96068
3.00507
3.0395
3.0611
3.07007
3.06667
3.05131
3.02509
2.98931
2.94979
2.92348
2.93043
2.97205
3.02746
3.07498
3.10861
3.13535
3.16435
3.19914
3.23628
3.26863
3.28815
3.28756
3.2618
3.20935
3.1326
3.03845
2.94014
2.85596
2.79933
2.77404
2.7852
2.83437
2.90182
2.95836
2.98953
2.99911
2.99746
2.99205
2.98685
2.98539
2.99276
3.01562
3.05791
3.1147
3.17197
3.21438
3.23339
3.22935
3.20804
3.17602
3.13751
3.09313
3.04092
2.97933
2.91048
2.84208
2.7871
2.76074
2.77103
2.80898
2.85334
2.88607
2.90111
2.90301
2.90156
2.90597
2.92074
2.94451
2.97166
2.99568
3.01195
3.01944
3.02083
3.02139
3.02683
3.04122
3.0656
3.09808
3.1356
3.17483
3.21081
3.23575
3.24127
3.22213
3.17835
3.11509
3.04098
2.96627
2.90113
2.85275
2.82209
2.80516
2.79939
2.80695
2.83118
2.87105
2.92044
2.97189
3.01961
3.05893
3.08418
3.08814
3.06547
3.02001
2.9697
2.93826
2.93636
2.95512
2.9781
2.99164
2.98653
2.95828
2.90786
2.8417
2.7745
2.73658
2.76331
2.85286
2.96132
3.04902
3.10176
3.122
3.11898
3.10539
3.09549
3.09997
3.11925
3.14334
3.15969
3.16204
3.15374
3.14341
3.13603
3.1294
3.11927
3.10452
3.08612
3.06468
3.03981
3.01062
2.97605
2.93517
2.88862
2.84089
2.80107
2.77876
2.77806
2.79682
2.83063
2.87446
2.92158
2.96352
2.99181
3.00075
2.9894
2.96275
2.93089
2.9054
2.89352
2.89438
2.90099
2.90632
2.90759
2.90526
2.90055
2.89578
2.89675
2.90964
2.93348
2.96088
2.9858
3.00584
3.01842
3.01788
2.99715
2.95255
2.88811
2.81604
2.75324
2.71522
2.71044
2.73693
2.78241
2.82961
2.86459
2.88333
2.89123
2.89481
2.89391
2.88393
2.86341
2.837
2.81313
2.80124
2.80864
2.83631
2.8768
2.91746
2.94724
2.96113
2.9595
2.94589
2.92627
2.90662
2.88794
2.86531
2.83346
2.7925
2.74918
2.71363
2.69518
2.70015
2.72923
2.77517
2.82473
2.86477
2.88752
2.89294
2.8879
2.88155
2.87877
2.87866
2.88034
2.88574
2.89455
2.90145
2.89979
2.88477
2.85404
2.80872
2.75545
2.70524
2.66768
2.64834
2.65242
2.68279
2.73309
2.79046
2.84462
2.89088
2.92828
2.95756
2.97871
2.98913
2.98546
2.96804
2.94208
2.91385
2.88759
2.86663
2.85465
2.85413
2.86473
2.88368
2.90673
2.92976
2.95036
2.96754
2.9795
2.98298
2.97605
2.96185
2.94877
2.94655
2.96031
2.9871
3.01812
3.04371
3.05628
3.05114
3.02751
2.99
2.94828
2.91348
2.89322
2.88889
2.89659
2.90799
2.91132
2.89613
2.86016
2.8131
2.77365
2.75749
2.76338
2.77455
2.77406
2.75639
2.72965
2.71045
2.71243
2.73613
2.77175
2.81151
2.85541
2.90621
2.9629
3.01905
3.0661
3.09894
3.11955
3.13521
3.15261
3.17336
3.19459
3.2125
3.22406
3.22561
3.21167
3.1764
3.11775
3.04191
2.96379
2.9003
2.86001
2.83795
2.82121
2.80009
2.77532
2.75557
2.74995
2.76232
2.79086
2.83103
2.87792
2.92662
2.9717
3.00811
3.03413
3.05208
3.06578
3.07863
3.09374
3.11384
3.14064
3.17331
3.20579
3.22718
3.22863
3.21082
3.18364
3.15858
3.14118
3.12959
3.1181
3.10058
3.07246
3.03207
2.98158
2.92744
2.87903
2.84551
2.83147
2.8356
2.85407
2.88524
2.93055
2.99101
3.06282
3.13689
3.20254
3.25163
3.28041
3.28925
3.2814
3.26163
3.23491
3.20512
3.17343
3.13774
3.09398
3.03904
2.97474
2.91034
2.85994
2.83409
2.83395
2.85428
2.8892
2.93361
2.98339
3.03604
3.08801
3.13142
3.15548
3.15186
3.1192
3.06461
3.00255
2.94879
2.91084
2.88518
2.86497
2.84711
2.83136
2.81661
2.80157
2.78707
2.77359
2.7577
2.73553
2.70865
2.68395
2.66913
2.66979
2.68973
2.73095
2.79228
2.86941
2.95441
3.03481
3.09667
3.12971
3.12988
3.0982
3.0385
2.95585
2.85819
2.76066
2.68602
2.65207
2.65756
2.68574
2.7177
2.74199
2.75821
2.77354
2.79489
2.82345
2.85549
2.88684
2.91523
2.93969
2.96009
2.97905
3.00254
3.03501
3.074
3.11165
3.14016
3.15367
3.14651
3.11282
3.04923
2.96058
2.86428
2.78565
2.74122
2.72813
2.73323
2.74609
2.76385
2.78896
2.82089
2.85093
2.86798
2.86711
2.8529
2.83672
2.82989
2.83628
2.85071
2.86364
2.86746
2.86131
2.852
2.84957
2.85935
2.87686
2.89052
2.89016
2.8742
2.851
2.83335
2.82985
2.84075
2.8608
2.88351
2.90318
2.91596
2.92032
2.91652
2.90554
2.88823
2.86614
2.84283
2.82414
2.81614
2.82147
2.83723
2.85862
2.88385
2.91215
2.93842
2.95468
2.95587
2.94185
2.9165
2.88768
2.86746
2.87008
2.90523
2.97039
3.05088
3.12852
3.18944
3.22627
3.23703
3.2225
3.1844
3.12718
3.06178
3.00393
2.96479
2.94458
2.93546
2.92744
2.91263
2.88989
2.87103
2.87864
2.92486
2.99586
3.06553
3.11624
3.14542
3.15944
3.16288
3.15477
3.13231
3.09444
3.04153
2.9739
2.89058
2.79076
2.67877
2.57222
2.5076
2.52154
2.61039
2.72859
2.83165
2.89997
2.93268
2.93651
2.92046
2.89423
2.86672
2.84442
2.83045
2.82396
2.82001
2.81124
2.79126
2.75881
2.72135
2.69435
2.6921
2.71587
2.75474
2.79658
2.83516
2.8695
2.90105
2.93261
2.96924
3.01646
3.0738
3.13236
3.18099
3.21283
3.22648
3.22503
3.2155
3.20604
3.20103
3.19834
3.19117
3.17204
3.13603
3.08286
3.01843
2.95453
2.90469
2.87644
2.86673
2.86535
2.86303
2.85505
2.83876
2.81238
2.77976
2.7548
2.75443
2.78454
2.83638
2.89476
2.94729
2.98888
3.01998
3.04144
3.05157
3.0477
3.02979
3.00267
2.97452
2.95323
2.94416
2.95061
2.97413
3.01252
3.05754
3.09598
3.11493
3.10861
3.08236
3.05052
3.02781
3.02044
3.02412
3.02894
3.02576
3.0096
2.97961
2.93815
2.89129
2.84943
2.8244
2.82351
2.84655
2.88789
2.94021
2.99636
3.04915
3.09103
3.11495
3.11741
3.10044
3.0698
3.03182
2.99265
2.95934
2.93852
2.93194
2.93424
2.93611
2.92997
2.91315
2.88744
2.85797
2.83255
2.81978
2.8248
2.84543
2.87266
2.89475
2.90203
2.8904
2.86398
2.83466
2.81452
2.805
2.79801
2.78667
2.76914
2.74476
2.71268
2.67503
2.64054
2.62497
2.64522
2.70818
2.80353
2.909
3.00353
3.07628
3.12665
3.15804
3.17173
3.16569
3.13768
3.08874
3.02457
2.95618
2.90189
2.88185
2.9
2.93756
2.97152
2.9894
2.98799
2.96668
2.92239
2.85255
2.7769
2.74929
2.7869
2.83552
2.85517
2.84901
2.8366
2.83663
2.8579
2.89431
2.93032
2.954
2.96466
2.97087
2.98356
3.00946
3.04879
3.09635
3.14396
3.1823
3.20166
3.19383
3.15767
3.10662
3.06577
3.0506
3.05076
3.0436
3.01562
2.96801
2.91123
2.85801
2.81702
2.78974
2.77294
2.76335
2.75867
2.75557
2.7513
2.74935
2.75791
2.77855
2.80352
2.82803
2.85619
2.8918
2.93102
2.96615
2.99054
3.00061
2.99957
3.0022
3.02715
3.07572
3.13068
3.17601
3.20476
3.21657
3.21436
3.19903
3.1667
3.11231
3.0347
2.93911
2.83636
2.74002
2.66426
2.62202
2.62075
2.65771
2.71995
2.7894
2.85039
2.89506
2.92373
2.9401
2.94547
2.93813
2.91657
2.88082
2.83313
2.78177
2.74244
2.73035
2.74706
2.77734
2.80143
2.80943
2.80382
2.79161
2.77751
2.76522
2.75959
2.7636
2.77488
2.78722
2.79541
2.79797
2.79748
2.79902
2.80788
2.82664
2.85414
2.88749
2.92475
2.96472
3.00478
3.0402
3.06531
3.0764
3.07468
3.06648
3.05952
3.05781
3.05972
3.06131
3.06083
3.06032
3.0635
3.07249
3.08599
3.09942
3.10659
3.10213
3.08451
3.058
3.03176
3.015
3.01048
3.01247
3.01136
2.99987
2.97675
2.94837
2.92817
2.92676
2.93834
2.94565
2.93717
2.91417
2.88671
2.86555
2.85506
2.85175
2.84933
2.84478
2.84044
2.84123
2.84973
2.86328
2.87552
2.88018
2.87464
2.86221
2.85149
2.85211
2.86835
2.89597
2.92553
2.94915
2.96456
2.97302
2.97494
2.9698
2.95873
2.94381
2.92661
2.91005
2.89886
2.89669
2.90325
2.91481
2.92712
2.93857
2.95182
2.97202
3.00189
3.03742
3.0696
3.09084
3.09957
3.09851
3.08973
3.072
3.04351
3.00587
2.96497
2.92875
2.90415
2.89531
2.90318
2.92583
2.95826
2.99319
3.02398
3.04668
3.05914
3.05969
3.04733
3.02237
2.98578
2.9385
2.88255
2.82251
2.76601
2.72238
2.69889
2.69655
2.71023
2.73231
2.75497
2.77052
2.77296
2.76126
2.74202
2.72849
2.73361
2.76211
2.81003
2.86855
