2.84778
2.84006
2.82631
2.80557
2.7764
2.73684
2.68444
2.61647
2.53039
2.42447
2.29877
2.15638
2.00429
1.85326
1.71585
1.60333
1.52267
1.47536
1.4581
1.46463
1.4875
1.51934
1.55378
1.58584
1.61229
1.63164
1.64404
1.65097
1.65455
1.65679
1.65885
1.66068
1.66117
1.65845
1.65041
1.6354
1.61303
1.58476
1.5538
1.5241
1.49891
1.47977
1.46665
1.45895
1.45637
1.45918
1.46762
1.48117
1.49831
1.51665
1.53347
1.54637
1.5536
1.55428
1.54859
1.53793
1.52483
1.51235
1.50291
1.49757
1.49609
1.49781
1.50212
1.50857
1.51651
1.52478
1.53183
1.53621
1.53729
1.53574
1.53354
1.53318
1.53649
1.54388
1.55425
1.56555
1.57559
1.58292
1.58739
1.58992
1.59181
1.59359
1.59466
1.59379
1.59044
1.58542
1.58042
1.57692
1.57568
1.57678
1.57988
1.58439
1.58955
1.59431
1.59754
1.59824
1.5957
1.5895
1.5796
1.56615
1.54948
1.52999
1.50811
1.4845
1.46052
1.43843
1.42112
1.41122
1.41045
1.41943
1.43755
1.46259
1.49081
1.518
1.54074
1.5569
1.56569
1.56742
1.56323
1.55503
1.54512
1.53569
1.52801
1.52208
1.51692
1.51168
1.50664
1.50331
1.50356
1.50871
1.51905
1.53401
1.55259
1.57352
1.5952
1.61574
1.63311
1.64555
1.65221
1.65368
1.65208
1.65027
1.65032
1.65216
1.65378
1.6527
1.64752
1.63869
1.62867
1.62089
1.61783
1.61961
1.62409
1.62814
1.62896
1.62471
1.61464
1.59899
1.5791
1.55796
1.54058
1.53265
1.53675
1.54954
1.56395
1.57436
1.57947
1.58166
1.58452
1.59043
1.59976
1.61148
1.62409
1.63633
1.64768
1.65857
1.66963
1.68011
1.68734
1.6879
1.67959
1.66267
1.64032
1.61815
1.60242
1.59705
1.60177
1.61284
1.62571
1.63722
1.64616
1.65237
1.65579
1.65574
1.65103
1.64045
1.62359
1.60125
1.57515
1.54721
1.51888
1.49129
1.46617
1.44609
1.43354
1.42962
1.43395
1.44572
1.46444
1.48984
1.52123
1.557
1.59471
1.63137
1.66413
1.69058
1.70917
1.71933
1.72148
1.71676
1.7067
1.69286
1.67657
1.65888
1.64072
1.62306
1.60698
1.59365
1.58417
1.57946
1.58018
1.58663
1.59855
1.61489
1.63387
1.65321
1.67052
1.68372
1.69144
1.6933
1.6897
1.68164
1.67057
1.65835
1.64744
1.64084
1.64102
1.64861
1.66193
1.67824
1.69499
1.71014
1.72178
1.72796
1.727
1.71839
1.70341
1.68487
1.66562
1.64713
1.62928
1.61134
1.59312
1.57516
1.55844
1.54393
1.53235
1.52426
1.52002
1.5196
1.52227
1.52651
1.53027
1.53134
1.52795
1.51927
1.50579
1.48939
1.47329
1.46165
1.45861
1.46701
1.48719
1.51652
1.54995
1.58147
1.60576
1.6194
1.6213
1.61268
1.59675
1.57827
1.56262
1.55423
1.55506
1.56407
1.57807
1.59354
1.60781
1.61926
1.62687
1.62978
1.62733
1.61952
1.6074
1.59298
1.57827
1.5644
1.55131
1.53892
1.52862
1.52364
1.5277
1.54239
1.56568
1.59253
1.61707
1.63456
1.64228
1.63963
1.62798
1.61041
1.5912
1.57503
1.56564
1.5646
1.57073
1.58075
1.59051
1.59612
1.59474
1.58494
1.56709
1.54341
1.51749
1.49329
1.47418
1.46236
1.45877
1.4634
1.47544
1.49338
1.51485
1.53674
1.55554
1.56807
1.5722
1.56771
1.55674
1.54378
1.5342
1.53196
1.53751
1.54776
1.55836
1.56615
1.57049
1.57282
1.57548
1.58031
1.5879
1.5975
1.60755
1.6165
1.62339
1.62796
1.63044
1.63123
1.63069
1.62926
1.6276
1.62661
1.62711
1.62937
1.63294
1.63684
1.63997
1.64148
1.64108
1.63899
1.63579
1.63211
1.62849
1.62539
1.62302
1.62131
1.61979
1.61766
1.61419
1.60897
1.60222
1.59476
1.58787
1.58285
1.58038
1.58008
1.5805
1.57995
1.57784
1.57545
1.57526
1.57912
1.5868
1.5965
1.60611
1.61414
1.61982
1.62303
1.62437
1.62506
1.62673
1.63081
1.63799
1.6479
1.65928
1.67047
1.67979
1.68576
1.68724
1.6835
1.67445
1.66063
1.64333
1.62444
1.6062
1.59068
1.57956
1.57374
1.57324
1.57717
1.5839
1.5914
1.59783
1.60195
1.60341
1.60272
1.6011
1.60008
1.60098
1.60428
1.60918
1.61348
1.61411
1.60809
1.59398
1.57307
1.54981
1.53052
1.52067
1.52243
1.53456
1.55427
1.579
1.60702
1.63703
1.66776
1.69768
1.72506
1.74829
1.76615
1.77783
1.7829
1.78107
1.77206
1.75585
1.73282
1.70406
1.67154
1.63801
1.60678
1.58092
1.56235
1.55106
1.54578
1.54542
1.54997
1.56041
1.57744
1.60025
1.62576
1.64903
1.66476
1.6693
1.66256
1.64902
1.63651
1.63207
1.63836
1.65336
1.67245
1.69036
1.70247
1.70586
1.69978
1.68542
1.66539
1.6431
1.62223
1.60613
1.59704
1.5956
1.60065
1.60966
1.61962
1.62775
1.63215
1.63195
1.62685
1.61645
1.60036
1.57911
1.55523
1.53338
1.51908
1.51658
1.52721
1.54941
1.57984
1.61441
1.64904
1.6805
1.70712
1.72887
1.74679
1.76207
1.77526
1.78577
1.79207
1.79236
1.78516
1.76988
1.74701
1.71798
1.68481
1.64968
1.61485
1.58252
1.55487
1.53379
1.52038
1.51444
1.51452
1.51853
1.52468
1.53206
1.54075
1.55156
1.56513
1.58093
1.5968
1.60955
1.61612
1.61469
1.60505
1.58865
1.56826
1.54723
1.52831
1.51245
1.49899
1.48669
1.4751
1.46516
1.45926
1.46049
1.47105
1.49084
1.51732
1.54664
1.57509
1.59969
1.61815
1.62874
1.63064
1.62449
1.61252
1.59807
1.58463
1.57467
1.56886
1.56604
1.56393
1.56026
1.55355
1.54343
1.53023
1.51445
1.49652
1.47721
1.45834
1.44325
1.43609
1.43992
1.45451
1.47611
1.49958
1.52099
1.53883
1.5537
1.56721
1.5807
1.59445
1.60766
1.61897
1.6272
1.63178
1.63287
1.63115
1.62748
1.62259
1.61688
1.61023
1.6021
1.59202
1.58008
1.56737
1.55599
1.54846
1.5469
1.55225
1.56373
1.57895
1.59442
1.60616
1.61038
1.60423
1.58644
1.55816
1.52345
1.48851
1.45945
1.4397
1.42918
1.42567
1.42699
1.43209
1.4411
1.45462
1.47299
1.49572
1.52143
1.54821
1.57413
1.59757
1.61705
1.6308
1.63662
1.63255
1.61813
1.59519
1.56812
1.54298
1.52582
1.52078
1.52911
1.54937
1.57823
1.61127
1.6437
1.67095
1.68945
1.69727
1.69444
1.68265
1.6648
1.64456
1.62603
1.61315
1.6084
1.61174
1.62039
1.63029
1.63807
1.6426
1.64515
1.64814
1.65293
1.6584
1.66124
1.65777
1.64575
1.62528
1.59873
1.57033
1.54506
1.52762
1.52103
1.52582
1.54002
1.56009
1.58198
1.60188
1.61661
1.62399
1.62311
1.61458
1.60054
1.58441
1.5702
1.56158
1.56099
1.56904
1.5846
1.60534
1.62833
1.65064
1.66957
1.68291
1.68896
1.68675
1.67611
1.65779
1.6332
1.60409
1.5724
1.54028
1.51035
1.48542
1.46797
1.45911
1.4579
1.46177
1.46762
1.47321
1.47788
1.48243
1.48858
1.49778
1.50977
1.52223
1.53222
1.53873
1.54383
1.55166
1.56569
1.58634
1.61048
1.63302
1.64888
1.65435
1.64765
1.62921
1.60183
1.57066
1.54263
1.52462
1.52118
1.53295
1.5568
1.58749
1.61965
1.64915
1.67358
1.69228
1.70598
1.71602
1.72352
1.72866
1.73063
1.72803
1.71943
1.70367
1.67993
1.64786
1.60809
1.5627
1.51548
1.47151
1.43595
1.41235
1.40127
1.40032
1.40563
1.41365
1.42223
1.43088
1.44048
1.45276
1.46969
1.49273
1.52205
1.55604
1.59166
1.62541
1.65426
1.67613
1.68993
1.69532
1.69245
1.68185
1.66444
1.64191
1.61689
1.59247
1.57101
1.55321
1.53815
1.52433
1.51095
1.4985
1.4886
1.48283
1.48184
1.48497
1.49067
1.49724
1.50319
1.50729
1.50872
1.50781
1.5066
1.50878
1.518
1.53551
1.55889
1.58355
1.6055
1.62289
1.63583
1.6452
1.65192
1.6565
1.65927
1.66054
1.66077
1.66064
1.66098
1.66253
1.6655
1.66944
1.6734
1.67629
1.67726
1.67598
1.67286
1.66902
1.66598
1.66497
1.66635
1.66966
1.67403
1.6784
1.6816
1.68237
1.67942
1.6718
1.65931
1.64273
1.62377
1.60439
1.58578
1.56775
1.54934
1.53049
1.51392
1.50497
1.50828
1.52358
1.54556
1.56817
1.58814
1.60494
1.61896
1.63018
1.63803
1.64182
1.6412
1.63616
1.62671
1.61289
1.59483
1.57319
1.54976
1.52775
1.51148
1.50469
1.50833
1.51954
1.53284
1.54265
1.5452
1.53925
1.52597
1.50842
1.49049
1.47564
1.46578
1.46166
1.46389
1.47379
1.49263
1.52049
1.55556
1.59441
1.63288
1.66701
1.69396
1.71242
1.72255
1.72531
1.72146
1.71103
1.69368
1.66948
1.63968
1.6068
1.57407
1.54445
1.51999
1.5019
1.49095
1.48731
1.49011
1.49751
1.50753
1.51878
1.53064
1.54274
1.55475
1.56635
1.57746
1.58837
1.59939
1.61036
1.62016
1.62672
1.62802
1.62315
1.6135
1.60281
1.59615
1.59747
1.60722
1.62199
1.63637
1.64531
1.64586
1.63776
1.62287
1.60395
1.58339
1.56316
1.54563
1.53422
1.53273
1.5435
1.56545
1.59385
1.62229
1.645
1.65832
1.66088
1.6532
1.63693
1.61405
1.58619
1.55442
1.51972
1.48363
1.44864
1.41782
1.39387
1.37796
1.36964
1.36772
1.37149
1.3808
1.39503
1.41218
1.42963
1.44587
1.4611
1.47624
1.49173
1.50716
1.52201
1.53619
1.55007
1.56364
1.57574
1.58396
1.58558
1.57873
1.5635
1.54243
1.52046
1.50375
1.49742
1.503
1.51777
1.53635
1.55351
1.56628
1.57494
1.58198
1.59004
1.59997
1.61034
1.61833
1.62125
