1.61781
1.60738
1.59136
1.57205
1.55251
1.53607
1.52546
1.52198
1.52513
1.53287
1.54242
1.55107
1.55673
1.55816
1.55513
1.5485
1.54015
1.53235
1.52704
1.52508
1.52604
1.52859
1.53127
1.53303
1.53368
1.53386
1.53483
1.53781
1.54304
1.54905
1.55282
1.55099
1.54138
1.52378
1.50009
1.47361
1.44813
1.42696
1.41224
1.40475
1.40413
1.40947
1.41964
1.43344
1.44959
1.46685
1.48424
1.50106
1.51683
1.53102
1.54313
1.55287
1.5604
1.56623
1.57081
1.57415
1.57584
1.57575
1.57471
1.57442
1.57651
1.58131
1.58743
1.59222
1.59266
1.58636
1.57234
1.55146
1.52654
1.50178
1.48152
1.46872
1.46371
1.46437
1.46745
1.46995
1.46994
1.46653
1.45936
1.44861
1.4354
1.42223
1.41253
1.40941
1.41443
1.42709
1.44522
1.46579
1.4858
1.50289
1.51556
1.52325
1.52628
1.52582
1.52372
1.52217
1.52301
1.52735
1.53537
1.54662
1.56032
1.57545
1.59104
1.60621
1.62036
1.63305
1.6436
1.65109
1.6546
1.65362
1.64843
1.64008
1.63003
1.61956
1.60951
1.60003
1.59075
1.58115
1.57075
1.55946
1.54778
1.53669
1.52766
1.5222
1.52138
1.52536
1.53325
1.54351
1.55451
1.56507
1.57457
1.58293
1.59049
1.5976
1.60422
1.60977
1.61358
1.61563
1.61681
1.61829
1.62084
1.6247
1.62987
1.63649
1.64473
1.6542
1.6636
1.67089
1.67394
1.67112
1.66174
1.64601
1.625
1.60074
1.5762
1.55496
1.5405
1.53542
1.54095
1.5566
1.58036
1.60924
1.63973
1.66843
1.69222
1.7085
1.71549
1.71245
1.69969
1.67837
1.6501
1.61679
1.58092
1.54563
1.51499
1.49328
1.48375
1.48739
1.50279
1.52689
1.55587
1.58562
1.6123
1.63288
1.64583
1.65121
1.65047
1.64574
1.63908
1.63216
1.62597
1.6207
1.61566
1.60928
1.59978
1.58597
1.56773
1.54601
1.52266
1.50009
1.48104
1.46801
1.46258
1.46478
1.47315
1.48538
1.49924
1.51338
1.52744
1.5417
1.5565
1.57172
1.58648
1.59912
1.60769
1.61073
1.60791
1.60032
1.58998
1.57887
1.56788
1.55644
1.54315
1.52732
1.51054
1.4973
1.49347
1.50296
1.5247
1.55302
1.58036
1.59975
1.60615
1.59754
1.57609
1.54826
1.52132
1.49845
1.47857
1.46071
1.44632
1.43734
1.43402
1.43489
1.43786
1.44127
1.44436
1.44694
1.44886
1.4495
1.44785
1.44345
1.43728
1.43229
1.43201
1.43827
1.45009
1.46468
1.47956
1.49357
1.50647
1.51813
1.52824
1.5366
1.54383
1.55139
1.56104
1.5737
1.58896
1.60519
1.62021
1.63188
1.63853
1.63914
1.63338
1.6215
1.60402
1.5816
1.55511
1.52588
1.49573
1.46682
1.4413
1.42093
1.40696
1.39983
1.39926
1.40416
1.41291
1.42363
1.43453
1.44412
1.45139
1.45595
1.45804
1.4583
1.45746
1.45604
1.45458
1.45394
1.45534
1.45974
1.46715
1.47658
1.48655
1.49577
1.5036
1.5101
1.51568
1.52074
1.52539
1.52915
1.53094
1.52948
1.52382
1.51397
1.5008
1.48579
1.47074
1.45758
1.44839
1.44475
1.44712
1.45453
1.46512
1.47717
1.48983
1.50316
1.51748
1.53255
1.54711
1.55904
1.5664
1.56838
1.56572
1.56044
1.55495
1.55117
1.55036
1.553
1.55867
1.56547
1.57031
1.5703
1.56447
1.55452
1.54395
1.53642
1.53429
1.5378
1.54548
1.55511
1.5646
1.57235
1.57721
1.57887
1.57842
1.57877
1.58357
1.59504
1.61252
1.63278
1.65158
1.66492
1.66956
1.66334
1.64547
1.61699
1.58121
1.54398
1.51275
1.49358
1.48784
1.49191
1.50035
1.50915
1.51678
1.52368
1.53137
1.54159
1.55566
1.57406
1.59617
1.62036
1.64408
1.66417
1.67728
1.68064
1.6726
1.65329
1.62497
1.59195
1.5601
1.53521
1.52067
1.51582
1.51707
1.52081
1.52582
1.53287
1.54256
1.5539
1.56518
1.57537
1.5844
1.5921
1.59746
1.59861
1.59353
1.58087
1.56069
1.5348
1.50659
1.48028
1.45988
1.4483
1.44674
1.45448
1.46891
1.48607
1.50184
1.51337
1.51985
1.52237
1.5231
1.52433
1.52791
1.53491
1.54518
1.55695
1.56711
1.57215
1.56947
1.55837
1.54059
1.52021
1.50235
1.49128
1.48889
1.49429
1.50505
1.51855
1.53295
1.54703
1.55956
1.56904
1.57394
1.57315
1.56626
1.55364
1.53632
1.5159
1.4943
1.47358
1.45594
1.4436
1.43845
1.44144
1.452
1.46801
1.4865
1.50506
1.52268
1.53996
1.55873
1.58115
1.60859
1.64085
1.67577
1.70965
1.73803
1.75677
1.7628
1.75452
1.73201
1.69681
1.65151
1.59967
1.54645
1.49962
1.46846
1.45825
1.46529
1.4801
1.49457
1.50531
1.51292
1.51997
1.52905
1.54117
1.55519
1.56851
1.57833
1.58288
1.58215
1.57804
1.57362
1.57186
1.57443
1.58123
1.59097
1.60229
1.61451
1.62747
1.64044
1.6515
1.65834
1.6597
1.65556
1.64595
1.63029
1.60835
1.58166
1.55364
1.52827
1.5083
1.49466
1.48739
1.48671
1.49318
1.507
1.52714
1.55144
1.57726
1.60239
1.62531
1.64496
1.66029
1.67014
1.67336
1.66938
1.65864
1.64289
1.62503
1.60829
1.59532
1.58765
1.58584
1.58979
1.59878
1.61119
1.62471
1.63681
1.64532
1.64882
1.64682
1.63947
1.62743
1.61176
1.59398
1.57606
1.56014
1.54809
1.54127
1.5406
1.5466
1.55901
1.57636
1.59619
1.61563
1.63205
1.6435
1.64878
1.64751
1.6407
1.63214
1.6288
1.63781
1.66005
1.68793
1.71069
1.72071
1.71546
1.69627
1.66665
1.63112
1.59443
1.56111
1.53487
1.51823
1.51207
1.51572
1.52744
1.54477
1.56451
1.5827
1.59515
1.59831
1.59024
1.5712
1.54407
1.51413
1.48823
1.47257
1.47013
1.47977
1.49764
1.51958
1.54253
1.56435
1.58297
1.59617
1.60209
1.60014
1.59154
1.579
1.56573
1.55436
1.546
1.5402
1.53545
1.53009
1.52303
1.51419
1.50453
1.49609
1.49154
1.49352
1.50364
1.52164
1.5455
1.57238
1.59967
1.62555
1.64904
1.66962
1.68708
1.70134
1.71241
1.72045
1.72575
1.72878
1.73016
1.73053
1.73035
1.72986
1.72897
1.72732
1.72444
1.72006
1.71427
1.70762
1.70082
1.69423
1.68761
1.68024
1.67114
1.65934
1.64392
1.62425
1.60015
1.57196
1.54074
1.50843
1.47815
1.45414
1.44082
1.44068
1.45265
1.47249
1.49514
1.5166
1.53469
1.54881
1.55963
1.5686
1.57723
1.58637
1.59581
1.60449
1.61114
1.61479
1.61516
1.61245
1.60692
1.59874
1.58814
1.57577
1.56298
1.55173
1.54451
1.54407
1.55263
1.57084
1.59696
1.62703
1.65616
1.68008
1.69581
1.70166
1.69688
1.68185
1.65898
1.63319
1.61031
1.59393
1.58385
1.57784
1.57418
1.57244
1.5726
1.57417
1.57624
1.57812
1.57983
1.5822
1.58664
1.59467
1.60736
1.62467
1.64526
1.66682
1.68672
1.70285
1.71407
1.72042
1.72272
1.72203
1.71921
1.7149
1.70968
1.70412
1.69869
1.69369
1.68929
1.68557
1.68247
1.67958
1.67617
1.6714
1.66453
1.65522
1.6437
1.6308
1.61776
1.60583
1.59581
1.58764
1.58043
1.57293
1.56427
1.55449
1.54457
1.53591
1.52964
1.52592
1.52402
1.5229
1.52217
1.52236
1.52454
1.52954
1.53737
1.54714
1.55749
1.56707
1.57471
1.5795
1.58073
1.57779
1.57019
1.55764
1.54034
1.51926
1.49622
1.47388
1.4553
1.44336
1.43984
1.4447
1.45559
1.46852
1.47936
1.48563
1.48701
1.48466
1.48012
1.47445
1.46808
1.46111
1.45378
1.44674
1.44103
1.43784
1.43827
1.443
1.45229
1.46588
1.48296
1.50202
1.52133
1.53939
1.55534
1.56913
1.58131
1.59269
1.6038
1.61465
1.62473
1.63328
1.63972
1.64372
1.64518
1.64408
1.64054
1.63485
1.62756
1.61961
1.61251
1.60809
1.60783
1.61192
1.61876
1.62532
1.62829
1.6252
1.61521
1.59938
1.58035
1.5617
1.54663
1.53686
1.5321
1.53062
1.53049
1.53057
1.53072
1.53139
1.53314
1.53645
1.54202
1.55096
1.56425
1.58171
1.60131
1.61946
1.63225
1.63666
1.63149
1.61762
1.59783
1.57617
1.55695
1.54351
1.53735
1.53779
1.54243
1.54822
1.55281
1.55544
1.55686
1.55834
1.56062
1.56348
1.56611
1.56769
1.56776
1.56654
1.56475
1.56337
1.56338
1.56542
1.56964
1.57574
1.58328
1.59218
1.60274
1.61539
1.62989
1.64457
1.6563
1.66133
1.65649
1.64018
1.6127
1.57637
1.53532
1.49492
1.46061
1.43639
1.42395
1.42282
1.43119
1.44658
1.46619
1.4871
1.5067
1.52333
1.53664
1.54703
1.5545
1.55792
1.55533
1.54526
1.52761
1.5036
1.47509
1.44466
1.4164
1.39655
1.39215
1.40782
1.44275
1.49079
1.54326
1.5923
1.6325
1.66102
1.67719
1.68218
1.67849
1.66914
1.65661
1.64231
1.62696
1.61122
1.59588
1.58134
1.56733
1.55332
1.53958
1.52746
1.51876
1.5143
1.51351
1.51521
1.51848
1.52271
1.52728
1.5315
1.53527
1.53958
1.54645
1.55795
1.57502
1.59683
1.62098
1.64447
1.66482
1.68066
1.69177
1.69857
1.70153
1.70074
1.69577
1.68595
1.67064
1.64975
1.62425
1.59646
1.56997
1.54908
1.53761
1.53752
1.54808
1.5662
1.58767
1.60833
1.62446
1.63298
1.63166
1.61939
1.59657
1.56553
1.5306
1.49729
1.47087
1.45461
1.44892
1.45182
1.46013
1.47056
1.4805
1.48826
1.49319
1.49536
1.49544
1.49437
1.49315
1.49256
1.4929
1.49385
1.49479
1.49545
1.49609
1.49745
1.50017
1.50424
1.50879
1.5123
1.51302
1.50948
1.50113
1.48876
1.47476
1.46265
1.45619
1.45824
1.46999
1.49066
