-4.21526
-4.18916
-4.16538
-4.1475
-4.13727
-4.13339
-4.13718
-4.14544
-4.15566
-4.16532
-4.17056
-4.17387
-4.17565
-4.1839
-4.20962
-4.26062
-4.32359
-4.377
-4.40309
-4.39903
-4.37249
-4.33386
-4.29293
-4.25498
-4.2296
-4.22244
-4.2378
-4.27569
-4.32608
-4.38076
-4.42714
-4.46333
-4.48796
-4.50131
-4.50638
-4.49901
-4.47886
-4.4411
-4.39238
-4.33598
-4.27767
-4.22496
-4.18905
-4.18087
-4.19991
-4.23913
-4.28736
-4.33378
-4.37061
-4.39232
-4.39841
-4.39487
-4.38527
-4.37332
-4.35571
-4.32848
-4.2889
-4.24346
-4.20372
-4.18464
-4.19215
-4.22362
-4.26889
-4.31437
-4.3507
-4.3749
-4.38459
-4.38499
-4.3758
-4.35609
-4.32232
-4.27944
-4.24119
-4.22442
-4.23532
-4.27374
-4.3267
-4.37418
-4.40176
-4.39719
-4.36186
-4.31901
-4.28999
-4.29396
-4.32537
-4.37074
-4.4165
-4.45169
-4.47418
-4.48316
-4.47885
-4.46349
-4.43591
-4.39983
-4.3612
-4.33534
-4.34274
-4.38483
-4.43979
-4.48777
-4.52306
-4.54963
-4.57923
-4.61433
-4.65162
-4.68337
-4.70275
-4.70095
-4.67519
-4.62199
-4.54479
-4.45063
-4.35306
-4.26888
-4.21089
-4.18589
-4.19434
-4.24443
-4.31189
-4.36799
-4.3984
-4.40691
-4.40404
-4.39893
-4.39418
-4.39256
-4.39964
-4.42113
-4.46342
-4.52112
-4.5784
-4.62157
-4.63998
-4.63654
-4.61508
-4.58366
-4.54621
-4.50123
-4.44948
-4.38849
-4.31903
-4.25077
-4.19533
-4.16897
-4.17866
-4.21693
-4.26175
-4.29478
-4.31118
-4.31261
-4.31115
-4.31586
-4.33094
-4.3535
-4.37991
-4.40256
-4.41733
-4.42481
-4.4262
-4.42736
-4.43189
-4.44628
-4.47006
-4.50148
-4.53931
-4.57869
-4.61498
-4.64053
-4.6471
-4.62751
-4.58525
-4.52153
-4.44756
-4.37376
-4.30785
-4.25947
-4.22806
-4.20933
-4.2034
-4.21004
-4.23518
-4.27551
-4.32521
-4.3759
-4.42423
-4.46401
-4.49002
-4.49308
-4.47041
-4.42358
-4.37522
-4.34438
-4.34264
-4.36126
-4.38409
-4.39779
-4.39359
-4.36503
-4.31552
-4.24936
-4.18153
-4.14329
-4.17122
-4.2593
-4.36793
-4.45549
-4.50822
-4.5283
-4.52512
-4.51092
-4.50041
-4.50504
-4.52418
-4.54857
-4.56447
-4.56697
-4.55867
-4.54818
-4.54156
-4.53493
-4.52692
-4.51337
-4.49542
-4.47429
-4.44897
-4.41887
-4.3834
-4.34357
-4.29642
-4.24793
-4.20795
-4.18519
-4.18539
-4.20355
-4.23707
-4.27984
-4.32636
-4.3677
-4.3963
-4.40524
-4.39374
-4.36663
-4.33612
-4.31138
-4.29935
-4.30022
-4.30683
-4.31277
-4.31403
-4.31352
-4.3073
-4.30313
-4.30379
-4.31577
-4.34008
-4.36703
-4.39225
-4.41153
-4.42487
-4.42403
-4.403
-4.359
-4.29395
-4.22202
-4.1574
-4.12013
-4.1161
-4.14381
-4.18916
-4.23637
-4.2709
-4.28963
-4.29843
-4.30186
-4.30037
-4.28917
-4.2688
-4.24224
-4.21881
-4.20601
-4.21326
-4.24139
-4.2828
-4.32256
-4.35219
-4.36563
-4.3646
-4.35068
-4.33045
-4.31171
-4.29273
-4.27161
-4.23991
-4.1982
-4.15518
-4.11841
-4.10056
-4.10508
-4.13431
-4.18071
-4.23043
-4.27123
-4.29398
-4.29879
-4.29344
-4.28694
-4.28356
-4.28376
-4.28543
-4.29022
-4.29995
-4.3079
-4.30685
-4.29108
-4.2605
-4.21624
-4.16251
-4.11199
-4.07533
-4.05599
-4.05871
-4.08817
-4.13894
-4.19691
-4.25138
-4.2987
-4.33534
-4.36416
-4.38457
-4.39499
-4.39132
-4.3742
-4.34838
-4.3212
-4.29495
-4.27368
-4.26155
-4.26073
-4.27042
-4.29088
-4.31349
-4.33742
-4.35803
-4.3746
-4.38581
-4.38869
-4.3807
-4.36468
-4.35159
-4.34922
-4.36344
-4.39083
-4.42307
-4.44942
-4.46289
-4.45836
-4.43534
-4.39676
-4.35397
-4.31902
-4.29906
-4.29367
-4.30213
-4.31475
-4.31854
-4.30351
-4.26889
-4.22152
-4.18206
-4.16575
-4.1712
-4.18268
-4.18189
-4.16482
-4.13837
-4.11871
-4.12084
-4.14365
-4.17927
-4.21873
-4.26217
-4.31222
-4.36861
-4.42582
-4.47242
-4.50556
-4.52662
-4.54243
-4.55831
-4.57876
-4.60105
-4.61881
-4.62977
-4.63133
-4.61739
-4.58212
-4.52271
-4.44716
-4.36918
-4.30614
-4.26646
-4.24396
-4.22693
-4.20671
-4.18314
-4.16353
-4.15776
-4.16953
-4.19943
-4.23976
-4.28801
-4.33792
-4.38271
-4.41987
-4.44574
-4.46262
-4.47557
-4.48811
-4.50308
-4.52408
-4.55088
-4.5837
-4.61589
-4.63774
-4.63874
-4.62107
-4.59449
-4.56928
-4.55278
-4.5418
-4.52956
-4.51174
-4.48407
-4.44232
-4.39123
-4.33723
-4.28866
-4.25514
-4.24095
-4.24463
-4.26249
-4.29336
-4.33851
-4.39898
-4.4717
-4.54623
-4.61128
-4.66052
-4.68915
-4.69844
-4.69195
-4.67262
-4.6453
-4.61581
-4.58412
-4.5498
-4.50483
-4.44989
-4.38559
-4.32208
-4.27062
-4.24372
-4.24388
-4.26376
-4.29868
-4.34415
-4.39348
-4.44629
-4.49841
-4.54228
-4.5668
-4.56272
-4.52839
-4.4747
-4.41309
-4.35856
-4.32001
-4.29527
-4.27401
-4.25599
-4.23994
-4.22444
-4.20804
-4.19308
-4.17991
-4.16387
-4.14185
-4.11557
-4.09161
-4.07861
-4.07987
-4.10026
-4.14118
-4.20236
-4.28026
-4.36586
-4.44627
-4.50768
-4.54057
-4.5412
-4.51088
-4.45087
-4.36837
-4.2704
-4.17346
-4.09805
-4.06456
-4.06945
-4.0969
-4.12689
-4.15073
-4.16573
-4.18256
-4.20347
-4.23142
-4.26467
-4.29799
-4.32562
-4.35099
-4.37123
-4.39034
-4.41383
-4.44691
-4.48575
-4.52325
-4.55161
-4.56407
-4.55616
-4.52187
-4.45888
-4.37038
-4.27361
-4.19587
-4.15175
-4.13852
-4.14469
-4.15739
-4.1744
-4.19935
-4.2313
-4.2624
-4.27945
-4.27798
-4.26481
-4.24832
-4.24043
-4.24713
-4.26171
-4.27374
-4.27742
-4.2708
-4.26209
-4.25785
-4.26838
-4.2853
-4.29836
-4.2974
-4.28144
-4.25837
-4.24071
-4.23722
-4.24843
-4.26773
-4.29074
-4.31102
-4.32455
-4.32785
-4.32209
-4.31171
-4.295
-4.27368
-4.25081
-4.23287
-4.22412
-4.23005
-4.24626
-4.26871
-4.29425
-4.3227
-4.34897
-4.36539
-4.36628
-4.35196
-4.3275
-4.29762
-4.2777
-4.2797
-4.31576
-4.38077
-4.46037
-4.53847
-4.59879
-4.63517
-4.64533
-4.63018
-4.59314
-4.53441
-4.469
-4.41099
-4.37034
-4.3512
-4.34223
-4.33467
-4.32107
-4.29803
-4.2784
-4.28599
-4.33344
-4.40415
-4.47443
-4.52514
-4.55296
-4.56742
-4.57056
-4.5626
-4.5406
-4.50288
-4.44982
-4.38128
-4.29932
-4.19935
-4.0866
-3.98064
-3.91539
-3.92963
-4.01791
-4.13568
-4.23981
-4.30677
-4.33947
-4.34314
-4.32738
-4.3007
-4.27288
-4.25118
-4.23736
-4.23118
-4.22709
-4.21907
-4.19895
-4.16815
-4.13114
-4.10382
-4.10142
-4.12505
-4.16438
-4.20562
-4.24541
-4.28005
-4.3119
-4.34255
-4.37978
-4.42579
-4.48238
-4.54276
-4.58852
-4.62022
-4.63401
-4.63316
-4.62423
-4.61492
-4.609
-4.60572
-4.5987
-4.57867
-4.54221
-4.48798
-4.42445
-4.35858
-4.30903
-4.28094
-4.27002
-4.26835
-4.26648
-4.25896
-4.24328
-4.21811
-4.18653
-4.16187
-4.16089
-4.19161
-4.243
-4.30275
-4.35498
-4.39702
-4.42751
-4.45078
-4.46107
-4.45749
-4.44034
-4.41262
-4.384
-4.36241
-4.35409
-4.36069
-4.38376
-4.42231
-4.46673
-4.50488
-4.52444
-4.51917
-4.49367
-4.46166
-4.44015
-4.43173
-4.43557
-4.43964
-4.43602
-4.4188
-4.3876
-4.34538
-4.29836
-4.25558
-4.23024
-4.22951
-4.25301
-4.29298
-4.3441
-4.40056
-4.45456
-4.49629
-4.52067
-4.52252
-4.50737
-4.47597
-4.43723
-4.39745
-4.36307
-4.3418
-4.33629
-4.33904
-4.34182
-4.33538
-4.31902
-4.29375
-4.2655
-4.24052
-4.22684
-4.23125
-4.25083
-4.27822
-4.30016
-4.30744
-4.29491
-4.26787
-4.23749
-4.2181
-4.20874
-4.20176
-4.19057
-4.17349
-4.14957
-4.11749
-4.08013
-4.04533
-4.0305
-4.05196
-4.11583
-4.21074
-4.31744
-4.41212
-4.48442
-4.53433
-4.56632
-4.57926
-4.57337
-4.54612
-4.49551
-4.43088
-4.36263
-4.30878
-4.28919
-4.30705
-4.34478
-4.37754
-4.39482
-4.39416
-4.37482
-4.331
-4.2613
-4.18592
-4.15784
-4.19579
-4.24368
-4.26211
-4.25715
-4.24503
-4.2452
-4.26557
-4.30154
-4.33831
-4.36289
-4.37355
-4.37975
-4.39364
-4.41985
-4.45797
-4.50538
-4.553
-4.59074
-4.60981
-4.60273
-4.56596
-4.51474
-4.47283
-4.45873
-4.45784
-4.44963
-4.42195
-4.37312
-4.31694
-4.26387
-4.22287
-4.1953
-4.17925
-4.16966
-4.16498
-4.16265
-4.15793
-4.15627
-4.16513
-4.18623
-4.21121
-4.23631
-4.26311
-4.29781
-4.33688
-4.37232
-4.39672
-4.40739
-4.40618
-4.4094
-4.43406
-4.48324
-4.53836
-4.58385
-4.61275
-4.62486
-4.62325
-4.60837
-4.57424
-4.51985
-4.44148
-4.34543
-4.24192
-4.14603
-4.07026
-4.02952
-4.02946
-4.06643
-4.12928
-4.19844
-4.25989
-4.30365
-4.33247
-4.34869
-4.35436
-4.34732
-4.32547
-4.28941
-4.24066
-4.18975
-4.15116
-4.13937
-4.15534
-4.18503
-4.21003
-4.21772
-4.21105
-4.19899
-4.18398
-4.17123
-4.16545
-4.17021
-4.18164
-4.19324
-4.20067
-4.20353
-4.20349
-4.20487
-4.21449
-4.23219
-4.2597
-4.29365
-4.32985
-4.37087
-4.41125
-4.44652
-4.47087
-4.48393
-4.48145
-4.47293
-4.46477
-4.46306
-4.46572
-4.46717
-4.46714
-4.46587
-4.4695
-4.47865
-4.49305
-4.50603
-4.51411
-4.51011
-4.49158
-4.4634
-4.43716
-4.42115
-4.41769
-4.4203
-4.41828
-4.40801
-4.38473
-4.3577
-4.33809
-4.33624
-4.34768
-4.35409
-4.34455
-4.32154
-4.29483
-4.27277
-4.26272
-4.25926
-4.2561
-4.25154
-4.2475
-4.24754
-4.25574
-4.26974
-4.28229
-4.28634
-4.2805
-4.26821
-4.25719
-4.25689
-4.27239
-4.30198
-4.33018
-4.3541
-4.37072
-4.37873
-4.3814
-4.37626
-4.36595
-4.35133
-4.33488
-4.31937
-4.30848
-4.30556
-4.31241
-4.32413
-4.33644
-4.34774
-4.36129
-4.38073
-4.41136
-4.44766
-4.47968
-4.50213
-4.5101
-4.50829
-4.50041
-4.48299
-4.45495
-4.4167
-4.3761
-4.34033
-4.31708
-4.30809
-4.31506
-4.33801
-4.36909
-4.40342
-4.4333
-4.45464
-4.46681
-4.46539
-4.45394
-4.42912
-4.39179
-4.34481
-4.28885
-4.22775
-4.1717
-4.12806
-4.10366
-4.10118
-4.11607
-4.14087
-4.16399
-4.18
-4.18411
-4.17239
-4.1527
-4.13901
-4.14412
-4.17307
-4.22131
-4.27862
