-5.11981
-5.10771
-5.09199
-5.07388
-5.05329
-5.03715
-5.02638
-5.02275
-5.02621
-5.03335
-5.04335
-5.05216
-5.05706
-5.05909
-5.05455
-5.04823
-5.03972
-5.03298
-5.02827
-5.02722
-5.02772
-5.03058
-5.03311
-5.03547
-5.03657
-5.0363
-5.03787
-5.04085
-5.04624
-5.0518
-5.05481
-5.05223
-5.04231
-5.02366
-5.00011
-4.97393
-4.9483
-4.92698
-4.91165
-4.90356
-4.90218
-4.90707
-4.91784
-4.93119
-4.94719
-4.96461
-4.98093
-4.9976
-5.01292
-5.02817
-5.03938
-5.04942
-5.05634
-5.06308
-5.06796
-5.07296
-5.07405
-5.07516
-5.07321
-5.07292
-5.07486
-5.07951
-5.08609
-5.09058
-5.09087
-5.08502
-5.07175
-5.05133
-5.02626
-5.0021
-4.98199
-4.96964
-4.96448
-4.9653
-4.96853
-4.97072
-4.97072
-4.96655
-4.95923
-4.94757
-4.93512
-4.92195
-4.91179
-4.90837
-4.91354
-4.92756
-4.94614
-4.96641
-4.98476
-5.0011
-5.01196
-5.0198
-5.02328
-5.02402
-5.02163
-5.02053
-5.02061
-5.026
-5.03403
-5.04543
-5.05988
-5.07562
-5.09106
-5.10532
-5.11978
-5.13186
-5.14226
-5.1496
-5.15341
-5.15228
-5.14739
-5.1398
-5.12914
-5.11792
-5.10786
-5.09959
-5.09092
-5.08102
-5.07122
-5.06008
-5.0487
-5.03837
-5.02903
-5.02312
-5.02291
-5.02764
-5.03477
-5.04397
-5.05574
-5.06585
-5.07549
-5.08446
-5.09217
-5.09867
-5.1053
-5.11039
-5.1139
-5.11655
-5.11683
-5.11906
-5.12146
-5.12622
-5.13109
-5.13847
-5.14716
-5.15648
-5.16634
-5.17273
-5.17562
-5.17266
-5.16267
-5.14603
-5.12472
-5.10151
-5.07713
-5.05588
-5.04157
-5.0374
-5.04323
-5.05978
-5.08325
-5.11122
-5.1408
-5.17011
-5.19345
-5.20912
-5.21612
-5.21202
-5.20002
-5.18066
-5.15239
-5.11968
-5.08335
-5.04746
-5.01742
-4.9945
-4.98482
-4.98846
-5.00311
-5.02797
-5.05589
-5.0867
-5.11338
-5.13366
-5.14706
-5.15214
-5.1514
-5.14757
-5.14001
-5.13157
-5.12523
-5.11951
-5.11477
-5.10779
-5.09905
-5.08479
-5.06594
-5.04347
-5.01936
-4.99618
-4.97713
-4.96456
-4.95882
-4.96192
-4.97181
-4.9848
-4.99896
-5.01309
-5.0267
-5.04021
-5.05546
-5.07189
-5.08574
-5.0996
-5.10817
-5.11136
-5.1096
-5.10185
-5.09182
-5.07979
-5.0685
-5.05691
-5.04287
-5.02598
-5.00814
-4.99595
-4.99273
-5.00146
-5.02381
-5.05319
-5.07993
-5.09992
-5.10602
-5.09787
-5.07566
-5.04676
-5.01952
-4.99681
-4.97677
-4.95936
-4.94512
-4.93614
-4.93283
-4.934
-4.93773
-4.94069
-4.94528
-4.94847
-4.94888
-4.94891
-4.94757
-4.94271
-4.93549
-4.92943
-4.92915
-4.93542
-4.94739
-4.96183
-4.97641
-4.99011
-5.00362
-5.01543
-5.02538
-5.03451
-5.04188
-5.04944
-5.05924
-5.07069
-5.08535
-5.10143
-5.11661
-5.12873
-5.13554
-5.13569
-5.12978
-5.11835
-5.10072
-5.0783
-5.0509
-5.02182
-4.99182
-4.96321
-4.93859
-4.91898
-4.90455
-4.89728
-4.8967
-4.90131
-4.91021
-4.92093
-4.93092
-4.94067
-4.94839
-4.9534
-4.95655
-4.95666
-4.95627
-4.9547
-4.95278
-4.95229
-4.95294
-4.95613
-4.96384
-4.97357
-4.98203
-4.99201
-4.99939
-5.00649
-5.01252
-5.01788
-5.02208
-5.02539
-5.02658
-5.02542
-5.02127
-5.01173
-4.99825
-4.98324
-4.96924
-4.95715
-4.94886
-4.94537
-4.94698
-4.955
-4.96544
-4.97734
-4.98924
-5.00181
-5.01614
-5.03227
-5.04668
-5.05891
-5.06597
-5.069
-5.06649
-5.06122
-5.05632
-5.0521
-5.05143
-5.05468
-5.06035
-5.06716
-5.07185
-5.07213
-5.06691
-5.05681
-5.04563
-5.0378
-5.03596
-5.03827
-5.0458
-5.05573
-5.06462
-5.07207
-5.07754
-5.07949
-5.07859
-5.07879
-5.08418
-5.0949
-5.11223
-5.13295
-5.1519
-5.166
-5.1723
-5.16578
-5.14851
-5.11852
-5.08184
-5.04506
-5.01351
-4.99525
-4.99012
-4.99405
-5.00113
-5.00886
-5.01619
-5.02249
-5.02896
-5.03919
-5.05295
-5.0718
-5.09392
-5.11811
-5.14078
-5.16117
-5.17429
-5.17719
-5.16991
-5.15015
-5.12092
-5.08895
-5.05816
-5.03478
-5.02083
-5.01539
-5.01648
-5.01947
-5.02387
-5.03123
-5.04046
-5.05136
-5.06278
-5.07267
-5.08215
-5.08986
-5.09521
-5.09637
-5.09099
-5.07847
-5.05708
-5.03119
-5.00314
-4.97622
-4.95673
-4.94529
-4.94464
-4.95223
-4.96682
-4.98337
-4.99885
-5.01007
-5.01489
-5.01635
-5.01723
-5.01695
-5.01992
-5.02753
-5.0378
-5.04881
-5.05776
-5.06341
-5.06164
-5.05144
-5.03306
-5.01237
-4.99526
-4.98435
-4.98255
-4.9878
-4.99887
-5.01222
-5.02722
-5.041
-5.05383
-5.06317
-5.06867
-5.06758
-5.06084
-5.04821
-5.03074
-5.01093
-4.98963
-4.96982
-4.95172
-4.94043
-4.93543
-4.93842
-4.94975
-4.96605
-4.98379
-5.00236
-5.01968
-5.03726
-5.05723
-5.07995
-5.10678
-5.13799
-5.17321
-5.20755
-5.23654
-5.25558
-5.26146
-5.25288
-5.23082
-5.19577
-5.15047
-5.09908
-5.0463
-4.99947
-4.96741
-4.95629
-4.96363
-4.9783
-4.99172
-5.00291
-5.01036
-5.01817
-5.02785
-5.04012
-5.05399
-5.06686
-5.07684
-5.08229
-5.08141
-5.0773
-5.07197
-5.0705
-5.07444
-5.08184
-5.09038
-5.10034
-5.11271
-5.12491
-5.13804
-5.14835
-5.15579
-5.1573
-5.15271
-5.1431
-5.1282
-5.10746
-5.08091
-5.0526
-5.02602
-5.00604
-4.99195
-4.98453
-4.98294
-4.98881
-5.00187
-5.02307
-5.04692
-5.07138
-5.09696
-5.12034
-5.13953
-5.15516
-5.16456
-5.16809
-5.1635
-5.15201
-5.13565
-5.11779
-5.10119
-5.08808
-5.08101
-5.08025
-5.08421
-5.09395
-5.10727
-5.1211
-5.13365
-5.14185
-5.14521
-5.14275
-5.1354
-5.12352
-5.1077
-5.08961
-5.07184
-5.05607
-5.04372
-5.03735
-5.03729
-5.04374
-5.05599
-5.07426
-5.09454
-5.11368
-5.13086
-5.14185
-5.14668
-5.14586
-5.13981
-5.13245
-5.1285
-5.13872
-5.16081
-5.18916
-5.21298
-5.22406
-5.21684
-5.1975
-5.16818
-5.13234
-5.09595
-5.06066
-5.03382
-5.01658
-5.01132
-5.01512
-5.02669
-5.04342
-5.06286
-5.08105
-5.09425
-5.09757
-5.08995
-5.07122
-5.04332
-5.01323
-4.98733
-4.97137
-4.96878
-4.97857
-4.99538
-5.01778
-5.04073
-5.0618
-5.07997
-5.09317
-5.09893
-5.09698
-5.08868
-5.07538
-5.06166
-5.05059
-5.04254
-5.03659
-5.03153
-5.02632
-5.01851
-5.01012
-5.00016
-4.99231
-4.98792
-4.99051
-5.00032
-5.01696
-5.04007
-5.06726
-5.09394
-5.11951
-5.14346
-5.16344
-5.18135
-5.19545
-5.20668
-5.21562
-5.22108
-5.22395
-5.22624
-5.22706
-5.2281
-5.22836
-5.22717
-5.22642
-5.22324
-5.21977
-5.21504
-5.20824
-5.20128
-5.19484
-5.18838
-5.1807
-5.17266
-5.15995
-5.14468
-5.12426
-5.10046
-5.07227
-5.0412
-5.00768
-4.9771
-4.95278
-4.93946
-4.93857
-4.95039
-4.97084
-4.99303
-5.01449
-5.03273
-5.04731
-5.05722
-5.06665
-5.07588
-5.08502
-5.09582
-5.10329
-5.10979
-5.11314
-5.11291
-5.11019
-5.10375
-5.09709
-5.08694
-5.07472
-5.06042
-5.04826
-5.04135
-5.03999
-5.0487
-5.06722
-5.09394
-5.12401
-5.15285
-5.17693
-5.19265
-5.19835
-5.19327
-5.17854
-5.15657
-5.13078
-5.10911
-5.09334
-5.08402
-5.078
-5.07389
-5.07261
-5.07186
-5.07403
-5.07656
-5.07813
-5.07999
-5.08282
-5.08726
-5.09544
-5.10812
-5.12574
-5.14618
-5.16713
-5.18764
-5.20392
-5.21605
-5.22179
-5.22455
-5.22325
-5.22043
-5.21612
-5.21075
-5.20579
-5.20052
-5.19748
-5.19383
-5.18936
-5.18702
-5.18413
-5.18086
-5.1758
-5.16937
-5.16021
-5.14991
-5.13564
-5.12215
-5.10931
-5.09899
-5.09097
-5.08437
-5.07612
-5.06655
-5.05601
-5.04609
-5.03789
-5.03191
-5.02805
-5.02509
-5.02382
-5.02309
-5.02328
-5.02592
-5.03061
-5.03783
-5.04836
-5.05962
-5.06995
-5.0776
-5.08208
-5.0824
-5.07992
-5.07278
-5.05993
-5.04293
-5.02229
-5.00001
-4.97797
-4.95909
-4.94518
-4.94167
-4.94682
-4.95787
-4.97111
-4.98089
-4.98762
-4.9893
-4.98664
-4.98165
-4.97598
-4.96885
-4.96173
-4.95501
-4.94721
-4.94134
-4.93876
-4.93873
-4.94332
-4.95245
-4.96559
-4.98267
-5.00083
-5.02059
-5.03925
-5.05535
-5.06854
-5.08102
-5.093
-5.10442
-5.11511
-5.1261
-5.13511
-5.14095
-5.14434
-5.147
-5.14605
-5.14222
-5.13546
-5.12953
-5.12204
-5.11479
-5.10961
-5.10919
-5.1142
-5.12119
-5.12776
-5.13042
-5.12718
-5.11719
-5.10121
-5.08339
-5.06428
-5.04936
-5.03974
-5.03377
-5.03319
-5.03232
-5.033
-5.0327
-5.03322
-5.03497
-5.03812
-5.04324
-5.05142
-5.06471
-5.08248
-5.10238
-5.12039
-5.13363
-5.13819
-5.13332
-5.1193
-5.09935
-5.07709
-5.05802
-5.04473
-5.03827
-5.03735
-5.04214
-5.04747
-5.05282
-5.05455
-5.05567
-5.05699
-5.05942
-5.06198
-5.06552
-5.06664
-5.06581
-5.06429
-5.06143
-5.06081
-5.06067
-5.06256
-5.06678
-5.07333
-5.08133
-5.09037
-5.10078
-5.11329
-5.12748
-5.14171
-5.15238
-5.15711
-5.15213
-5.13672
-5.10954
-5.07351
-5.03321
-4.99221
-4.9585
-4.93458
-4.92229
-4.92176
-4.92923
-4.94447
-4.96424
-4.98424
-5.00384
-5.02093
-5.03454
-5.04523
-5.05315
-5.05702
-5.05489
-5.04527
-5.02777
-5.00482
-4.97646
-4.94573
-4.91776
-4.89836
-4.89396
-4.90963
-4.94412
-4.99291
-5.0466
-5.09564
-5.13539
-5.1636
-5.17963
-5.18461
-5.18031
-5.1702
-5.15692
-5.14247
-5.12696
-5.11092
-5.09513
-5.0812
-5.06673
-5.05242
-5.03792
-5.02565
-5.0168
-5.01264
-5.0111
-5.01386
-5.01637
-5.02106
-5.02638
-5.0306
-5.03422
-5.03762
-5.04389
-5.05417
-5.07064
-5.09291
-5.11706
-5.14146
-5.16211
-5.17841
-5.18921
-5.19616
-5.19912
-5.19878
-5.19246
-5.18354
-5.16869
-5.14689
-5.12124
-5.09359
-5.0668
-5.04606
-5.03428
-5.0345
-5.0443
-5.06273
-5.08375
-5.10396
-5.1207
-5.12922
-5.1288
-5.11789
-5.09447
-5.06298
-5.02849
-4.99563
-4.96936
-4.95371
-4.94832
-4.95122
-4.95938
-4.96982
-4.9793
-4.98661
-4.99138
-4.99401
-4.9944
-4.99287
-4.99194
-4.99075
-4.99095
-4.99234
-4.99269
-4.99319
-4.99428
-4.9952
-4.99867
-5.00289
-5.0082
-5.01095
-5.01092
-5.00723
-4.99963
-4.98681
-4.9725
-4.96068
-4.95423
-4.95538
-4.96697
-4.98764
