0
1.26249e-07
9.59825e-08
2.37184e-07
1.53332e-07
1.07948e-07
8.06221e-08
6.18526e-08
5.49079e-08
5.30687e-08
1.06648e-07
9.0212e-08
7.96013e-08
8.59667e-08
7.9448e-08
6.99829e-08
7.2251e-08
6.47479e-08
5.83179e-08
5.2685e-08
4.77886e-08
4.84998e-08
4.46106e-08
4.23432e-08
3.93271e-08
3.63794e-08
3.61807e-08
3.46348e-08
3.25202e-08
3.33988e-08
3.17348e-08
3.14475e-08
3.02805e-08
2.86187e-08
2.70258e-08
2.5786e-08
2.47897e-08
2.54104e-08
2.48678e-08
2.55391e-08
2.5297e-08
2.44871e-08
2.6086e-08
2.49337e-08
2.47144e-08
2.50436e-08
2.399e-08
2.30785e-08
2.34905e-08
2.26019e-08
2.22876e-08
2.17373e-08
2.15177e-08
2.13729e-08
2.08139e-08
2.02355e-08
1.96069e-08
1.90863e-08
1.8445e-08
1.8748e-08
1.81392e-08
1.80324e-08
1.86444e-08
1.8219e-08
1.81867e-08
1.82974e-08
1.82799e-08
1.79958e-08
1.74899e-08
1.70795e-08
1.67638e-08
1.63263e-08
1.60133e-08
1.56502e-08
1.53824e-08
1.5681e-08
1.56122e-08
1.52155e-08
1.49998e-08
1.4739e-08
1.46525e-08
1.4579e-08
1.42731e-08
1.43527e-08
1.41383e-08
1.38501e-08
1.38075e-08
1.37643e-08
1.34575e-08
1.33283e-08
1.31924e-08
1.29096e-08
1.27026e-08
1.24638e-08
1.2203e-08
1.19696e-08
1.17771e-08
1.1578e-08
1.15269e-08
1.15255e-08
