-6.36253
-6.3548
-6.34106
-6.31926
-6.28677
-6.24207
-6.1862
-6.11507
-6.02672
-5.92019
-5.79419
-5.65059
-5.49911
-5.34912
-5.21276
-5.10069
-5.02094
-4.97484
-4.95865
-4.96533
-4.99001
-5.02126
-5.05554
-5.08806
-5.11466
-5.13417
-5.14641
-5.15243
-5.15632
-5.15886
-5.15985
-5.16124
-5.16173
-5.1587
-5.15082
-5.13596
-5.11359
-5.08578
-5.05466
-5.02526
-5.00097
-4.98093
-4.96796
-4.96116
-4.95919
-4.962
-4.97014
-4.98309
-4.99963
-5.01751
-5.03419
-5.04663
-5.05341
-5.05424
-5.04915
-5.03759
-5.02479
-5.0117
-5.00241
-4.99691
-4.99574
-4.99776
-5.00223
-5.00822
-5.01556
-5.02337
-5.02952
-5.033
-5.03467
-5.03343
-5.03093
-5.02981
-5.03206
-5.03855
-5.04907
-5.06113
-5.07147
-5.0782
-5.08297
-5.08656
-5.08829
-5.08795
-5.09009
-5.08876
-5.08511
-5.08054
-5.07569
-5.07204
-5.07216
-5.07295
-5.0762
-5.08027
-5.08497
-5.08989
-5.09357
-5.09352
-5.09097
-5.08402
-5.07473
-5.06112
-5.0443
-5.02451
-5.00217
-4.97902
-4.95518
-4.93325
-4.91593
-4.90558
-4.90496
-4.9147
-4.93312
-4.95817
-4.98729
-5.01479
-5.03662
-5.05278
-5.06188
-5.06466
-5.06017
-5.05181
-5.04251
-5.03202
-5.02525
-5.01962
-5.01491
-5.01028
-5.00554
-5.0022
-5.00169
-5.00579
-5.01674
-5.032
-5.04982
-5.0706
-5.09274
-5.11463
-5.13095
-5.14339
-5.15005
-5.15243
-5.15142
-5.15007
-5.15042
-5.15181
-5.15298
-5.1513
-5.14581
-5.13668
-5.12742
-5.11902
-5.11612
-5.11669
-5.12178
-5.12688
-5.1277
-5.12497
-5.11505
-5.09939
-5.07875
-5.05746
-5.04098
-5.03244
-5.03655
-5.05009
-5.06451
-5.07447
-5.07928
-5.08131
-5.08387
-5.08947
-5.09866
-5.10977
-5.12163
-5.13447
-5.14582
-5.15732
-5.16837
-5.17991
-5.18654
-5.18741
-5.17759
-5.16051
-5.13891
-5.11689
-5.1004
-5.09503
-5.09961
-5.11143
-5.12445
-5.13763
-5.14656
-5.15278
-5.1565
-5.156
-5.15038
-5.14025
-5.124
-5.10196
-5.0754
-5.04747
-5.01883
-4.99079
-4.96611
-4.94755
-4.93515
-4.93153
-4.93616
-4.94733
-4.96575
-4.99085
-5.02299
-5.05846
-5.09571
-5.13178
-5.16332
-5.18993
-5.20852
-5.21823
-5.22129
-5.21641
-5.20681
-5.19206
-5.17531
-5.15898
-5.13992
-5.12196
-5.10527
-5.09178
-5.08215
-5.07699
-5.07816
-5.08325
-5.09532
-5.11182
-5.13034
-5.14938
-5.16715
-5.17989
-5.18762
-5.18948
-5.18587
-5.17842
-5.1669
-5.15422
-5.1427
-5.13746
-5.1384
-5.14613
-5.16097
-5.17698
-5.19539
-5.20994
-5.21992
-5.22655
-5.22604
-5.21668
-5.20034
-5.18225
-5.1636
-5.14511
-5.12802
-5.11054
-5.09246
-5.07435
-5.05718
-5.04252
-5.03124
-5.023
-5.01907
-5.01834
-5.02071
-5.02419
-5.0269
-5.02752
-5.02383
-5.01469
-5.00182
-4.98511
-4.96961
-4.95736
-4.95357
-4.96167
-4.98185
-5.01043
-5.04431
-5.07568
-5.10118
-5.11423
-5.11446
-5.10554
-5.09051
-5.07415
-5.05895
-5.05176
-5.05244
-5.0619
-5.07742
-5.09244
-5.10685
-5.11846
-5.12577
-5.12883
-5.12593
-5.11811
-5.1063
-5.09218
-5.07747
-5.06435
-5.05141
-5.03994
-5.02978
-5.02526
-5.02931
-5.0446
-5.06729
-5.09429
-5.11839
-5.13543
-5.14345
-5.1405
-5.12915
-5.11187
-5.09327
-5.07694
-5.06725
-5.06515
-5.07053
-5.0801
-5.08986
-5.09622
-5.09605
-5.0858
-5.0681
-5.04442
-5.01743
-4.99248
-4.97307
-4.96155
-4.95796
-4.96364
-4.97494
-4.99287
-5.01389
-5.03608
-5.05368
-5.06711
-5.07034
-5.066
-5.05473
-5.04116
-5.03082
-5.02782
-5.03307
-5.04364
-5.05468
-5.06157
-5.06621
-5.0693
-5.0718
-5.07648
-5.08423
-5.09412
-5.10493
-5.11418
-5.12048
-5.1264
-5.12843
-5.12982
-5.12929
-5.12755
-5.12543
-5.12429
-5.12449
-5.12705
-5.13032
-5.13422
-5.13689
-5.13781
-5.13741
-5.13547
-5.13167
-5.12814
-5.12437
-5.12307
-5.12146
-5.12006
-5.11747
-5.11443
-5.11127
-5.10515
-5.09718
-5.09093
-5.0851
-5.07963
-5.07761
-5.07821
-5.07864
-5.07824
-5.07689
-5.07313
-5.0731
-5.0774
-5.08449
-5.09494
-5.1047
-5.11318
-5.11886
-5.12343
-5.12568
-5.12576
-5.12727
-5.13151
-5.13839
-5.14769
-5.15802
-5.16876
-5.17853
-5.1845
-5.18613
-5.1824
-5.17243
-5.15907
-5.14116
-5.12258
-5.10357
-5.08851
-5.07814
-5.07263
-5.07182
-5.075
-5.08173
-5.09014
-5.09627
-5.10069
-5.1014
-5.10025
-5.09878
-5.0976
-5.09911
-5.10302
-5.10761
-5.11102
-5.11165
-5.10533
-5.09061
-5.0697
-5.04583
-5.02714
-5.01683
-5.01905
-5.03179
-5.0518
-5.07623
-5.10425
-5.13396
-5.16424
-5.19431
-5.22259
-5.24613
-5.26459
-5.27536
-5.27953
-5.2774
-5.26794
-5.25157
-5.22869
-5.19933
-5.16711
-5.13419
-5.10265
-5.07664
-5.05792
-5.04724
-5.04165
-5.04174
-5.04721
-5.05794
-5.07467
-5.09914
-5.12405
-5.14748
-5.16321
-5.16745
-5.16221
-5.14837
-5.13661
-5.13172
-5.13831
-5.15301
-5.17225
-5.19062
-5.20349
-5.20688
-5.20034
-5.18643
-5.16761
-5.14638
-5.12581
-5.10879
-5.09986
-5.09797
-5.10332
-5.11203
-5.12274
-5.13103
-5.13528
-5.13508
-5.12968
-5.11852
-5.10153
-5.08043
-5.05564
-5.03318
-5.01858
-5.01562
-5.02716
-5.04966
-5.07858
-5.11346
-5.14688
-5.17864
-5.20542
-5.22717
-5.24478
-5.26021
-5.27325
-5.28391
-5.29082
-5.29065
-5.2821
-5.26606
-5.24319
-5.21492
-5.18295
-5.14782
-5.11284
-5.08126
-5.05361
-5.03282
-5.01911
-5.01303
-5.01402
-5.01773
-5.02403
-5.03065
-5.03843
-5.04909
-5.06266
-5.07936
-5.09373
-5.10572
-5.112
-5.11056
-5.10108
-5.08467
-5.06503
-5.0425
-5.02387
-5.00802
-4.99395
-4.98151
-4.96946
-4.95861
-4.95301
-4.95454
-4.96601
-4.98641
-5.01122
-5.04145
-5.07036
-5.09572
-5.11402
-5.12537
-5.12772
-5.12187
-5.11005
-5.0953
-5.08125
-5.07099
-5.06594
-5.06327
-5.06071
-5.05764
-5.05108
-5.04127
-5.02822
-5.01274
-4.99526
-4.97549
-4.95708
-4.94168
-4.93362
-4.9379
-4.9531
-4.97454
-4.99726
-5.01777
-5.03576
-5.04972
-5.06202
-5.07475
-5.08865
-5.10187
-5.11348
-5.12231
-5.12644
-5.12662
-5.12521
-5.12199
-5.1168
-5.11079
-5.10368
-5.09721
-5.08683
-5.07504
-5.06248
-5.05095
-5.04327
-5.0414
-5.04645
-5.05808
-5.07452
-5.08953
-5.10052
-5.1052
-5.0995
-5.0805
-5.05237
-5.01721
-4.98196
-4.9529
-4.93375
-4.92293
-4.91927
-4.9215
-4.92675
-4.93606
-4.95018
-4.9684
-4.99083
-5.01654
-5.04408
-5.0703
-5.09465
-5.11504
-5.12864
-5.13401
-5.13009
-5.11567
-5.09318
-5.06551
-5.04051
-5.02334
-5.0189
-5.02769
-5.0478
-5.07666
-5.10896
-5.14169
-5.16774
-5.18563
-5.19315
-5.19092
-5.17973
-5.16143
-5.14043
-5.1219
-5.11022
-5.10563
-5.10942
-5.11823
-5.12767
-5.13681
-5.14209
-5.14495
-5.14839
-5.15333
-5.15865
-5.16044
-5.15696
-5.14586
-5.12493
-5.09823
-5.06876
-5.04425
-5.02635
-5.01992
-5.02501
-5.03875
-5.05989
-5.08239
-5.10228
-5.11762
-5.12455
-5.12382
-5.11574
-5.10185
-5.08526
-5.07105
-5.06228
-5.06214
-5.06883
-5.08379
-5.10528
-5.12753
-5.14938
-5.16725
-5.1809
-5.18665
-5.18489
-5.17455
-5.15562
-5.13118
-5.10148
-5.07008
-5.03796
-5.00864
-4.9831
-4.9658
-4.95679
-4.95619
-4.9593
-4.96545
-4.97151
-4.97753
-4.98253
-4.98869
-4.99682
-5.01003
-5.02112
-5.03172
-5.03823
-5.04227
-5.05085
-5.06488
-5.08492
-5.10997
-5.13282
-5.14898
-5.15415
-5.14746
-5.12901
-5.10133
-5.07001
-5.04167
-5.02306
-5.02022
-5.0332
-5.05735
-5.08744
-5.11869
-5.14926
-5.17323
-5.19133
-5.20517
-5.21476
-5.22151
-5.22605
-5.22892
-5.22632
-5.21788
-5.20151
-5.17717
-5.14525
-5.10608
-5.06099
-5.01347
-4.96904
-4.93453
-4.90987
-4.89895
-4.89815
-4.90271
-4.90983
-4.91856
-4.92706
-4.93651
-4.94878
-4.9651
-4.98739
-5.0161
-5.04904
-5.08542
-5.11993
-5.14968
-5.17292
-5.18717
-5.19195
-5.18984
-5.17969
-5.16137
-5.13869
-5.11307
-5.0894
-5.06778
-5.05135
-5.03629
-5.02263
-5.00924
-4.99619
-4.98824
-4.98217
-4.98104
-4.98371
-4.98926
-4.99584
-5.00058
-5.00467
-5.00581
-5.00474
-5.00338
-5.00707
-5.0175
-5.03576
-5.05884
-5.08366
-5.10651
-5.12391
-5.13654
-5.14606
-5.15187
-5.15615
-5.15802
-5.15868
-5.15952
-5.15983
-5.16018
-5.16248
-5.1656
-5.16985
-5.17351
-5.17654
-5.17736
-5.17623
-5.17402
-5.16988
-5.16699
-5.16597
-5.16766
-5.17036
-5.17428
-5.1785
-5.18155
-5.18277
-5.17967
-5.1713
-5.15775
-5.14041
-5.12115
-5.10222
-5.08361
-5.06634
-5.04868
-5.02923
-5.0122
-5.00294
-5.00747
-5.02307
-5.04566
-5.06752
-5.08779
-5.10368
-5.11785
-5.12953
-5.13798
-5.14131
-5.1413
-5.13716
-5.12726
-5.11374
-5.09613
-5.07435
-5.05121
-5.02966
-5.01429
-5.00796
-5.01115
-5.02206
-5.0346
-5.04442
-5.04576
-5.03906
-5.02577
-5.00777
-4.98984
-4.97543
-4.96588
-4.96176
-4.96354
-4.97388
-4.99333
-5.02194
-5.05641
-5.09421
-5.13223
-5.16606
-5.19376
-5.21282
-5.2222
-5.22602
-5.22292
-5.21099
-5.19379
-5.16973
-5.14008
-5.10645
-5.07386
-5.04379
-5.02069
-5.00275
-4.99135
-4.98711
-4.99082
-4.99746
-5.00853
-5.01933
-5.03211
-5.04345
-5.05545
-5.0669
-5.07802
-5.08893
-5.10009
-5.11122
-5.11996
-5.12698
-5.12737
-5.12235
-5.11239
-5.102
-5.09595
-5.09786
-5.10656
-5.12088
-5.13617
-5.14557
-5.14642
-5.13832
-5.12389
-5.10632
-5.08652
-5.06628
-5.0486
-5.03779
-5.0369
-5.04768
-5.06902
-5.09893
-5.12844
-5.14994
-5.16296
-5.16597
-5.15814
-5.14066
-5.11748
-5.08931
-5.05664
-5.02254
-4.9869
-4.9513
-4.92079
-4.89758
-4.88153
-4.8726
-4.87144
-4.87521
-4.88603
-4.90057
-4.91816
-4.93501
-4.95156
-4.96573
-4.98132
-4.99666
-5.01285
-5.02754
-5.04233
-5.05561
-5.06933
-5.08082
-5.08874
-5.09036
-5.08382
-5.06813
-5.04661
-5.02358
-5.00732
-5.00143
-5.00657
-5.02073
-5.03932
-5.05572
-5.06865
-5.07685
-5.0851
-5.09316
-5.10339
-5.113
-5.12116
-5.12377
