-0.0385107
-0.0390132
-0.0392578
-0.039752
-0.0397082
-0.0397502
-0.0397893
-0.0398013
-0.0398837
-0.0399814
-0.0402443
-0.0402187
-0.0402731
-0.0404098
-0.0403398
-0.0403527
-0.0404571
-0.0404393
-0.040454
-0.0404465
-0.0404452
-0.0405172
-0.040533
-0.0404951
-0.0404773
-0.0404728
-0.0404224
-0.0403904
-0.0403748
-0.040319
-0.0402973
-0.0402559
-0.0402288
-0.040219
-0.0402234
-0.0402392
-0.0402195
-0.0401752
-0.0402028
-0.0402469
-0.0402151
-0.0402349
-0.0402877
-0.0402922
-0.0403221
-0.0403599
-0.040359
-0.0403679
-0.0403309
-0.0403243
-0.0403004
-0.0402829
-0.0403075
-0.0402819
-0.0402672
-0.0402545
-0.0402458
-0.0402334
-0.040233
-0.0402634
-0.0402625
-0.0402845
-0.0402498
-0.0402374
-0.0402143
-0.0402401
-0.0402632
-0.0402473
-0.0402508
-0.0402601
-0.0402729
-0.0402679
-0.0402794
-0.0402712
-0.040259
-0.0402324
-0.0402508
-0.0402498
-0.0402368
-0.0402474
-0.0402641
-0.0402472
-0.0402406
-0.0402611
-0.0402501
-0.0402438
-0.0402272
-0.0402107
-0.0402116
-0.0402246
-0.0402371
-0.0402387
-0.0402303
-0.0402248
-0.0402253
-0.0402298
-0.0402371
-0.0402434
-0.0402299
-0.0402147
