0
4.99179e-13
4.49011e-12
1.30661e-11
1.66387e-11
1.89342e-11
1.63698e-11
2.64239e-11
3.09397e-11
3.91979e-11
5.73681e-11
5.19491e-11
4.60499e-11
4.01447e-11
3.49707e-11
3.10705e-11
3.19629e-11
3.00927e-11
2.98607e-11
2.73865e-11
2.51851e-11
2.42695e-11
2.22626e-11
2.1042e-11
1.98497e-11
1.85059e-11
1.74609e-11
1.64833e-11
1.59821e-11
1.52522e-11
1.45657e-11
1.36828e-11
1.29184e-11
1.21913e-11
1.17172e-11
1.12037e-11
1.06064e-11
1.0102e-11
9.62217e-12
9.24785e-12
8.80487e-12
8.95501e-12
9.11439e-12
9.07792e-12
8.75212e-12
8.90061e-12
8.80813e-12
8.66042e-12
8.31458e-12
8.34701e-12
8.63768e-12
8.41391e-12
8.38892e-12
8.28905e-12
8.27049e-12
7.98159e-12
7.7167e-12
7.49447e-12
7.37795e-12
7.13421e-12
6.90276e-12
6.68268e-12
6.47316e-12
6.29103e-12
6.16672e-12
5.9963e-12
5.86296e-12
5.86202e-12
5.69863e-12
5.58561e-12
5.55311e-12
5.47962e-12
5.45847e-12
5.3527e-12
5.40519e-12
5.31455e-12
5.17794e-12
5.0513e-12
4.92628e-12
4.82638e-12
4.71084e-12
4.6262e-12
4.52509e-12
4.41806e-12
4.3203e-12
4.23658e-12
4.1408e-12
4.07982e-12
4.01774e-12
3.96175e-12
3.88321e-12
3.80463e-12
3.72833e-12
3.6962e-12
3.61892e-12
3.5789e-12
3.62066e-12
3.55951e-12
3.51732e-12
3.51177e-12
