-3.51475
-3.51475
-3.51475
-3.51369
-3.51037
-3.50524
-3.50176
-3.4986
-3.49633
-3.49573
-3.49543
-3.49421
-3.49481
-3.49586
-3.49691
-3.49736
-3.49827
-3.49948
-3.50054
-3.5007
-3.50251
-3.50191
-3.50177
-3.50222
-3.50237
-3.50252
-3.50237
-3.50146
-3.50176
-3.50207
-3.50101
-3.50056
-3.50056
-3.50026
-3.50041
-3.50056
-3.50056
-3.50101
-3.50086
-3.50116
-3.50207
-3.50116
-3.50131
-3.50222
-3.50282
-3.50282
-3.50252
-3.50192
-3.50131
-3.50086
-3.50071
-3.50026
-3.49981
-3.49996
-3.50056
-3.49966
-3.49996
-3.49935
-3.4995
-3.49935
-3.49965
-3.49995
-3.5001
-3.49965
-3.49905
-3.4986
-3.49769
-3.49678
-3.49739
-3.49769
-3.49739
-3.49663
-3.49557
-3.49466
-3.49482
-3.49558
-3.49588
-3.49527
-3.49558
-3.49663
-3.49648
-3.49437
-3.49542
-3.49497
-3.49467
-3.49512
-3.49527
-3.49512
-3.49648
-3.49618
-3.49633
-3.49587
-3.49542
-3.49557
-3.49603
-3.49527
-3.49527
-3.49452
-3.49512
-3.49497
-3.49482
-3.49452
-3.49406
-3.49452
-3.49467
-3.49482
-3.49482
-3.49436
-3.49451
-3.49527
-3.49557
-3.49557
-3.49648
-3.49679
-3.49588
-3.49588
-3.49618
-3.49724
-3.49694
-3.49678
-3.49739
-3.49633
-3.49723
-3.49754
-3.49799
-3.49859
-3.49889
-3.49889
-3.49814
-3.49708
-3.49768
-3.49799
-3.49723
-3.49708
-3.49753
-3.49889
-3.49784
-3.49784
-3.49784
-3.49874
-3.49935
-3.4998
-3.5001
-3.49965
-3.4992
-3.4986
-3.49829
-3.49799
-3.49874
-3.49814
-3.49829
-3.49708
-3.49769
-3.49874
-3.49875
-3.50026
-3.50041
-3.50041
-3.49965
-3.4995
-3.5004
-3.49979
-3.4998
-3.50056
-3.50056
-3.50011
-3.4998
-3.49965
-3.49935
-3.49904
-3.49889
-3.49829
-3.49754
-3.49814
-3.49814
-3.49874
-3.49874
-3.4998
-3.4992
-3.49951
-3.498
-3.49784
-3.49859
-3.49874
-3.49798
-3.49798
-3.49783
-3.49859
-3.49875
-3.50041
-3.50041
-3.50041
-3.50071
-3.50026
-3.49935
-3.4998
-3.50041
-3.50071
-3.50025
-3.50025
-3.49995
-3.4995
-3.49995
-3.50146
-3.50161
-3.50191
-3.50221
-3.50161
-3.50131
-3.50101
-3.50176
-3.50146
-3.50101
-3.50041
-3.4992
-3.49935
-3.49935
-3.4989
-3.4998
-3.49965
-3.5001
-3.4992
-3.49874
-3.5001
-3.49919
-3.49889
-3.49829
-3.49814
-3.49798
-3.49753
-3.49798
-3.49662
-3.49677
-3.49693
-3.49647
-3.49617
-3.49663
-3.49618
-3.49618
-3.49618
-3.49618
-3.49678
-3.49632
-3.49587
-3.49526
-3.49662
-3.49738
-3.49753
-3.49904
-3.49874
-3.5004
-3.4998
-3.49814
-3.49859
-3.49905
-3.49829
-3.49693
-3.49738
-3.49798
-3.49798
-3.49874
-3.49919
-3.49935
-3.49919
-3.49874
-3.49859
-3.49889
-3.49874
-3.49904
-3.49874
-3.49844
-3.49769
-3.49663
-3.49618
-3.49588
-3.49542
-3.49603
-3.49572
-3.49632
-3.49572
-3.49496
-3.49466
-3.49466
-3.49391
-3.49436
-3.49421
-3.49543
-3.49482
-3.49316
-3.49286
-3.49376
-3.49587
-3.49632
-3.49753
-3.49738
-3.49783
-3.49935
-3.49889
-3.49905
-3.4992
-3.4989
-3.49905
-3.4986
-3.4986
-3.4989
-3.4992
-3.4992
-3.49995
-3.50011
-3.50101
-3.50116
-3.50161
-3.50161
-3.50222
-3.50161
-3.50177
-3.50132
-3.50087
-3.50117
-3.50087
-3.50116
-3.50146
-3.50206
-3.50191
-3.50161
-3.50055
-3.4998
-3.49935
-3.49935
-3.50011
-3.50131
-3.50086
-3.50101
-3.50101
-3.49995
-3.49919
-3.49889
-3.49919
-3.49919
-3.50025
-3.49949
-3.49949
-3.49904
-3.49935
-3.49814
-3.49905
-3.49814
-3.49829
-3.49799
-3.49738
-3.49662
-3.49587
-3.49557
-3.49587
-3.49633
-3.49542
-3.49572
-3.49648
-3.49632
-3.49617
-3.49632
-3.49662
-3.49738
-3.49768
-3.49708
-3.49844
-3.49799
-3.49859
-3.49859
-3.49829
-3.49784
-3.49768
-3.49738
-3.49768
-3.49738
-3.49738
-3.49693
-3.49633
-3.49632
-3.49648
-3.49587
-3.49602
-3.49587
-3.49768
-3.49844
-3.49874
-3.49768
-3.49678
-3.49708
-3.49617
-3.49496
-3.49617
-3.49723
-3.49677
-3.49723
-3.49814
-3.49814
-3.49829
-3.49904
-3.49768
-3.49783
-3.49828
-3.49768
-3.49844
-3.49859
-3.49904
-3.49904
-3.5004
-3.5013
-3.5007
-3.50055
-3.5007
-3.5004
-3.49979
-3.49874
-3.49828
-3.49874
-3.49874
-3.49889
-3.49889
-3.49799
-3.49844
-3.49783
-3.49813
-3.49738
-3.49783
-3.49858
-3.49889
-3.49858
-3.49783
-3.49783
-3.49874
-3.49844
-3.49874
-3.49798
-3.49753
-3.49768
-3.49753
-3.49813
-3.49874
-3.49844
-3.49753
-3.49754
-3.49723
-3.49663
-3.49663
-3.49602
-3.49662
-3.49616
-3.49662
-3.49723
-3.49753
-3.49723
-3.49723
-3.49693
-3.49647
-3.49663
-3.49753
-3.49784
-3.49844
-3.49754
-3.49663
-3.49633
-3.49588
-3.49573
-3.49588
-3.49527
-3.49557
-3.49618
-3.49587
-3.49572
-3.49557
-3.49617
-3.49587
-3.49633
-3.49723
-3.49753
-3.49723
-3.49889
-3.49829
-3.49845
-3.49845
-3.49815
-3.49966
-3.49935
-3.5001
-3.49965
-3.49995
-3.49965
-3.4998
-3.50026
-3.50102
-3.50102
-3.50056
-3.50101
-3.50222
-3.50327
-3.50357
-3.50267
-3.50282
-3.50236
-3.50267
-3.50237
-3.50313
-3.50328
-3.50313
-3.50313
-3.50283
-3.50207
-3.50117
-3.50132
-3.50041
-3.4998
-3.49949
-3.49904
-3.49995
-3.50025
-3.49874
-3.49905
-3.49784
-3.49814
-3.4983
-3.49829
-3.49799
-3.49814
-3.49799
-3.49814
-3.49875
-3.49829
-3.49693
-3.49618
-3.49618
-3.49693
-3.49814
-3.49814
-3.49798
-3.49874
-3.49874
-3.49904
-3.49874
-3.49859
-3.49949
-3.49919
-3.49934
-3.49859
-3.49768
-3.49753
-3.49753
-3.49844
-3.49693
-3.49618
-3.49587
-3.49587
-3.49603
-3.49602
-3.49678
-3.49527
-3.49557
-3.49557
-3.49496
-3.49481
-3.49436
-3.49345
-3.49375
-3.49405
-3.49496
-3.49557
-3.4939
-3.49481
-3.49527
-3.49602
-3.49588
-3.49663
-3.49708
-3.49738
-3.49753
-3.49723
-3.49662
-3.49632
-3.49708
-3.49723
-3.49678
-3.49738
-3.49753
-3.49784
-3.49799
-3.49829
-3.49874
-3.49829
-3.49874
-3.49843
-3.49752
-3.49798
-3.49859
-3.49844
-3.49768
-3.49678
-3.49693
-3.49602
-3.49481
-3.49405
-3.4942
-3.49421
-3.49451
-3.49511
-3.49466
-3.49375
-3.49405
-3.49451
-3.4942
-3.4939
-3.49345
-3.49511
-3.49481
-3.49496
-3.49511
-3.49496
-3.4948
-3.4945
-3.4942
-3.49435
-3.49556
-3.49511
-3.49436
-3.49482
-3.49527
-3.49406
-3.49421
-3.49376
-3.49345
-3.49345
-3.49405
-3.49375
-3.4936
-3.49451
-3.49466
-3.49496
-3.49557
-3.49541
-3.49511
-3.49511
-3.49587
-3.49617
-3.49708
-3.49799
-3.49784
-3.49739
-3.49754
-3.49754
-3.49799
-3.49738
-3.49753
-3.49752
-3.49813
-3.49858
-3.49843
-3.49844
-3.49768
-3.49799
-3.49678
-3.49618
-3.49588
-3.49648
-3.49708
-3.49663
-3.49587
-3.49587
-3.49707
-3.49722
-3.49768
-3.49783
-3.49738
-3.49874
-3.4995
-3.4998
-3.50025
-3.5004
-3.50025
-3.4992
-3.4992
-3.5001
-3.49965
-3.4995
-3.49844
-3.49919
-3.49873
-3.49888
-3.49919
-3.49874
-3.4998
-3.5004
-3.5004
-3.50101
-3.50056
-3.50071
-3.50116
-3.50131
-3.50085
-3.50085
-3.5007
-3.50115
-3.49979
-3.49919
-3.49994
-3.49919
-3.49874
-3.49768
-3.49799
-3.49769
-3.49814
-3.49844
-3.49784
-3.49799
-3.49738
-3.49768
-3.49768
-3.49829
-3.49768
-3.49783
-3.49768
-3.49829
-3.49753
-3.49784
-3.49829
-3.49965
-3.5001
-3.5001
-3.49904
-3.50025
-3.4989
-3.4995
-3.4995
-3.49844
-3.49919
-3.49919
-3.49859
-3.4995
-3.4998
-3.50011
-3.49981
-3.49981
-3.49981
-3.4995
-3.49935
-3.49904
-3.49843
-3.49904
-3.50025
-3.50055
-3.49995
-3.49905
-3.50011
-3.49965
-3.49905
-3.4992
-3.49874
-3.49799
-3.49738
-3.49829
-3.49829
-3.49844
-3.49784
-3.49724
-3.49739
-3.49799
-3.49829
-3.49798
-3.49753
-3.49858
-3.49753
-3.49768
-3.49783
-3.49708
-3.49617
-3.49633
-3.49617
-3.49602
-3.49602
-3.49541
-3.49466
-3.49406
-3.493
-3.49376
-3.49452
-3.49542
-3.49678
-3.49724
-3.49663
-3.49739
-3.49784
-3.49693
-3.49678
-3.49618
-3.49693
-3.49678
-3.49814
-3.49814
-3.49829
-3.49829
-3.49769
-3.49965
-3.49935
-3.49919
-3.49874
-3.49859
-3.49859
-3.49739
-3.49739
-3.49708
-3.49693
-3.49678
-3.49829
-3.49949
-3.50025
-3.49995
-3.5001
-3.50101
-3.50101
-3.50071
-3.50086
-3.49995
-3.49965
-3.49874
-3.49814
-3.49874
-3.49919
-3.49919
-3.49995
-3.5001
-3.5004
-3.5001
-3.50025
-3.5001
-3.50025
-3.50116
-3.50086
-3.50101
-3.501
-3.50131
-3.5007
-3.50025
-3.5001
-3.49995
-3.5004
-3.50025
-3.4995
-3.49844
-3.49768
-3.49738
-3.49783
-3.49783
-3.49859
-3.49935
-3.49874
-3.49828
-3.49798
-3.49919
-3.49949
-3.5001
-3.49935
-3.49965
-3.49874
-3.49889
-3.49934
-3.49995
-3.4995
-3.5001
-3.50101
-3.50055
-3.50086
-3.50131
-3.50116
-3.50146
-3.50191
-3.50281
-3.50327
-3.50281
-3.50252
-3.50176
-3.50177
-3.50056
-3.4998
-3.4998
-3.49934
-3.49934
-3.49979
-3.5001
-3.5001
-3.49964
-3.50009
-3.5007
-3.50145
-3.50085
-3.4998
-3.49935
-3.49905
-3.4998
-3.50041
-3.49965
-3.50071
-3.50146
-3.49995
-3.5001
-3.50025
-3.5004
-3.49965
-3.4998
-3.49934
-3.5007
-3.50085
-3.5004
-3.4998
-3.5007
-3.49995
-3.50101
-3.50055
-3.50146
-3.5007
-3.50071
-3.50055
-3.50055
-3.50055
-3.5007
-3.50086
-3.4998
-3.50026
-3.49935
-3.4992
-3.49889
-3.49919
-3.4998
-3.5004
-3.49934
-3.49889
-3.4998
-3.50026
-3.50056
-3.50056
-3.50101
-3.50237
-3.50312
-3.50312
-3.50297
-3.50357
-3.50418
-3.50418
-3.50357
-3.50509
-3.50615
-3.50494
-3.50464
-3.50509
-3.50494
-3.50373
-3.50343
-3.50312
-3.50221
-3.50282
-3.50327
-3.50266
-3.50296
-3.50372
-3.50357
-3.50297
-3.50372
-3.50372
-3.50523
-3.50553
-3.50599
-3.50539
-3.50569
-3.50463
-3.50508
-3.50493
-3.50569
-3.50554
-3.50614
-3.50554
-3.50569
-3.50508
-3.50478
-3.50479
-3.50509
-3.50463
-3.50418
-3.50312
-3.50357
-3.50402
-3.50357
-3.50297
-3.50297
-3.50222
-3.50237
-3.50191
-3.50312
-3.50312
-3.50342
-3.50267
-3.50282
-3.50252
