-3.50199
-3.50033
-3.50063
-3.50184
-3.50078
-3.50108
-3.50093
-3.50078
-3.50108
-3.50048
-3.50093
-3.50108
-3.50033
-3.50093
-3.49942
-3.49972
-3.49957
-3.50063
-3.50123
-3.50214
-3.50168
-3.50199
-3.50184
-3.50244
-3.50289
-3.50244
-3.50304
-3.50304
-3.50319
-3.50274
-3.50199
-3.50124
-3.50093
-3.49987
-3.50002
-3.50032
-3.50017
-3.50002
-3.49941
-3.49881
-3.49805
-3.4976
-3.49821
-3.49775
-3.4976
-3.49775
-3.4967
-3.49655
-3.49609
-3.49715
-3.49624
-3.49655
-3.49594
-3.49685
-3.49715
-3.49881
-3.49821
-3.49941
-3.49851
-3.49851
-3.49836
-3.4982
-3.49866
-3.49836
-3.49821
-3.49866
-3.49942
-3.49987
-3.49972
-3.50032
-3.50047
-3.50092
-3.50077
-3.50093
-3.50108
-3.50078
-3.50078
-3.50002
-3.49987
-3.49896
-3.49972
-3.49972
-3.49926
-3.49896
-3.49911
-3.50047
-3.50092
-3.50062
-3.49896
-3.49821
-3.4964
-3.49655
-3.497
-3.49821
-3.4979
-3.49835
-3.4976
-3.49866
-3.49866
-3.49881
-3.49956
-3.50017
-3.50002
-3.49911
-3.49941
-3.49881
-3.49866
-3.49851
-3.49881
-3.49866
-3.49896
-3.49972
-3.49911
-3.49835
-3.49835
-3.49956
-3.50017
-3.49987
-3.50047
-3.50062
-3.50092
-3.50168
-3.50138
-3.50092
-3.50152
-3.50228
-3.50153
-3.50047
-3.50122
-3.50077
-3.50092
-3.50153
-3.50168
-3.50108
-3.50108
-3.50062
-3.50032
-3.50092
-3.50002
-3.50077
-3.50062
-3.50153
-3.50122
-3.50198
-3.50243
-3.50228
-3.50274
-3.50183
-3.50168
-3.50153
-3.50093
-3.50002
-3.49972
-3.50077
-3.50092
-3.50092
-3.50107
-3.50198
-3.50228
-3.50319
-3.50289
-3.50198
-3.50108
-3.50168
-3.50123
-3.50063
-3.50063
-3.49957
-3.50032
-3.50229
-3.50229
-3.50289
-3.50244
-3.50183
-3.50243
-3.50122
-3.50107
-3.50107
-3.50032
-3.50108
-3.50002
-3.50108
-3.50108
-3.50078
-3.50123
-3.50093
-3.50093
-3.50183
-3.50093
-3.49941
-3.49926
-3.49881
-3.49911
-3.49851
-3.49927
-3.49882
-3.49821
-3.49745
-3.4967
-3.49609
-3.49609
-3.49654
-3.49624
-3.49715
-3.49866
-3.49941
-3.49972
-3.49972
-3.49926
-3.49851
-3.49896
-3.50017
-3.49926
-3.50047
-3.50048
-3.50063
-3.50168
-3.50153
-3.50183
-3.50093
-3.50062
-3.50047
-3.49972
-3.49866
-3.4976
-3.49865
-3.49925
-3.4985
-3.49911
-3.50017
-3.49957
-3.50018
-3.49988
-3.50033
-3.49957
-3.49851
-3.4982
-3.49836
-3.49821
-3.49866
-3.49881
-3.49881
-3.49881
-3.49911
-3.49987
-3.49942
-3.50093
-3.50153
-3.50002
-3.49942
-3.49972
-3.49926
-3.4982
-3.49714
-3.49714
-3.49714
-3.4973
-3.49715
-3.49684
-3.49654
-3.49715
-3.4973
-3.49715
-3.4979
-3.49805
-3.49805
-3.4982
-3.49699
-3.49639
-3.49624
-3.49639
-3.49685
-3.497
-3.49655
-3.4964
-3.49685
-3.4967
-3.4967
-3.49579
-3.49594
-3.49609
-3.49639
-3.49729
-3.49805
-3.4976
-3.49744
-3.49745
-3.49714
-3.4973
-3.4973
-3.49639
-3.49654
-3.497
-3.49745
-3.49851
-3.49836
-3.49881
-3.49866
-3.4982
-3.49835
-3.4976
-3.49639
-3.49669
-3.49699
-3.49548
-3.49624
-3.49579
-3.49639
-3.49684
-3.49715
-3.49669
-3.49624
-3.49564
-3.49594
-3.49745
-3.49775
-3.49745
-3.49745
-3.49851
-3.49956
-3.50047
-3.50062
-3.49986
-3.50047
-3.50032
-3.50017
-3.49941
-3.49866
-3.49866
-3.49971
-3.49957
-3.49987
-3.49957
-3.50063
-3.50077
-3.50077
-3.50138
-3.50092
-3.50107
-3.50168
-3.50168
-3.50168
-3.50153
-3.50184
-3.50244
-3.50228
-3.50168
-3.50137
-3.50168
-3.50047
-3.50032
-3.50062
-3.50002
-3.49972
-3.50032
-3.50062
-3.50017
-3.50001
-3.50062
-3.49986
-3.49971
-3.50017
-3.50032
-3.50108
-3.50274
-3.50244
-3.50305
-3.50153
-3.50063
-3.50107
-3.50077
-3.50167
-3.50228
-3.50213
-3.50078
-3.49972
-3.49942
-3.49881
-3.4976
-3.4976
-3.4973
-3.49775
-3.49775
-3.49775
-3.4967
-3.497
-3.497
-3.49655
-3.49731
-3.49685
-3.49595
-3.497
-3.49805
-3.49956
-3.50017
-3.49957
-3.49942
-3.49866
-3.49806
-3.49836
-3.49791
-3.49745
-3.4976
-3.4973
-3.49775
-3.49776
-3.49776
-3.49776
-3.49746
-3.49761
-3.4964
-3.4964
-3.49654
-3.49594
-3.49684
-3.49699
-3.4979
-3.49775
-3.49791
-3.4973
-3.497
-3.4967
-3.49504
-3.49398
-3.49413
-3.49262
-3.49201
-3.49262
-3.49262
-3.49186
-3.49066
-3.49126
-3.49217
-3.49307
-3.49247
-3.49216
-3.49291
-3.49306
-3.49367
-3.49352
-3.49382
-3.49367
-3.49427
-3.49397
-3.49427
-3.49413
-3.49473
-3.49443
-3.49458
-3.49458
-3.49443
-3.49503
-3.49533
-3.49623
-3.49578
-3.49684
-3.49699
-3.49699
-3.49774
-3.49805
-3.49729
-3.4973
-3.49699
-3.49729
-3.4985
-3.4988
-3.4982
-3.49714
-3.49744
-3.4979
-3.49851
-3.49881
-3.49866
-3.49836
-3.49881
-3.49896
-3.49896
-3.49941
-3.49986
-3.49985
-3.49894
-3.49804
-3.49835
-3.4982
-3.49715
-3.4976
-3.49744
-3.4982
-3.4988
-3.49895
-3.4988
-3.49835
-3.4985
-3.49941
-3.49926
-3.49926
-3.49835
-3.49865
-3.50001
-3.50061
-3.49941
-3.49805
-3.4982
-3.49744
-3.4976
-3.49684
-3.49745
-3.4976
-3.49715
-3.49715
-3.4979
-3.49911
-3.49926
-3.49895
-3.49774
-3.49774
-3.49729
-3.49714
-3.49623
-3.49563
-3.49487
-3.49593
-3.49548
-3.49412
-3.49457
-3.49503
-3.49457
-3.49488
-3.49442
-3.49473
-3.49412
-3.49337
-3.49276
-3.49276
-3.49291
-3.49276
-3.49336
-3.49442
-3.49442
-3.49517
-3.49608
-3.49638
-3.49684
-3.49654
-3.49639
-3.49593
-3.49593
-3.49609
-3.49593
-3.49563
-3.49578
-3.49593
-3.49563
-3.49608
-3.49668
-3.49714
-3.49699
-3.4979
-3.49835
-3.49805
-3.49881
-3.49835
-3.4979
-3.49836
-3.49911
-3.50031
-3.4997
-3.50091
-3.50077
-3.50123
-3.50229
-3.50335
-3.50138
-3.50123
-3.50153
-3.50122
-3.50152
-3.49955
-3.49895
-3.49834
-3.49925
-3.4994
-3.49925
-3.49865
-3.49835
-3.49835
-3.49911
-3.49926
-3.49971
-3.50001
-3.49926
-3.4991
-3.4991
-3.49879
-3.49864
-3.4988
-3.49774
-3.4982
-3.4982
-3.49745
-3.49699
-3.49699
-3.49684
-3.49684
-3.49714
-3.49638
-3.49593
-3.49623
-3.49653
-3.49638
-3.49608
-3.49623
-3.49548
-3.49593
-3.49563
-3.49623
-3.49638
-3.49698
-3.49668
-3.49532
-3.49457
-3.49487
-3.49427
-3.49397
-3.49442
-3.49381
-3.49427
-3.49412
-3.49427
-3.49517
-3.49532
-3.49517
-3.49608
-3.49653
-3.49774
-3.4985
-3.49819
-3.4991
-3.4988
-3.49971
-3.50076
-3.50061
-3.50046
-3.50061
-3.50076
-3.50046
-3.50152
-3.50061
-3.50076
-3.50001
-3.50031
-3.50031
-3.50046
-3.49925
-3.49895
-3.49864
-3.49864
-3.49788
-3.49774
-3.49834
-3.49789
-3.49789
-3.49804
-3.4985
-3.49759
-3.49804
-3.49865
-3.49865
-3.50001
-3.4988
-3.49865
-3.49835
-3.49774
-3.49774
-3.49684
-3.49835
-3.4988
-3.49895
-3.49744
-3.49653
-3.49683
-3.49593
-3.49608
-3.49638
-3.49699
-3.49699
-3.49669
-3.49684
-3.49684
-3.49669
-3.49639
-3.49669
-3.4976
-3.49759
-3.4988
-3.4994
-3.50016
-3.50016
-3.49971
-3.50016
-3.49925
-3.49986
-3.50031
-3.50001
-3.50016
-3.50061
-3.50061
-3.50076
-3.50076
-3.50107
-3.50092
-3.50031
-3.50092
-3.50107
-3.50198
-3.50137
-3.50183
-3.50122
-3.50122
-3.50122
-3.50107
-3.50167
-3.50182
-3.50379
-3.50454
-3.50379
-3.50454
-3.50454
-3.50469
-3.50439
-3.50485
-3.505
-3.5062
-3.50484
-3.50439
-3.50348
-3.50318
-3.50334
-3.50394
-3.50319
-3.50228
-3.50152
-3.50152
-3.50198
-3.50228
-3.50213
-3.50107
-3.50092
-3.50092
-3.50092
-3.50137
-3.50107
-3.50047
-3.50122
-3.50213
-3.50288
-3.50288
-3.50258
-3.50168
-3.50213
-3.50259
-3.50228
-3.50259
-3.50304
-3.50379
-3.50409
-3.50379
-3.50182
-3.50182
-3.50213
-3.50228
-3.50259
-3.50153
-3.50198
-3.50229
-3.50198
-3.50153
-3.50153
-3.50077
-3.50062
-3.50122
-3.50047
-3.50032
-3.50092
-3.50047
-3.50031
-3.50016
-3.49971
-3.49971
-3.49881
-3.49926
-3.49986
-3.50001
-3.49941
-3.49971
-3.50031
-3.50062
-3.50047
-3.50137
-3.50183
-3.50122
-3.50062
-3.50183
-3.50198
-3.50168
-3.50062
-3.50198
-3.50243
-3.50228
-3.50152
-3.50137
-3.50228
-3.50243
-3.50243
-3.50213
-3.50198
-3.50198
-3.50183
-3.50303
-3.50258
-3.50273
-3.50288
-3.50167
-3.50258
-3.50182
-3.50243
-3.50198
-3.50182
-3.50182
-3.50167
-3.50122
-3.50046
-3.50046
-3.50077
-3.50107
-3.50092
-3.50138
-3.50153
-3.50183
-3.50168
-3.50152
-3.50092
-3.50107
-3.50122
-3.50091
-3.49956
-3.49971
-3.49926
-3.50001
-3.49911
-3.4988
-3.49865
-3.4988
-3.4985
-3.49941
-3.49896
-3.49805
-3.49774
-3.49669
-3.49744
-3.49729
-3.49714
-3.49714
-3.49759
-3.49804
-3.49819
-3.49804
-3.49789
-3.49759
-3.49714
-3.49608
-3.49578
-3.49563
-3.49654
-3.49684
-3.49714
-3.49789
-3.49728
-3.49789
-3.49819
-3.49834
-3.49894
-3.49804
-3.49789
-3.49804
-3.49714
-3.49714
-3.49759
-3.49789
-3.4982
-3.49865
-3.4991
-3.49956
-3.50001
-3.50016
-3.50122
-3.50137
-3.50107
-3.50136
-3.50181
-3.50181
-3.50181
-3.50136
-3.50212
-3.50334
-3.50334
-3.50289
-3.50258
-3.50243
-3.50243
-3.50182
-3.50107
-3.50031
-3.50016
-3.50001
-3.4997
-3.49925
-3.49986
-3.4994
-3.4991
-3.49834
-3.49819
-3.49804
-3.49835
-3.49759
-3.49865
-3.49789
-3.49835
-3.4991
-3.4991
-3.49895
-3.49804
-3.49744
-3.49623
-3.49562
-3.49608
-3.49608
-3.49699
-3.49729
-3.49774
-3.49744
-3.49759
-3.49759
-3.49805
-3.49669
-3.49759
-3.49805
-3.49714
-3.49699
-3.49714
-3.49683
-3.49698
-3.49668
-3.49698
-3.49623
-3.49653
-3.49608
-3.49563
-3.49624
-3.49624
-3.49715
-3.4985
-3.4979
-3.49744
-3.49789
-3.49834
-3.49849
-3.4991
-3.4994
-3.4994
-3.49925
-3.49926
-3.4988
-3.49835
-3.4982
-3.49865
-3.49895
-3.4985
-3.4988
-3.4982
-3.49804
-3.4985
-3.49789
-3.49774
-3.4982
-3.49774
-3.4985
-3.49865
-3.49941
-3.49865
-3.4979
-3.49775
-3.4985
-3.49805
-3.49774
-3.49804
-3.49804
-3.49713
-3.49698
-3.49698
