-0.013031
-0.013032
-0.0130346
-0.0130308
-0.0130276
-0.0130246
-0.0130263
-0.0130303
-0.0130337
-0.0130376
-0.0130429
-0.0130449
-0.0130435
-0.0130428
-0.0130428
-0.0130422
-0.01304
-0.0130387
-0.013037
-0.0130363
-0.0130357
-0.0130346
-0.0130348
-0.013034
-0.0130333
-0.0130329
-0.0130324
-0.0130319
-0.0130311
-0.0130305
-0.0130299
-0.0130298
-0.0130296
-0.0130294
-0.013029
-0.0130286
-0.0130286
-0.0130288
-0.0130287
-0.0130283
-0.0130284
-0.0130292
-0.0130299
-0.0130305
-0.0130308
-0.0130315
-0.0130321
-0.0130325
-0.0130325
-0.0130331
-0.0130339
-0.0130342
-0.0130348
-0.0130352
-0.0130357
-0.0130358
-0.0130357
-0.0130359
-0.0130363
-0.0130363
-0.0130363
-0.0130363
-0.0130363
-0.0130361
-0.0130364
-0.0130365
-0.0130363
-0.0130359
-0.013036
-0.0130362
-0.0130365
-0.0130362
-0.0130359
-0.0130357
-0.0130352
-0.013035
-0.013035
-0.0130349
-0.013035
-0.0130351
-0.0130351
-0.0130349
-0.0130348
-0.0130348
-0.0130347
-0.0130348
-0.0130349
-0.0130347
-0.0130345
-0.0130343
-0.0130343
-0.0130343
-0.0130343
-0.013034
-0.013034
-0.0130342
-0.0130346
-0.0130347
-0.0130345
-0.0130348
