-1.40674
-1.40658
-1.40688
-1.40749
-1.40824
-1.40764
-1.40779
-1.40734
-1.40704
-1.4078
-1.40749
-1.40825
-1.40809
-1.40809
-1.40732
-1.40733
-1.40659
-1.4069
-1.40751
-1.40811
-1.40855
-1.4087
-1.4093
-1.40838
-1.40853
-1.40838
-1.40777
-1.40808
-1.40718
-1.40794
-1.40704
-1.40719
-1.40734
-1.40613
-1.40598
-1.40477
-1.40568
-1.40492
-1.40583
-1.40628
-1.40673
-1.40672
-1.40581
-1.40565
-1.40536
-1.40551
-1.40552
-1.40492
-1.40477
-1.40493
-1.40492
-1.40598
-1.40597
-1.40613
-1.40553
-1.40508
-1.40402
-1.40386
-1.404
-1.40505
-1.4052
-1.40536
-1.40658
-1.40734
-1.40719
-1.40795
-1.40779
-1.40945
-1.41066
-1.41187
-1.41157
-1.41096
-1.41095
-1.4117
-1.41019
-1.40975
-1.41006
-1.40871
-1.40918
-1.40978
-1.40826
-1.40915
-1.40853
-1.40974
-1.4099
-1.41006
-1.41143
-1.41218
-1.41309
-1.41309
-1.41218
-1.41218
-1.41082
-1.41052
-1.41141
-1.41185
-1.41231
-1.41277
-1.41233
-1.41279
-1.41444
-1.41428
-1.41489
-1.41519
-1.41534
-1.41474
-1.4146
-1.41339
-1.41339
-1.41264
-1.41218
-1.41218
-1.41292
-1.41292
-1.41156
-1.41186
-1.40913
-1.41005
-1.41007
-1.40963
-1.40886
-1.4078
-1.40658
-1.40688
-1.40733
-1.40718
-1.40687
-1.40551
-1.40551
-1.40643
-1.40644
-1.4072
-1.40659
-1.40719
-1.40704
-1.40764
-1.4087
-1.4081
-1.40855
-1.40916
-1.40855
-1.40869
-1.40823
-1.40823
-1.40763
-1.40794
-1.40841
-1.40871
-1.41007
-1.40961
-1.4096
-1.4099
-1.4102
-1.40899
-1.40824
-1.40689
-1.40538
-1.40537
-1.40537
-1.40597
-1.40506
-1.40506
-1.40446
-1.4034
-1.40371
-1.40386
-1.40417
-1.40478
-1.40584
-1.40538
-1.40689
-1.40644
-1.40658
-1.40748
-1.40672
-1.40672
-1.40597
-1.40416
-1.40401
-1.4031
-1.404
-1.40446
-1.40477
-1.40401
-1.40462
-1.40508
-1.40584
-1.40494
-1.40494
-1.40357
-1.40552
-1.40612
-1.40628
-1.40614
-1.40599
-1.40615
-1.40706
-1.40676
-1.40766
-1.40765
-1.40703
-1.40671
-1.40792
-1.40643
-1.40661
-1.40646
-1.40646
-1.4063
-1.40614
-1.40553
-1.40492
-1.40507
-1.40493
-1.40524
-1.40479
-1.40493
-1.40493
-1.40477
-1.40553
-1.40553
-1.40765
-1.40885
-1.40931
-1.40961
-1.40916
-1.40825
-1.40735
-1.4084
-1.4078
-1.40704
-1.40688
-1.40643
-1.40734
-1.40673
-1.40644
-1.40538
-1.40478
-1.40418
-1.40449
-1.40449
-1.40434
-1.40388
-1.40523
-1.40598
-1.40583
-1.40584
-1.40584
-1.40645
-1.40645
-1.40826
-1.40675
-1.40735
-1.40704
-1.40614
-1.4066
-1.40614
-1.40645
-1.40569
-1.40645
-1.40615
-1.40585
-1.40646
-1.40584
-1.40598
-1.40416
-1.40491
-1.40567
-1.40689
-1.40675
-1.40676
-1.40631
-1.4063
-1.4072
-1.40705
-1.40645
-1.40524
-1.40539
-1.40523
-1.40568
-1.40477
-1.40462
-1.40508
-1.40599
-1.40509
-1.40495
-1.40449
-1.4051
-1.40479
-1.40418
-1.40509
-1.40479
-1.40631
-1.40646
-1.4057
-1.406
-1.40478
-1.40538
-1.40493
-1.40508
-1.40554
-1.4057
-1.40646
-1.40646
-1.40585
-1.40554
-1.40539
-1.40479
-1.40509
-1.40509
-1.40448
-1.40539
-1.40646
-1.40706
-1.40631
-1.40646
-1.40751
-1.40705
-1.40675
-1.40765
-1.40765
-1.40629
-1.40539
-1.40585
-1.40646
-1.40676
-1.40782
-1.40706
-1.40661
-1.40585
-1.40586
-1.40586
-1.40616
-1.4063
-1.40736
-1.40736
-1.40705
-1.4069
-1.4066
-1.40569
-1.40721
-1.40675
-1.40766
-1.40766
-1.40706
-1.40631
-1.40571
-1.40465
-1.40283
-1.40282
-1.40267
-1.40312
-1.40373
-1.40495
-1.40571
-1.40662
-1.40722
-1.40782
-1.40676
-1.40569
-1.40554
-1.40584
-1.40478
-1.40554
-1.40676
-1.40722
-1.40738
-1.40873
-1.40842
-1.40841
-1.40826
-1.40782
-1.40813
-1.40783
-1.40843
-1.40873
-1.40826
-1.40842
-1.40752
-1.40752
-1.40722
-1.40676
-1.40601
-1.40571
-1.40677
-1.40632
-1.40662
-1.40707
-1.40721
-1.4057
-1.4054
-1.40646
-1.40631
-1.40571
-1.40571
-1.40572
-1.40572
-1.40496
-1.40525
-1.40539
-1.40584
-1.40645
-1.40601
-1.40571
-1.40662
-1.40782
-1.40797
-1.40781
-1.40721
-1.40857
-1.40873
-1.41009
-1.4113
-1.411
-1.41176
-1.41161
-1.41055
-1.40979
-1.40949
-1.40933
-1.41024
-1.41024
-1.41039
-1.4101
-1.41056
-1.4101
-1.41025
-1.41085
-1.41069
-1.4116
-1.41221
-1.41146
-1.41116
-1.41161
-1.41025
-1.40964
-1.40979
-1.40963
-1.40963
-1.40948
-1.40903
-1.40843
-1.40812
-1.40797
-1.40797
-1.40888
-1.40934
-1.40874
-1.40889
-1.40874
-1.40919
-1.41055
-1.41099
-1.41039
-1.41069
-1.41069
-1.41206
-1.41085
-1.41085
-1.41085
-1.41174
-1.41068
-1.40962
-1.40993
-1.40948
-1.40948
-1.41054
-1.41009
-1.41024
-1.4104
-1.41086
-1.41131
-1.41086
-1.4092
-1.41009
-1.41054
-1.40978
-1.40918
-1.41009
-1.40903
-1.40888
-1.40858
-1.40783
-1.40647
-1.40601
-1.40632
-1.40617
-1.40632
-1.40692
-1.40767
-1.40948
-1.41008
-1.41053
-1.41023
-1.41008
-1.41084
-1.41145
-1.41146
-1.41102
-1.41087
-1.41132
-1.41268
-1.41237
-1.41252
-1.41221
-1.4128
-1.41204
-1.41249
-1.4119
-1.41115
-1.40919
-1.40874
-1.40752
-1.40903
-1.40857
-1.40797
-1.40918
-1.41115
-1.41039
-1.4113
-1.41115
-1.41129
-1.41129
-1.41189
-1.41175
-1.4116
-1.41146
-1.4104
-1.40965
-1.40905
-1.40965
-1.4098
-1.40933
-1.41022
-1.41053
-1.41039
-1.41145
-1.41131
-1.41055
-1.4104
-1.4104
-1.41147
-1.41147
-1.41086
-1.41191
-1.4116
-1.41054
-1.41085
-1.411
-1.4101
-1.40995
-1.4095
-1.41009
-1.40828
-1.40903
-1.40844
-1.40784
-1.40724
-1.40723
-1.40737
-1.40737
-1.40737
-1.40767
-1.40692
-1.40723
-1.40784
-1.40859
-1.40753
-1.40557
-1.40617
-1.40678
-1.40753
-1.40798
-1.40873
-1.40798
-1.40858
-1.40904
-1.41009
-1.4104
-1.41055
-1.41056
-1.41071
-1.41041
-1.4101
-1.411
-1.40994
-1.41023
-1.40962
-1.41053
-1.41039
-1.40949
-1.40995
-1.40935
-1.4089
-1.40829
-1.40769
-1.40874
-1.40723
-1.40722
-1.40706
-1.40555
-1.40661
-1.40677
-1.40723
-1.40844
-1.40813
-1.40736
-1.40735
-1.40857
-1.40829
-1.4089
-1.4089
-1.40753
-1.40798
-1.40768
-1.40783
-1.40829
-1.40844
-1.40829
-1.40738
-1.40875
-1.4086
-1.40783
-1.40842
-1.40779
-1.40809
-1.40752
-1.40709
-1.40816
-1.4068
-1.40679
-1.40663
-1.40692
-1.40647
-1.40616
-1.40676
-1.40691
-1.40722
-1.40707
-1.40783
-1.40768
-1.40934
-1.40979
-1.40947
-1.40932
-1.40918
-1.40964
-1.40904
-1.41025
-1.41055
-1.41085
-1.40994
-1.41054
-1.40933
-1.40858
-1.4104
-1.40753
-1.40738
-1.40753
-1.40813
-1.40873
-1.40888
-1.40797
-1.40738
-1.40753
-1.40663
-1.40618
-1.40512
-1.40601
-1.40404
-1.40434
-1.4045
-1.40329
-1.403
-1.40345
-1.40391
-1.40452
-1.40572
-1.40677
-1.40706
-1.40645
-1.40706
-1.40662
-1.40799
-1.40769
-1.40814
-1.40753
-1.40934
-1.4095
-1.4098
-1.41055
-1.40994
-1.40948
-1.40918
-1.40993
-1.41008
-1.40963
-1.40979
-1.40919
-1.4089
-1.40951
-1.41056
-1.41131
-1.41114
-1.41235
-1.41129
-1.41145
-1.4107
-1.41025
-1.40919
-1.40798
-1.40723
-1.40707
-1.40615
-1.40585
-1.406
-1.40645
-1.4051
-1.40389
-1.4042
-1.40541
-1.40527
-1.40572
-1.40512
-1.40692
-1.40616
-1.4054
-1.4048
-1.40373
-1.40328
-1.40434
-1.4048
-1.40572
-1.40541
-1.40587
-1.40632
-1.40752
-1.40797
-1.40706
-1.40645
-1.4054
-1.40556
-1.40541
-1.40542
-1.40451
-1.4039
-1.40283
-1.40358
-1.40374
-1.40375
-1.4039
-1.40435
-1.40481
-1.40481
-1.40511
-1.4048
-1.40554
-1.40674
-1.40765
-1.40721
-1.40844
-1.40859
-1.40814
-1.40768
-1.40828
-1.40753
-1.40768
-1.40844
-1.40677
-1.40631
-1.40645
-1.40689
-1.40734
-1.40706
-1.40722
-1.40602
-1.40542
-1.40617
-1.40814
-1.4086
-1.40875
-1.40902
-1.40855
-1.40889
-1.40816
-1.40694
-1.40814
-1.40843
-1.40857
-1.40767
-1.40723
-1.40799
-1.40889
-1.40889
-1.40888
-1.41008
-1.41038
-1.40918
-1.40903
-1.40904
-1.40844
-1.40814
-1.4089
-1.40829
-1.40812
-1.40706
-1.40812
-1.40708
-1.40603
-1.40633
-1.40511
-1.40571
-1.40586
-1.40586
-1.40556
-1.40631
-1.40631
-1.40632
-1.40708
-1.40662
-1.40692
-1.40722
-1.40768
-1.40768
-1.40828
-1.40692
-1.40601
-1.40587
-1.40617
-1.40617
-1.40678
-1.40662
-1.40721
-1.4069
-1.40752
-1.40768
-1.40784
-1.40799
-1.40829
-1.40889
-1.40935
-1.40754
-1.40754
-1.40678
-1.40632
-1.40556
-1.406
-1.406
-1.4075
-1.40871
-1.40872
-1.40933
-1.40904
-1.4095
-1.40859
-1.40874
-1.40859
-1.40889
-1.4092
-1.40889
-1.40859
-1.40753
-1.40797
-1.40872
-1.40902
-1.40828
-1.40769
-1.4086
-1.40829
-1.40723
-1.40738
-1.40647
-1.40601
-1.40586
-1.40661
-1.40677
-1.40601
-1.40526
-1.40556
-1.40601
-1.40586
-1.40661
-1.40555
-1.40555
-1.40616
-1.4051
-1.40616
-1.40646
-1.40632
-1.40556
-1.40753
-1.40676
-1.40646
-1.40525
-1.40525
-1.40601
-1.40586
-1.40631
-1.40555
-1.406
-1.40615
-1.40706
-1.40661
-1.40752
-1.40798
-1.40707
-1.4054
-1.40539
-1.40615
-1.40721
-1.40782
-1.40692
-1.40813
-1.40798
-1.40933
-1.40993
-1.40948
-1.40934
-1.40844
-1.40738
-1.40738
-1.40812
-1.40721
-1.40767
-1.40752
-1.40677
-1.40676
-1.40706
-1.4063
-1.406
-1.40646
-1.40677
-1.40616
-1.40586
-1.40601
-1.4057
-1.40479
-1.40403
-1.40601
-1.40465
-1.40496
-1.40616
-1.40571
-1.40646
-1.40646
-1.40722
-1.40752
-1.40827
-1.40932
-1.40962
-1.40886
-1.40917
-1.40932
-1.40932
-1.40917
-1.40947
-1.40871
-1.40947
-1.41023
-1.41009
-1.41129
-1.41053
-1.40978
-1.41068
-1.41099
-1.41144
-1.41083
-1.41113
-1.41158
-1.41294
-1.41279
-1.41188
-1.41219
-1.41083
-1.41023
-1.40933
-1.40797
-1.40767
-1.4057
-1.40661
-1.40676
-1.406
-1.40631
-1.4063
-1.40524
-1.40569
-1.40568
-1.40478
-1.40463
-1.40584
-1.40856
-1.40902
-1.40948
-1.41114
-1.41114
-1.41068
-1.41052
-1.41051
-1.41097
-1.41128
-1.41007
