1.89852
1.89337
1.88421
1.87038
1.85093
1.82456
1.78963
1.74432
1.68693
1.61631
1.53251
1.43759
1.3362
1.23551
1.1439
1.06889
1.01512
0.983574
0.97207
0.976423
0.991664
1.01289
1.03585
1.05723
1.07486
1.08776
1.09603
1.10065
1.10303
1.10453
1.1059
1.10712
1.10745
1.10563
1.10027
1.09027
1.07535
1.05651
1.03587
1.01607
0.999271
0.986512
0.977769
0.972631
0.970912
0.972788
0.978415
0.98745
0.998875
1.0111
1.02232
1.03091
1.03573
1.03619
1.03239
1.02529
1.01656
1.00823
1.00194
0.998377
0.997395
0.99854
1.00142
1.00572
1.01101
1.01652
1.02122
1.02414
1.02486
1.02382
1.02236
1.02212
1.02433
1.02926
1.03617
1.0437
1.05039
1.05528
1.05826
1.05995
1.06121
1.06239
1.06311
1.06253
1.06029
1.05695
1.05361
1.05128
1.05046
1.05118
1.05325
1.05626
1.0597
1.06288
1.06503
1.0655
1.0638
1.05967
1.05307
1.0441
1.03299
1.02
1.00541
0.989666
0.973678
0.958955
0.94741
0.940813
0.9403
0.946289
0.958368
0.975061
0.993872
1.012
1.02716
1.03793
1.0438
1.04494
1.04216
1.03669
1.03008
1.02379
1.01868
1.01472
1.01128
1.00779
1.00443
1.00221
1.00237
1.00581
1.0127
1.02268
1.03506
1.04901
1.06347
1.07716
1.08874
1.09703
1.10147
1.10245
1.10139
1.10018
1.10021
1.10144
1.10252
1.1018
1.09835
1.09246
1.08578
1.08059
1.07855
1.07974
1.08273
1.08542
1.08597
1.08314
1.07643
1.06599
1.05273
1.03864
1.02706
1.02177
1.0245
1.03302
1.04263
1.04957
1.05298
1.05444
1.05635
1.06029
1.06651
1.07432
1.08273
1.09089
1.09845
1.10571
1.11308
1.12007
1.12489
1.12527
1.11973
1.10845
1.09355
1.07877
1.06828
1.0647
1.06785
1.07523
1.0838
1.09148
1.09744
1.10158
1.10386
1.10383
1.10069
1.09363
1.08239
1.0675
1.0501
1.03148
1.01259
0.994193
0.977443
0.96406
0.955697
0.953079
0.955964
0.963811
0.976294
0.99323
1.01415
1.038
1.06314
1.08758
1.10942
1.12705
1.13945
1.14622
1.14766
1.14451
1.1378
1.12858
1.11771
1.10592
1.09381
1.08204
1.07132
1.06243
1.05611
1.05297
1.05345
1.05775
1.0657
1.07659
1.08925
1.10214
1.11368
1.12248
1.12763
1.12887
1.12646
1.12109
1.11371
1.10557
1.09829
1.09389
1.09401
1.09907
1.10795
1.11883
1.12999
1.14009
1.14786
1.15197
1.15133
1.14559
1.13561
1.12324
1.11041
1.09809
1.08618
1.07423
1.06208
1.05011
1.03896
1.02928
1.02157
1.01618
1.01335
1.01306
1.01484
1.01767
1.02018
1.02089
1.01863
1.01285
1.00386
0.992925
0.982193
0.974432
0.972408
0.978009
0.991463
1.01101
1.0333
1.05431
1.0705
1.0796
1.08087
1.07512
1.0645
1.05218
1.04175
1.03616
1.03671
1.04271
1.05205
1.06236
1.07187
1.07951
1.08458
1.08652
1.08489
1.07968
1.0716
1.06199
1.05218
1.04293
1.0342
1.02595
1.01908
1.01576
1.01847
1.02826
1.04378
1.06168
1.07804
1.08971
1.09485
1.09309
1.08532
1.07361
1.0608
1.05002
1.04376
1.04307
1.04715
1.05384
1.06034
1.06408
1.06316
1.05663
1.04473
1.02894
1.01166
0.995526
0.982789
0.974904
0.972513
0.975598
0.983629
0.995586
1.0099
1.02449
1.03702
1.04538
1.04813
1.04514
1.03783
1.02919
1.0228
1.0213
1.025
1.03184
1.0389
1.0441
1.04699
1.04855
1.05032
1.05354
1.0586
1.065
1.0717
1.07767
1.08226
1.0853
1.08696
1.08749
1.08713
1.08617
1.08506
1.08441
1.08474
1.08625
1.08863
1.09123
1.09331
1.09432
1.09406
1.09266
1.09053
1.08808
1.08566
1.08359
1.08202
1.08088
1.07986
1.07844
1.07612
1.07265
1.06814
1.06317
1.05858
1.05523
1.05359
1.05339
1.05367
1.0533
1.05189
1.0503
1.05018
1.05275
1.05787
1.06433
1.07074
1.07609
1.07988
1.08202
1.08292
1.08337
1.08449
1.08721
1.09199
1.0986
1.10619
1.11365
1.11986
1.12384
1.12483
1.12234
1.1163
1.10709
1.09555
1.08296
1.0708
1.06045
1.05304
1.04916
1.04883
1.05145
1.05593
1.06093
1.06522
1.06797
1.06894
1.06848
1.0674
1.06672
1.06732
1.06952
1.07278
1.07566
1.07608
1.07206
1.06265
1.04871
1.03321
1.02034
1.01378
1.01495
1.02304
1.03618
1.05267
1.07134
1.09135
1.11184
1.13179
1.15004
1.16553
1.17743
1.18522
1.1886
1.18738
1.18138
1.17056
1.15521
1.13604
1.11436
1.09201
1.07118
1.05395
1.04157
1.03404
1.03052
1.03028
1.03332
1.04027
1.05162
1.06683
1.08384
1.09935
1.10984
1.11287
1.10837
1.09935
1.091
1.08805
1.09224
1.10224
1.11496
1.12691
1.13498
1.13724
1.13318
1.12361
1.11026
1.0954
1.08149
1.07075
1.06469
1.06374
1.0671
1.07311
1.07974
1.08517
1.0881
1.08797
1.08457
1.07763
1.06691
1.05274
1.03682
1.02225
1.01272
1.01105
1.01814
1.03294
1.05322
1.07627
1.09936
1.12033
1.13808
1.15258
1.16452
1.17472
1.18351
1.19051
1.19472
1.1949
1.19011
1.17992
1.16467
1.14532
1.12321
1.09979
1.07657
1.05502
1.03658
1.02252
1.01358
1.00963
1.00968
1.01236
1.01645
1.02137
1.02717
1.03437
1.04342
1.05395
1.06453
1.07303
1.07742
1.07646
1.07003
1.0591
1.0455
1.03149
1.01887
1.0083
0.999324
0.99113
0.983398
0.976773
0.97284
0.973657
0.980698
0.993894
1.01155
1.03109
1.05006
1.06646
1.07877
1.08583
1.08709
1.08299
1.07501
1.06538
1.05642
1.04978
1.04591
1.04403
1.04262
1.04017
1.0357
1.02896
1.02016
1.00963
0.997677
0.984804
0.972228
0.962167
0.957396
0.959945
0.969674
0.98407
0.999717
1.014
1.02589
1.0358
1.04481
1.0538
1.06296
1.07177
1.07932
1.0848
1.08785
1.08858
1.08743
1.08499
1.08173
1.07792
1.07348
1.06807
1.06135
1.05338
1.04492
1.03733
1.03231
1.03127
1.03484
1.04248
1.05264
1.06294
1.07077
1.07359
1.06949
1.05763
1.03877
1.01564
0.99234
0.972969
0.959801
0.952784
0.950446
0.951325
0.954727
0.960732
0.969745
0.981993
0.997148
1.01429
1.03214
1.04942
1.06505
1.07803
1.0872
1.09108
1.08837
1.07875
1.06346
1.04542
1.02865
1.01721
1.01385
1.01941
1.03291
1.05215
1.07418
1.0958
1.11397
1.1263
1.13151
1.12963
1.12177
1.10987
1.09637
1.08402
1.07543
1.07227
1.07449
1.08026
1.08686
1.09204
1.09507
1.09677
1.09876
1.10195
1.1056
1.10749
1.10518
1.09717
1.08352
1.06582
1.04688
1.03004
1.01841
1.01402
1.01721
1.02668
1.04006
1.05466
1.06792
1.07774
1.08266
1.08207
1.07639
1.06703
1.05627
1.0468
1.04106
1.04066
1.04603
1.0564
1.07022
1.08556
1.10042
1.11304
1.12194
1.12598
1.1245
1.11741
1.10519
1.0888
1.0694
1.04826
1.02685
1.0069
0.990279
0.978648
0.972737
0.971936
0.974513
0.978411
0.982143
0.98525
0.988287
0.99239
0.99852
1.00652
1.01482
1.02148
1.02582
1.02922
1.03444
1.04379
1.05756
1.07365
1.08868
1.09925
1.1029
1.09843
1.08614
1.06789
1.04711
1.02842
1.01642
1.01412
1.02197
1.03786
1.05832
1.07976
1.09943
1.11572
1.12819
1.13732
1.14401
1.14901
1.15244
1.15375
1.15202
1.14629
1.13578
1.11995
1.09858
1.07206
1.0418
1.01032
0.981005
0.957297
0.941565
0.93418
0.933547
0.937085
0.942436
0.948153
0.953923
0.960323
0.96851
0.979792
0.995154
1.0147
1.03736
1.06111
1.08361
1.10284
1.11742
1.12662
1.13021
1.1283
1.12123
1.10963
1.0946
1.07793
1.06165
1.04734
1.03547
1.02543
1.01622
1.0073
0.999001
0.992398
0.988553
0.987895
0.98998
0.993778
0.998161
1.00213
1.00486
1.00582
1.0052
1.0044
1.00585
1.012
1.02368
1.03926
1.0557
1.07033
1.08193
1.09055
1.0968
1.10128
1.10434
1.10618
1.10703
1.10718
1.10709
1.10732
1.10835
1.11034
1.11296
1.1156
1.11752
1.11817
1.11732
1.11524
1.11268
1.11066
1.10998
1.1109
1.11311
1.11602
1.11893
1.12107
1.12158
1.11961
1.11454
1.1062
1.09515
1.08252
1.06959
1.05718
1.04517
1.03289
1.02033
1.00928
1.00331
1.00552
1.01572
1.03037
1.04545
1.05876
1.06996
1.07931
1.08679
1.09202
1.09455
1.09413
1.09077
1.08447
1.07526
1.06322
1.0488
1.03317
1.0185
1.00765
1.00313
1.00555
1.01303
1.02189
1.02843
1.03014
1.02617
1.01731
1.00561
0.993663
0.983759
0.977189
0.97444
0.975929
0.982527
0.995085
1.01366
1.03704
1.06294
1.08859
1.11134
1.1293
1.14161
1.14836
1.15021
1.14764
1.14069
1.12912
1.11298
1.09312
1.0712
1.04938
1.02963
1.01333
1.00127
0.993966
0.991542
0.993408
0.998341
1.00502
1.01252
1.02043
1.0285
1.0365
1.04423
1.05164
1.05891
1.06626
1.07358
1.08011
1.08448
1.08535
1.0821
1.07567
1.06854
1.0641
1.06498
1.07148
1.08132
1.09091
1.09688
1.09724
1.09184
1.08192
1.0693
1.05559
1.04211
1.03042
1.02281
1.02182
1.029
1.04363
1.06256
1.08152
1.09667
1.10554
1.10725
1.10213
1.09129
1.07603
1.05746
1.03628
1.01315
0.989086
0.965757
0.945215
0.929244
0.918641
0.913092
0.911814
0.914325
0.920535
0.930021
0.94145
0.953085
0.963916
0.974066
0.984158
0.994486
1.00478
1.01467
1.02413
1.03338
1.04243
1.05049
1.05597
1.05705
1.05249
1.04233
1.02829
1.01364
1.0025
0.998277
1.002
1.01184
1.02423
1.03567
1.04419
1.04996
1.05466
1.06002
1.06665
1.07356
1.07889
1.08083
1.07854
1.07159
1.06091
1.04803
1.03501
1.02405
1.01697
1.01465
1.01675
1.02191
1.02828
1.03405
1.03782
1.03877
1.03675
1.03234
1.02676
1.02157
1.01803
1.01672
1.01736
1.01906
1.02085
1.02202
1.02245
1.02258
1.02322
1.02521
1.0287
1.0327
1.03521
1.03399
1.02758
1.01585
1.00006
0.982406
0.965423
0.951309
0.941495
0.936498
0.936088
0.939649
0.946426
0.955624
0.966392
0.977903
0.989491
1.00071
1.01122
1.02068
1.02875
1.03525
1.04027
1.04415
1.04721
1.04943
1.05056
1.0505
1.0498
1.04961
1.051
1.05421
1.05829
1.06148
1.06177
1.05757
1.04822
1.03431
1.0177
1.00118
0.987681
0.979146
0.975806
0.976248
0.978298
0.979965
0.979962
0.977687
0.972904
0.965739
0.956936
0.948156
0.941688
0.939606
0.942953
0.951393
0.963479
0.977191
0.990534
1.00193
1.01037
1.0155
1.01752
1.01721
1.01581
1.01478
1.01534
1.01823
1.02358
1.03108
1.04021
1.0503
1.06069
1.07081
1.08024
1.0887
1.09573
1.10073
1.10307
1.10242
1.09895
1.09339
1.08668
1.07971
1.07301
1.06668
1.0605
1.0541
1.04716
1.03964
1.03185
1.02446
1.01844
1.0148
1.01425
1.01691
1.02216
1.029
1.03634
1.04338
1.04971
1.05529
1.06033
1.06507
1.06948
1.07318
1.07572
1.07709
1.07787
1.07886
1.08056
1.08313
1.08658
1.091
1.09648
1.1028
1.10907
1.11393
1.11596
1.11408
1.10783
1.09734
1.08333
1.06716
1.0508
1.03664
1.027
1.02361
1.0273
1.03773
1.05358
1.07283
1.09315
1.11228
1.12815
1.139
1.14366
1.14163
1.13313
1.11891
1.10006
1.07786
1.05394
1.03042
1.00999
0.99552
0.989166
0.991594
1.00186
1.01793
1.03725
1.05708
1.07487
1.08859
1.09722
1.10081
1.10031
1.09716
1.09272
1.08811
1.08398
1.08047
1.0771
1.07285
1.06652
1.05732
1.04515
1.03068
1.01511
1.00006
0.987361
0.978676
0.975054
0.97652
0.9821
0.990255
0.999496
1.00892
1.01829
1.0278
1.03767
1.04781
1.05765
1.06608
1.07179
1.07382
1.07194
1.06688
1.05999
1.05258
1.04525
1.03763
1.02877
1.01821
1.00703
0.998197
0.995648
1.00197
1.01647
1.03535
1.05357
1.0665
1.07076
1.06503
1.05073
1.03217
1.01421
0.998968
0.985713
0.973804
0.964211
0.958224
0.956013
0.956593
0.958572
0.960848
0.962906
0.964629
0.96591
0.96633
0.965235
0.962298
0.958189
0.954858
0.95467
0.958849
0.966729
0.976453
0.986374
0.995712
1.00431
1.01209
1.01883
1.0244
1.02922
1.03426
1.04069
1.04913
1.0593
1.07013
1.08014
1.08792
1.09236
1.09276
1.08892
1.081
1.06935
1.0544
1.03674
1.01725
0.997153
0.977882
0.960866
0.947289
0.937971
0.933221
0.932839
0.936109
0.941943
0.94909
0.956351
0.962748
0.967593
0.970634
0.972027
0.972201
0.971638
0.970693
0.969719
0.969291
0.970228
0.973159
0.9781
0.984386
0.991032
0.997181
1.0024
1.00673
1.01045
1.01382
1.01692
1.01943
1.02063
1.01965
1.01588
1.00932
1.00053
0.990529
0.980491
0.971723
0.965593
0.963165
0.964746
0.96969
0.976748
0.984779
0.99322
1.00211
1.01165
1.0217
1.03141
1.03936
1.04427
1.04559
1.04381
1.0403
1.03663
1.03412
1.03357
1.03533
1.03912
1.04365
1.04688
1.04686
1.04298
1.03635
1.0293
1.02428
1.02286
1.0252
1.03032
1.03674
1.04307
1.04823
1.05148
1.05258
1.05228
1.05252
1.05571
1.06336
1.07501
1.08852
1.10105
1.10995
1.11304
1.10889
1.09698
1.07799
1.05414
1.02932
1.0085
0.99572
0.991895
0.994609
1.00023
1.0061
1.01119
1.01579
1.02091
1.02773
1.03711
1.04937
1.06411
1.08024
1.09605
1.10945
1.11819
1.12043
1.11507
1.1022
1.08332
1.0613
1.04007
1.02348
1.01378
1.01055
1.01138
1.01388
1.01721
1.02191
1.02837
1.03594
1.04345
1.05024
1.05626
1.0614
1.06497
1.06574
1.06235
1.05391
1.04046
1.0232
1.00439
0.986854
0.973255
0.965533
0.964492
0.969652
0.979274
0.990713
1.00123
1.00891
1.01323
1.01492
1.0154
1.01622
1.0186
1.02328
1.03012
1.03797
1.04474
1.0481
1.04631
1.03891
1.02706
1.01347
1.00157
0.994189
0.992591
0.996192
1.00336
1.01237
1.02197
1.03135
1.0397
1.04603
1.04929
1.04877
1.04418
1.03576
1.02421
1.0106
0.9962
0.982388
0.970624
0.962398
0.958964
0.960957
0.968002
0.97867
0.990999
1.00337
1.01512
1.02664
1.03915
1.0541
1.07239
1.0939
1.11718
1.13977
1.15869
1.17118
1.1752
1.16968
1.15467
1.1312
1.10101
1.06645
1.03096
0.999744
0.978976
0.972165
0.976857
0.98673
0.996381
1.00354
1.00861
1.01331
1.01937
1.02744
1.03679
1.04567
1.05222
1.05526
1.05477
1.05203
1.04908
1.0479
1.04962
1.05415
1.06065
1.06819
1.07634
1.08498
1.09363
1.101
1.10556
1.10646
1.10371
1.0973
1.08686
1.07223
1.05444
1.03576
1.01885
1.00553
0.996438
0.991594
0.991138
0.995453
1.00467
1.0181
1.03429
1.05151
1.06826
1.08354
1.09664
1.10686
1.11342
1.11557
1.11292
1.10576
1.09526
1.08336
1.07219
1.06355
1.05843
1.05722
1.05986
1.06585
1.07413
1.08314
1.09121
1.09688
1.09921
1.09788
1.09298
1.08495
1.07451
1.06265
1.0507
1.04009
1.03206
1.02751
1.02707
1.03107
1.03934
1.05091
1.06413
1.07709
1.08803
1.09566
1.09919
1.09834
1.0938
1.08809
1.08587
1.09187
1.1067
1.12529
1.14046
1.14714
1.14364
1.13085
1.1111
1.08741
1.06296
1.04074
1.02325
1.01216
1.00805
1.01048
1.0183
1.02985
1.04301
1.05513
1.06343
1.06554
1.06016
1.04747
1.02938
1.00942
0.992156
0.981715
0.980088
0.986515
0.998423
1.01305
1.02835
1.0429
1.05532
1.06412
1.06806
1.06676
1.06103
1.05267
1.04382
1.03624
1.03067
1.0268
1.02363
1.02006
1.01536
1.00946
1.00302
0.99739
0.99436
0.995683
1.00243
1.01442
1.03033
1.04826
1.06645
1.0837
1.09936
1.11308
1.12472
1.13422
1.14161
1.14697
1.1505
1.15252
1.15344
1.15368
1.15357
1.15324
1.15265
1.15155
1.14962
1.14671
1.14285
1.13842
1.13388
1.12949
1.12507
1.12016
1.1141
1.10622
1.09595
1.08283
1.06676
1.04797
1.02716
1.00562
0.985433
0.969427
0.960546
0.960455
0.968433
0.981663
0.996758
1.01107
1.02312
1.03254
1.03976
1.04574
1.05149
1.05758
1.06387
1.06966
1.07409
1.07653
1.07678
1.07496
1.07128
1.06583
1.05876
1.05052
1.04198
1.03449
1.02968
1.02938
1.03509
1.04723
1.06464
1.08468
1.10411
1.12006
1.13054
1.13444
1.13125
1.12123
1.10599
1.08879
1.07354
1.06262
1.0559
1.05189
1.04945
1.0483
1.0484
1.04945
1.05083
1.05208
1.05322
1.0548
1.05776
1.06311
1.07157
1.08311
1.09684
1.11121
1.12448
1.13523
1.14271
1.14695
1.14848
1.14802
1.14614
1.14327
1.13979
1.13608
1.13246
1.12913
1.12619
1.12371
1.12165
1.11972
1.11745
1.11427
1.10968
1.10348
1.0958
1.0872
1.0785
1.07055
1.06387
1.05842
1.05362
1.04862
1.04285
1.03633
1.02971
1.02394
1.01976
1.01728
1.01601
1.01527
1.01478
1.01491
1.01636
1.01969
1.02491
1.03143
1.03833
1.04471
1.04981
1.053
1.05382
1.05186
1.0468
1.03843
1.02689
1.01284
0.997479
0.982585
0.9702
0.962237
0.959894
0.96313
0.970394
0.979016
0.986241
0.990422
0.99134
0.989775
0.986747
0.982967
0.978721
0.974076
0.96919
0.964493
0.960685
0.958563
0.958844
0.962002
0.968193
0.977255
0.988637
1.00135
1.01422
1.02626
1.03689
1.04608
1.05421
1.06179
1.0692
1.07643
1.08315
1.08886
1.09315
1.09582
1.09678
1.09605
1.09369
1.0899
1.08504
1.07974
1.07501
1.07206
1.07188
1.07462
1.07917
1.08355
1.08552
1.08347
1.07681
1.06625
1.05357
1.04113
1.03109
1.02457
1.0214
1.02041
1.02033
1.02038
1.02048
1.02093
1.02209
1.0243
1.02801
1.03397
1.04283
1.05448
1.06754
1.07964
1.08817
1.09111
1.08766
1.07842
1.06522
1.05078
1.03797
1.02901
1.0249
1.0252
1.02829
1.03214
1.03521
1.03696
1.03791
1.03889
1.04041
1.04232
1.04408
1.04512
1.04518
1.04436
1.04316
1.04225
1.04225
1.04361
1.04643
1.05049
1.05552
1.06145
1.06849
1.07693
1.08659
1.09638
1.1042
1.10755
1.10433
1.09345
1.07514
1.05091
1.02355
0.996614
0.973742
0.957594
0.9493
0.948546
0.954125
0.964388
0.977463
0.991401
1.00447
1.01556
1.02443
1.03135
1.03633
1.03861
1.03689
1.03017
1.01841
1.0024
0.983394
0.963106
0.944264
0.931031
0.928101
0.938546
0.961835
0.99386
1.02884
1.06154
1.08833
1.10734
1.11813
1.12145
1.11899
1.11276
1.10441
1.09487
1.08464
1.07415
1.06392
1.05423
1.04488
1.03555
1.02639
1.01831
1.01251
1.00953
1.00901
1.01014
1.01232
1.01514
1.01818
1.021
1.02351
1.02639
1.03097
1.03863
1.05001
1.06455
1.08066
1.09632
1.10988
1.12044
1.12785
1.13238
1.13435
1.13382
1.13052
1.12396
1.11376
1.09983
1.08283
1.0643
1.04665
1.03272
1.02507
1.02501
1.03205
1.04413
1.05845
1.07222
1.08297
1.08865
1.08777
1.07959
1.06438
1.04369
1.0204
0.998192
0.980579
0.969743
0.965944
0.967881
0.97342
0.980374
0.986998
0.992175
0.995457
0.996907
0.996962
0.996247
0.99543
0.995039
0.99527
0.995897
0.996528
0.996964
0.997392
0.998303
1.00011
1.00283
1.00586
1.0082
1.00868
1.00632
1.00075
0.99251
0.98317
0.975097
0.970792
0.972163
0.979996
0.993773
1.87235
1.85505
1.839
1.82668
1.81935
1.81717
1.81959
1.8254
1.83242
1.83835
1.84205
1.84375
1.84504
1.85054
1.8682
1.90219
1.94467
1.98007
1.99705
1.99395
1.97596
1.95011
1.92242
1.89773
1.88071
1.87604
1.88668
1.91174
1.94594
1.98188
2.0134
2.03743
2.05375
2.06345
2.06694
2.06283
2.04879
2.02412
1.99103
1.95313
1.91396
1.87883
1.8555
1.85014
1.86303
1.88908
1.92123
1.95257
1.97722
1.99159
1.99566
1.9926
1.9862
1.97813
1.96679
1.94893
1.92326
1.89307
1.86648
1.85306
1.85796
1.87884
1.90821
1.93802
1.96234
1.97797
1.98453
1.98369
1.97676
1.96281
1.9405
1.91232
1.88683
1.87514
1.88342
1.90932
1.94443
1.97698
1.99506
1.99161
1.96907
1.93991
1.92097
1.92281
1.94364
1.97378
2.00338
2.02633
2.04073
2.04671
2.04445
2.03421
2.01673
1.99287
1.96653
1.94899
1.95362
1.98137
2.01831
2.04998
2.07241
2.09023
2.10956
2.13276
2.15752
2.17909
2.1921
2.1917
2.17453
2.13957
2.0884
2.02563
1.96009
1.90397
1.86622
1.84936
1.8568
1.88958
1.93455
1.97224
1.99302
1.99941
1.99831
1.9947
1.99123
1.99026
1.99518
2.01041
2.03861
2.07646
2.11464
2.14292
2.15559
2.1529
2.13869
2.11735
2.09167
2.06209
2.02728
1.98622
1.94032
1.89472
1.85806
1.8405
1.84736
1.87265
1.90223
1.92405
1.93407
1.93534
1.93437
1.93731
1.94716
1.96301
1.98111
1.99712
2.00797
2.01296
2.01389
2.01426
2.01789
2.02748
2.04373
2.06538
2.0904
2.11656
2.14054
2.15717
2.16084
2.14808
2.1189
2.07673
2.02732
1.97752
1.93409
1.90183
1.88139
1.87011
1.86626
1.8713
1.88745
1.91403
1.94696
1.98126
2.01307
2.03929
2.05612
2.05876
2.04365
2.01334
1.9798
1.95884
1.95757
1.97008
1.9854
1.99443
1.99102
1.97218
1.93858
1.89447
1.84967
1.82439
1.8422
1.90191
1.97422
2.03268
2.06784
2.08133
2.07932
2.07026
2.06366
2.06665
2.0795
2.09556
2.10646
2.10803
2.10249
2.09561
2.09069
2.08627
2.07952
2.06968
2.05741
2.04312
2.02654
2.00708
1.98404
1.95678
1.92575
1.89393
1.86738
1.85251
1.85204
1.86455
1.88709
1.91631
1.94772
1.97568
1.99454
2.0005
1.99293
1.97517
1.95393
1.93693
1.92901
1.92959
1.93399
1.93755
1.93839
1.93684
1.9337
1.93052
1.93117
1.93976
1.95566
1.97392
1.99054
2.00389
2.01228
2.01192
1.9981
1.96837
1.92541
1.87736
1.8355
1.81015
1.80696
1.82462
1.85494
1.88641
1.90973
1.92222
1.92749
1.92987
1.92928
1.92262
1.90894
1.89133
1.87542
1.86749
1.87243
1.89087
1.91787
1.94498
1.96483
1.97409
1.973
1.96393
1.95085
1.93775
1.92529
1.91021
1.88897
1.86167
1.83279
1.80909
1.79679
1.8001
1.81949
1.85011
1.88315
1.90985
1.92501
1.92863
1.92526
1.92103
1.91918
1.91911
1.92023
1.92382
1.9297
1.9343
1.93319
1.92318
1.90269
1.87248
1.83697
1.80349
1.77845
1.76556
1.76828
1.78853
1.82206
1.86031
1.89641
1.92725
1.95219
1.9717
1.98581
1.99276
1.99031
1.9787
1.96138
1.94256
1.92506
1.91109
1.9031
1.90275
1.90982
1.92245
1.93782
1.95317
1.96691
1.97836
1.98633
1.98865
1.98403
1.97457
1.96585
1.96437
1.97354
1.9914
2.01208
2.02914
2.03752
2.0341
2.01834
1.99333
1.96552
1.94232
1.92881
1.92592
1.93106
1.93866
1.94088
1.93075
1.90677
1.8754
1.8491
1.83833
1.84225
1.8497
1.84937
1.83759
1.81976
1.80696
1.80828
1.82409
1.84784
1.87434
1.90361
1.93747
1.97527
2.0127
2.04407
2.06596
2.0797
2.09014
2.10174
2.11557
2.12973
2.14167
2.14937
2.15041
2.14112
2.1176
2.0785
2.02794
1.97586
1.93353
1.90667
1.89197
1.88081
1.86673
1.85021
1.83704
1.8333
1.84155
1.86057
1.88735
1.91861
1.95108
1.98114
2.00541
2.02275
2.03472
2.04386
2.05242
2.0625
2.07589
2.09376
2.11554
2.1372
2.15146
2.15242
2.14055
2.12243
2.10572
2.09412
2.08639
2.07874
2.06705
2.04831
2.02138
1.98772
1.95163
1.91936
1.89701
1.88765
1.8904
1.90271
1.92349
1.9537
1.994
2.04188
2.09126
2.13502
2.16775
2.18694
2.19284
2.1876
2.17442
2.15661
2.13675
2.11562
2.09183
2.06265
2.02602
1.98316
1.94023
1.90663
1.8894
1.8893
1.90285
1.92613
1.95574
1.98893
2.02403
2.05867
2.08762
2.10366
2.10124
2.07946
2.04307
2.0017
1.96586
1.94056
1.92345
1.90998
1.89807
1.88757
1.87774
1.86771
1.85805
1.84906
1.83847
1.82369
1.80577
1.7893
1.77942
1.77986
1.79315
1.82063
1.86152
1.91294
1.96961
2.0232
2.06444
2.08647
2.08659
2.06547
2.02567
1.97057
1.90546
1.84044
1.79068
1.76805
1.77171
1.7905
1.8118
1.82799
1.83881
1.84902
1.86326
1.8823
1.90366
1.92456
1.94349
1.9598
1.97339
1.98603
2.00169
2.02334
2.04933
2.07443
2.09344
2.10245
2.09768
2.07521
2.03282
1.97372
1.90952
1.8571
1.82748
1.81875
1.82216
1.83072
1.84256
1.85931
1.8806
1.90062
1.91199
1.91141
1.90193
1.89115
1.88659
1.89085
1.90047
1.90909
1.91164
1.90754
1.90133
1.89971
1.90623
1.91791
1.92702
1.92677
1.91614
1.90066
1.8889
1.88657
1.89384
1.9072
1.92234
1.93546
1.94397
1.94688
1.94435
1.93703
1.92548
1.91076
1.89522
1.88276
1.87743
1.88098
1.89148
1.90575
1.92257
1.94143
1.95894
1.96978
1.97058
1.96124
1.94433
1.92512
1.91164
1.91339
1.93682
1.98026
2.03392
2.08568
2.12629
2.15085
2.15802
2.14833
2.12293
2.08479
2.04119
2.00262
1.97652
1.96306
1.95697
1.95163
1.94175
1.9266
1.91402
1.91909
1.94991
1.99724
2.04369
2.07749
2.09695
2.10629
2.10858
2.10318
2.08821
2.06296
2.02769
1.9826
1.92705
1.8605
1.78584
1.71481
1.67173
1.68103
1.74026
1.81906
1.88777
1.93332
1.95512
1.95767
1.94697
1.92949
1.91115
1.89628
1.88696
1.88264
1.88001
1.87416
1.86084
1.83921
1.81423
1.79623
1.79473
1.81058
1.83649
1.86439
1.89011
1.913
1.93403
1.95507
1.97949
2.01097
2.0492
2.08824
2.12066
2.14189
2.15099
2.15002
2.14366
2.13736
2.13402
2.13223
2.12745
2.11469
2.09069
2.05524
2.01229
1.96969
1.93646
1.91763
1.91115
1.91024
1.90868
1.90337
1.89251
1.87492
1.85317
1.83654
1.83629
1.85636
1.89092
1.92984
1.96486
1.99259
2.01332
2.02762
2.03438
2.0318
2.01986
2.00178
1.98301
1.96882
1.96277
1.96707
1.98275
2.00835
2.03836
2.06399
2.07662
2.07241
2.05491
2.03368
2.01854
2.01362
2.01608
2.0193
2.01718
2.0064
1.98641
1.95877
1.92753
1.89962
1.88293
1.88234
1.8977
1.92526
1.96014
1.99757
2.03277
2.06069
2.07663
2.07827
2.06696
2.04653
2.02122
1.9951
1.97289
1.95901
1.95463
1.95616
1.9574
1.95331
1.9421
1.92496
1.90532
1.88837
1.87985
1.8832
1.89696
1.91511
1.92983
1.93469
1.92693
1.90932
1.88977
1.87635
1.87
1.86534
1.85778
1.84609
1.82984
1.80845
1.78335
1.76036
1.74998
1.76348
1.80545
1.86902
1.93933
2.00235
2.05085
2.08443
2.10536
2.11449
2.11046
2.09179
2.05916
2.01638
1.97078
1.93459
1.92123
1.93333
1.95837
1.98101
1.99294
1.99199
1.97779
1.94826
1.9017
1.85127
1.83286
1.85793
1.89035
1.90345
1.89934
1.89107
1.89109
1.90527
1.92954
1.95355
1.96933
1.97644
1.98058
1.98904
2.00631
2.03253
2.06423
2.09597
2.12153
2.13444
2.12922
2.10512
2.07108
2.04385
2.03374
2.03384
2.02907
2.01042
1.97867
1.94082
1.90534
1.87801
1.85983
1.84863
1.84223
1.83911
1.83705
1.8342
1.8329
1.8386
1.85237
1.86902
1.88535
1.90413
1.92786
1.95401
1.97743
1.99369
2.00041
1.99971
2.00146
2.0181
2.05048
2.08712
2.11734
2.13651
2.14438
2.1429
2.13269
2.11113
2.07488
2.02313
1.95941
1.89091
1.82668
1.77617
1.74801
1.74717
1.77181
1.8133
1.8596
1.90026
1.93004
1.94915
1.96007
1.96365
1.95875
1.94438
1.92055
1.88875
1.85452
1.82829
1.82023
1.83138
1.85156
1.86762
1.87295
1.86921
1.86107
1.85168
1.84348
1.83973
1.8424
1.84992
1.85815
1.8636
1.86531
1.86499
1.86601
1.87192
1.88443
1.90276
1.92499
1.94983
1.97648
2.00319
2.0268
2.04354
2.05093
2.04979
2.04432
2.03968
2.03854
2.03981
2.04087
2.04055
2.04021
2.04233
2.04833
2.05732
2.06628
2.07106
2.06809
2.05634
2.03866
2.02117
2.01
2.00699
2.00832
2.00757
1.99991
1.9845
1.96558
1.95211
1.95117
1.95889
1.96377
1.95811
1.94278
1.92447
1.91037
1.90337
1.90116
1.89956
1.89652
1.89362
1.89416
1.89982
1.90885
1.91701
1.92012
1.91643
1.90814
1.90099
1.9014
1.91224
1.93065
1.95035
1.9661
1.97637
1.98201
1.98329
1.97986
1.97249
1.96254
1.95108
1.94003
1.93257
1.93113
1.9355
1.9432
1.95141
1.95905
1.96788
1.98135
2.00126
2.02495
2.0464
2.06056
2.06638
2.06567
2.05982
2.048
2.02901
2.00391
1.97665
1.9525
1.9361
1.9302
1.93545
1.95055
1.97217
1.99546
2.01599
2.03112
2.03943
2.03979
2.03155
2.01491
1.99052
1.959
1.9217
1.88167
1.84401
1.81492
1.79926
1.7977
1.80682
1.82154
1.83665
1.84702
1.84864
1.84084
1.82801
1.819
1.8224
1.8414
1.87335
1.91237
