-3.51475
-3.51475
-3.51475
-3.51369
-3.51037
-3.50524
-3.50176
-3.4986
-3.49633
-3.49573
-3.49543
-3.49421
-3.49481
-3.49586
-3.49691
-3.49736
-3.49827
-3.49948
-3.50054
-3.5007
-3.50251
-3.50191
-3.50177
-3.50222
-3.50237
-3.50252
-3.50237
-3.50146
-3.50176
-3.50207
-3.50101
-3.50056
-3.50056
-3.50026
-3.50041
-3.50056
-3.50056
-3.50101
-3.50086
-3.50116
-3.50207
-3.50116
-3.50131
-3.50222
-3.50282
-3.50282
-3.50252
-3.50192
-3.50131
-3.50086
-3.50071
-3.50026
-3.49981
-3.49996
-3.50056
-3.49966
-3.49996
-3.49935
-3.4995
-3.49935
-3.49965
-3.49995
-3.5001
-3.49965
-3.49905
-3.4986
-3.49769
-3.49678
-3.49739
-3.49769
-3.49739
-3.49663
-3.49557
-3.49466
-3.49482
-3.49558
-3.49588
-3.49527
-3.49558
-3.49663
-3.49648
-3.49437
-3.49542
-3.49497
-3.49467
-3.49512
-3.49527
-3.49512
-3.49648
-3.49618
-3.49633
-3.49587
-3.49542
-3.49557
-3.49603
-3.49527
-3.49527
-3.49452
-3.49512
-3.49497
-3.49482
-3.49452
-3.49406
-3.49452
-3.49467
-3.49482
-3.49482
-3.49436
-3.49451
-3.49527
-3.49557
-3.49557
-3.49648
-3.49679
-3.49588
-3.49588
-3.49618
-3.49724
-3.49694
-3.49678
-3.49739
-3.49633
-3.49723
-3.49754
-3.49799
-3.49859
-3.49889
-3.49889
-3.49814
-3.49708
-3.49768
-3.49799
-3.49723
-3.49708
-3.49753
-3.49889
-3.49784
-3.49784
-3.49784
-3.49874
-3.49935
-3.4998
-3.5001
-3.49965
-3.4992
-3.4986
-3.49829
-3.49799
-3.49874
-3.49814
-3.49829
-3.49708
-3.49769
-3.49874
-3.49875
-3.50026
-3.50041
-3.50041
-3.49965
-3.4995
-3.5004
-3.49979
-3.4998
-3.50056
-3.50056
-3.50011
-3.4998
-3.49965
-3.49935
-3.49904
-3.49889
-3.49829
-3.49754
-3.49814
-3.49814
-3.49874
-3.49874
-3.4998
-3.4992
-3.49951
-3.498
-3.49784
-3.49859
-3.49874
-3.49798
-3.49798
-3.49783
-3.49859
-3.49875
-3.50041
-3.50041
-3.50041
-3.50071
-3.50026
-3.49935
-3.4998
-3.50041
-3.50071
-3.50025
-3.50025
-3.49995
-3.4995
-3.49995
-3.50146
-3.50161
-3.50191
-3.50221
-3.50161
-3.50131
-3.50101
-3.50176
-3.50146
-3.50101
-3.50041
-3.4992
-3.49935
-3.49935
-3.4989
-3.4998
-3.49965
-3.5001
-3.4992
-3.49874
-3.5001
-3.49919
-3.49889
-3.49829
-3.49814
-3.49798
-3.49753
-3.49798
-3.49662
-3.49677
-3.49693
-3.49647
-3.49617
-3.49663
-3.49618
-3.49618
-3.49618
-3.49618
-3.49678
-3.49632
-3.49587
-3.49526
-3.49662
-3.49738
-3.49753
-3.49904
-3.49874
-3.5004
-3.4998
-3.49814
-3.49859
-3.49905
-3.49829
-3.49693
-3.49738
-3.49798
-3.49798
-3.49874
-3.49919
-3.49935
-3.49919
-3.49874
-3.49859
-3.49889
-3.49874
-3.49904
-3.49874
-3.49844
-3.49769
-3.49663
-3.49618
-3.49588
-3.49542
-3.49603
-3.49572
-3.49632
-3.49572
-3.49496
-3.49466
-3.49466
-3.49391
-3.49436
-3.49421
-3.49543
-3.49482
-3.49316
-3.49286
-3.49376
-3.49587
-3.49632
-3.49753
-3.49738
-3.49783
-3.49935
-3.49889
-3.49905
-3.4992
-3.4989
-3.49905
-3.4986
-3.4986
-3.4989
-3.4992
-3.4992
-3.49995
-3.50011
-3.50101
-3.50116
-3.50161
-3.50161
-3.50222
-3.50161
-3.50177
-3.50132
-3.50087
-3.50117
-3.50087
-3.50116
-3.50146
-3.50206
-3.50191
-3.50161
-3.50055
-3.4998
-3.49935
-3.49935
-3.50011
-3.50131
-3.50086
-3.50101
-3.50101
-3.49995
-3.49919
-3.49889
-3.49919
-3.49919
-3.50025
-3.49949
-3.49949
-3.49904
-3.49935
-3.49814
-3.49905
-3.49814
-3.49829
-3.49799
-3.49738
-3.49662
-3.49587
-3.49557
-3.49587
-3.49633
-3.49542
-3.49572
-3.49648
-3.49632
-3.49617
-3.49632
-3.49662
-3.49738
-3.49768
-3.49708
-3.49844
-3.49799
-3.49859
-3.49859
-3.49829
-3.49784
-3.49768
-3.49738
-3.49768
-3.49738
-3.49738
-3.49693
-3.49633
-3.49632
-3.49648
-3.49587
-3.49602
-3.49587
-3.49768
-3.49844
-3.49874
-3.49768
-3.49678
-3.49708
-3.49617
-3.49496
-3.49617
-3.49723
-3.49677
-3.49723
-3.49814
-3.49814
-3.49829
-3.49904
-3.49768
-3.49783
-3.49828
-3.49768
-3.49844
-3.49859
-3.49904
-3.49904
-3.5004
-3.5013
-3.5007
-3.50055
-3.5007
-3.5004
-3.49979
-3.49874
-3.49828
-3.49874
-3.49874
-3.49889
-3.49889
-3.49799
-3.49844
-3.49783
-3.49813
-3.49738
-3.49783
-3.49858
-3.49889
-3.49858
-3.49783
-3.49783
-3.49874
-3.49844
-3.49874
-3.49798
-3.49753
-3.49768
-3.49753
-3.49813
-3.49874
-3.49844
-3.49753
-3.49754
-3.49723
-3.49663
-3.49663
-3.49602
-3.49662
-3.49616
-3.49662
-3.49723
-3.49753
-3.49723
-3.49723
-3.49693
-3.49647
-3.49663
-3.49753
-3.49784
-3.49844
-3.49754
-3.49663
-3.49633
-3.49588
-3.49573
-3.49588
-3.49527
-3.49557
-3.49618
-3.49587
-3.49572
-3.49557
-3.49617
-3.49587
-3.49633
-3.49723
-3.49753
-3.49723
-3.49889
-3.49829
-3.49845
-3.49845
-3.49815
-3.49966
-3.49935
-3.5001
-3.49965
-3.49995
-3.49965
-3.4998
-3.50026
-3.50102
-3.50102
-3.50056
-3.50101
-3.50222
-3.50327
-3.50357
-3.50267
-3.50282
-3.50236
-3.50267
-3.50237
-3.50313
-3.50328
-3.50313
-3.50313
-3.50283
-3.50207
-3.50117
-3.50132
-3.50041
-3.4998
-3.49949
-3.49904
-3.49995
-3.50025
-3.49874
-3.49905
-3.49784
-3.49814
-3.4983
-3.49829
-3.49799
-3.49814
-3.49799
-3.49814
-3.49875
-3.49829
-3.49693
-3.49618
-3.49618
-3.49693
-3.49814
-3.49814
-3.49798
-3.49874
-3.49874
-3.49904
-3.49874
-3.49859
-3.49949
-3.49919
-3.49934
-3.49859
-3.49768
-3.49753
-3.49753
-3.49844
-3.49693
-3.49618
-3.49587
-3.49587
-3.49603
-3.49602
-3.49678
-3.49527
-3.49557
-3.49557
-3.49496
-3.49481
-3.49436
-3.49345
-3.49375
-3.49405
-3.49496
-3.49557
-3.4939
-3.49481
-3.49527
-3.49602
-3.49588
-3.49663
-3.49708
-3.49738
-3.49753
-3.49723
-3.49662
-3.49632
-3.49708
-3.49723
-3.49678
-3.49738
-3.49753
-3.49784
-3.49799
-3.49829
-3.49874
-3.49829
-3.49874
-3.49843
-3.49752
-3.49798
-3.49859
-3.49844
-3.49768
-3.49678
-3.49693
-3.49602
-3.49481
-3.49405
-3.4942
-3.49421
-3.49451
-3.49511
-3.49466
-3.49375
-3.49405
-3.49451
-3.4942
-3.4939
-3.49345
-3.49511
-3.49481
-3.49496
-3.49511
-3.49496
-3.4948
-3.4945
-3.4942
-3.49435
-3.49556
-3.49511
-3.49436
-3.49482
-3.49527
-3.49406
-3.49421
-3.49376
-3.49345
-3.49345
-3.49405
-3.49375
-3.4936
-3.49451
-3.49466
-3.49496
-3.49557
-3.49541
-3.49511
-3.49511
-3.49587
-3.49617
-3.49708
-3.49799
-3.49784
-3.49739
-3.49754
-3.49754
-3.49799
-3.49738
-3.49753
-3.49752
-3.49813
-3.49858
-3.49843
-3.49844
-3.49768
-3.49799
-3.49678
-3.49618
-3.49588
-3.49648
-3.49708
-3.49663
-3.49587
-3.49587
-3.49707
-3.49722
-3.49768
-3.49783
-3.49738
-3.49874
-3.4995
-3.4998
-3.50025
-3.5004
-3.50025
-3.4992
-3.4992
-3.5001
-3.49965
-3.4995
-3.49844
-3.49919
-3.49873
-3.49888
-3.49919
-3.49874
-3.4998
-3.5004
-3.5004
-3.50101
-3.50056
-3.50071
-3.50116
-3.50131
-3.50085
-3.50085
-3.5007
-3.50115
-3.49979
-3.49919
-3.49994
-3.49919
-3.49874
-3.49768
-3.49799
-3.49769
-3.49814
-3.49844
-3.49784
-3.49799
-3.49738
-3.49768
-3.49768
-3.49829
-3.49768
-3.49783
-3.49768
-3.49829
-3.49753
-3.49784
-3.49829
-3.49965
-3.5001
-3.5001
-3.49904
-3.50025
-3.4989
-3.4995
-3.4995
-3.49844
-3.49919
-3.49919
-3.49859
-3.4995
-3.4998
-3.50011
-3.49981
-3.49981
-3.49981
-3.4995
-3.49935
-3.49904
-3.49843
-3.49904
-3.50025
-3.50055
-3.49995
-3.49905
-3.50011
-3.49965
-3.49905
-3.4992
-3.49874
-3.49799
-3.49738
-3.49829
-3.49829
-3.49844
-3.49784
-3.49724
-3.49739
-3.49799
-3.49829
-3.49798
-3.49753
-3.49858
-3.49753
-3.49768
-3.49783
-3.49708
-3.49617
-3.49633
-3.49617
-3.49602
-3.49602
-3.49541
-3.49466
-3.49406
-3.493
-3.49376
-3.49452
-3.49542
-3.49678
-3.49724
-3.49663
-3.49739
-3.49784
-3.49693
-3.49678
-3.49618
-3.49693
-3.49678
-3.49814
-3.49814
-3.49829
-3.49829
-3.49769
-3.49965
-3.49935
-3.49919
-3.49874
-3.49859
-3.49859
-3.49739
-3.49739
-3.49708
-3.49693
-3.49678
-3.49829
-3.49949
-3.50025
-3.49995
-3.5001
-3.50101
-3.50101
-3.50071
-3.50086
-3.49995
-3.49965
-3.49874
-3.49814
-3.49874
-3.49919
-3.49919
-3.49995
-3.5001
-3.5004
-3.5001
-3.50025
-3.5001
-3.50025
-3.50116
-3.50086
-3.50101
-3.501
-3.50131
-3.5007
-3.50025
-3.5001
-3.49995
-3.5004
-3.50025
-3.4995
-3.49844
-3.49768
-3.49738
-3.49783
-3.49783
-3.49859
-3.49935
-3.49874
-3.49828
-3.49798
-3.49919
-3.49949
-3.5001
-3.49935
-3.49965
-3.49874
-3.49889
-3.49934
-3.49995
-3.4995
-3.5001
-3.50101
-3.50055
-3.50086
-3.50131
-3.50116
-3.50146
-3.50191
-3.50281
-3.50327
-3.50281
-3.50252
-3.50176
-3.50177
-3.50056
-3.4998
-3.4998
-3.49934
-3.49934
-3.49979
-3.5001
-3.5001
-3.49964
-3.50009
-3.5007
-3.50145
-3.50085
-3.4998
-3.49935
-3.49905
-3.4998
-3.50041
-3.49965
-3.50071
-3.50146
-3.49995
-3.5001
-3.50025
-3.5004
-3.49965
-3.4998
-3.49934
-3.5007
-3.50085
-3.5004
-3.4998
-3.5007
-3.49995
-3.50101
-3.50055
-3.50146
-3.5007
-3.50071
-3.50055
-3.50055
-3.50055
-3.5007
-3.50086
-3.4998
-3.50026
-3.49935
-3.4992
-3.49889
-3.49919
-3.4998
-3.5004
-3.49934
-3.49889
-3.4998
-3.50026
-3.50056
-3.50056
-3.50101
-3.50237
-3.50312
-3.50312
-3.50297
-3.50357
-3.50418
-3.50418
-3.50357
-3.50509
-3.50615
-3.50494
-3.50464
-3.50509
-3.50494
-3.50373
-3.50343
-3.50312
-3.50221
-3.50282
-3.50327
-3.50266
-3.50296
-3.50372
-3.50357
-3.50297
-3.50372
-3.50372
-3.50523
-3.50553
-3.50599
-3.50539
-3.50569
-3.50463
-3.50508
-3.50493
-3.50569
-3.50554
-3.50614
-3.50554
-3.50569
-3.50508
-3.50478
-3.50479
-3.50509
-3.50463
-3.50418
-3.50312
-3.50357
-3.50402
-3.50357
-3.50297
-3.50297
-3.50222
-3.50237
-3.50191
-3.50312
-3.50312
-3.50342
-3.50267
-3.50282
-3.50252
-3.50199
-3.50033
-3.50063
-3.50184
-3.50078
-3.50108
-3.50093
-3.50078
-3.50108
-3.50048
-3.50093
-3.50108
-3.50033
-3.50093
-3.49942
-3.49972
-3.49957
-3.50063
-3.50123
-3.50214
-3.50168
-3.50199
-3.50184
-3.50244
-3.50289
-3.50244
-3.50304
-3.50304
-3.50319
-3.50274
-3.50199
-3.50124
-3.50093
-3.49987
-3.50002
-3.50032
-3.50017
-3.50002
-3.49941
-3.49881
-3.49805
-3.4976
-3.49821
-3.49775
-3.4976
-3.49775
-3.4967
-3.49655
-3.49609
-3.49715
-3.49624
-3.49655
-3.49594
-3.49685
-3.49715
-3.49881
-3.49821
-3.49941
-3.49851
-3.49851
-3.49836
-3.4982
-3.49866
-3.49836
-3.49821
-3.49866
-3.49942
-3.49987
-3.49972
-3.50032
-3.50047
-3.50092
-3.50077
-3.50093
-3.50108
-3.50078
-3.50078
-3.50002
-3.49987
-3.49896
-3.49972
-3.49972
-3.49926
-3.49896
-3.49911
-3.50047
-3.50092
-3.50062
-3.49896
-3.49821
-3.4964
-3.49655
-3.497
-3.49821
-3.4979
-3.49835
-3.4976
-3.49866
-3.49866
-3.49881
-3.49956
-3.50017
-3.50002
-3.49911
-3.49941
-3.49881
-3.49866
-3.49851
-3.49881
-3.49866
-3.49896
-3.49972
-3.49911
-3.49835
-3.49835
-3.49956
-3.50017
-3.49987
-3.50047
-3.50062
-3.50092
-3.50168
-3.50138
-3.50092
-3.50152
-3.50228
-3.50153
-3.50047
-3.50122
-3.50077
-3.50092
-3.50153
-3.50168
-3.50108
-3.50108
-3.50062
-3.50032
-3.50092
-3.50002
-3.50077
-3.50062
-3.50153
-3.50122
-3.50198
-3.50243
-3.50228
-3.50274
-3.50183
-3.50168
-3.50153
-3.50093
-3.50002
-3.49972
-3.50077
-3.50092
-3.50092
-3.50107
-3.50198
-3.50228
-3.50319
-3.50289
-3.50198
-3.50108
-3.50168
-3.50123
-3.50063
-3.50063
-3.49957
-3.50032
-3.50229
-3.50229
-3.50289
-3.50244
-3.50183
-3.50243
-3.50122
-3.50107
-3.50107
-3.50032
-3.50108
-3.50002
-3.50108
-3.50108
-3.50078
-3.50123
-3.50093
-3.50093
-3.50183
-3.50093
-3.49941
-3.49926
-3.49881
-3.49911
-3.49851
-3.49927
-3.49882
-3.49821
-3.49745
-3.4967
-3.49609
-3.49609
-3.49654
-3.49624
-3.49715
-3.49866
-3.49941
-3.49972
-3.49972
-3.49926
-3.49851
-3.49896
-3.50017
-3.49926
-3.50047
-3.50048
-3.50063
-3.50168
-3.50153
-3.50183
-3.50093
-3.50062
-3.50047
-3.49972
-3.49866
-3.4976
-3.49865
-3.49925
-3.4985
-3.49911
-3.50017
-3.49957
-3.50018
-3.49988
-3.50033
-3.49957
-3.49851
-3.4982
-3.49836
-3.49821
-3.49866
-3.49881
-3.49881
-3.49881
-3.49911
-3.49987
-3.49942
-3.50093
-3.50153
-3.50002
-3.49942
-3.49972
-3.49926
-3.4982
-3.49714
-3.49714
-3.49714
-3.4973
-3.49715
-3.49684
-3.49654
-3.49715
-3.4973
-3.49715
-3.4979
-3.49805
-3.49805
-3.4982
-3.49699
-3.49639
-3.49624
-3.49639
-3.49685
-3.497
-3.49655
-3.4964
-3.49685
-3.4967
-3.4967
-3.49579
-3.49594
-3.49609
-3.49639
-3.49729
-3.49805
-3.4976
-3.49744
-3.49745
-3.49714
-3.4973
-3.4973
-3.49639
-3.49654
-3.497
-3.49745
-3.49851
-3.49836
-3.49881
-3.49866
-3.4982
-3.49835
-3.4976
-3.49639
-3.49669
-3.49699
-3.49548
-3.49624
-3.49579
-3.49639
-3.49684
-3.49715
-3.49669
-3.49624
-3.49564
-3.49594
-3.49745
-3.49775
-3.49745
-3.49745
-3.49851
-3.49956
-3.50047
-3.50062
-3.49986
-3.50047
-3.50032
-3.50017
-3.49941
-3.49866
-3.49866
-3.49971
-3.49957
-3.49987
-3.49957
-3.50063
-3.50077
-3.50077
-3.50138
-3.50092
-3.50107
-3.50168
-3.50168
-3.50168
-3.50153
-3.50184
-3.50244
-3.50228
-3.50168
-3.50137
-3.50168
-3.50047
-3.50032
-3.50062
-3.50002
-3.49972
-3.50032
-3.50062
-3.50017
-3.50001
-3.50062
-3.49986
-3.49971
-3.50017
-3.50032
-3.50108
-3.50274
-3.50244
-3.50305
-3.50153
-3.50063
-3.50107
-3.50077
-3.50167
-3.50228
-3.50213
-3.50078
-3.49972
-3.49942
-3.49881
-3.4976
-3.4976
-3.4973
-3.49775
-3.49775
-3.49775
-3.4967
-3.497
-3.497
-3.49655
-3.49731
-3.49685
-3.49595
-3.497
-3.49805
-3.49956
-3.50017
-3.49957
-3.49942
-3.49866
-3.49806
-3.49836
-3.49791
-3.49745
-3.4976
-3.4973
-3.49775
-3.49776
-3.49776
-3.49776
-3.49746
-3.49761
-3.4964
-3.4964
-3.49654
-3.49594
-3.49684
-3.49699
-3.4979
-3.49775
-3.49791
-3.4973
-3.497
-3.4967
-3.49504
-3.49398
-3.49413
-3.49262
-3.49201
-3.49262
-3.49262
-3.49186
-3.49066
-3.49126
-3.49217
-3.49307
-3.49247
-3.49216
-3.49291
-3.49306
-3.49367
-3.49352
-3.49382
-3.49367
-3.49427
-3.49397
-3.49427
-3.49413
-3.49473
-3.49443
-3.49458
-3.49458
-3.49443
-3.49503
-3.49533
-3.49623
-3.49578
-3.49684
-3.49699
-3.49699
-3.49774
-3.49805
-3.49729
-3.4973
-3.49699
-3.49729
-3.4985
-3.4988
-3.4982
-3.49714
-3.49744
-3.4979
-3.49851
-3.49881
-3.49866
-3.49836
-3.49881
-3.49896
-3.49896
-3.49941
-3.49986
-3.49985
-3.49894
-3.49804
-3.49835
-3.4982
-3.49715
-3.4976
-3.49744
-3.4982
-3.4988
-3.49895
-3.4988
-3.49835
-3.4985
-3.49941
-3.49926
-3.49926
-3.49835
-3.49865
-3.50001
-3.50061
-3.49941
-3.49805
-3.4982
-3.49744
-3.4976
-3.49684
-3.49745
-3.4976
-3.49715
-3.49715
-3.4979
-3.49911
-3.49926
-3.49895
-3.49774
-3.49774
-3.49729
-3.49714
-3.49623
-3.49563
-3.49487
-3.49593
-3.49548
-3.49412
-3.49457
-3.49503
-3.49457
-3.49488
-3.49442
-3.49473
-3.49412
-3.49337
-3.49276
-3.49276
-3.49291
-3.49276
-3.49336
-3.49442
-3.49442
-3.49517
-3.49608
-3.49638
-3.49684
-3.49654
-3.49639
-3.49593
-3.49593
-3.49609
-3.49593
-3.49563
-3.49578
-3.49593
-3.49563
-3.49608
-3.49668
-3.49714
-3.49699
-3.4979
-3.49835
-3.49805
-3.49881
-3.49835
-3.4979
-3.49836
-3.49911
-3.50031
-3.4997
-3.50091
-3.50077
-3.50123
-3.50229
-3.50335
-3.50138
-3.50123
-3.50153
-3.50122
-3.50152
-3.49955
-3.49895
-3.49834
-3.49925
-3.4994
-3.49925
-3.49865
-3.49835
-3.49835
-3.49911
-3.49926
-3.49971
-3.50001
-3.49926
-3.4991
-3.4991
-3.49879
-3.49864
-3.4988
-3.49774
-3.4982
-3.4982
-3.49745
-3.49699
-3.49699
-3.49684
-3.49684
-3.49714
-3.49638
-3.49593
-3.49623
-3.49653
-3.49638
-3.49608
-3.49623
-3.49548
-3.49593
-3.49563
-3.49623
-3.49638
-3.49698
-3.49668
-3.49532
-3.49457
-3.49487
-3.49427
-3.49397
-3.49442
-3.49381
-3.49427
-3.49412
-3.49427
-3.49517
-3.49532
-3.49517
-3.49608
-3.49653
-3.49774
-3.4985
-3.49819
-3.4991
-3.4988
-3.49971
-3.50076
-3.50061
-3.50046
-3.50061
-3.50076
-3.50046
-3.50152
-3.50061
-3.50076
-3.50001
-3.50031
-3.50031
-3.50046
-3.49925
-3.49895
-3.49864
-3.49864
-3.49788
-3.49774
-3.49834
-3.49789
-3.49789
-3.49804
-3.4985
-3.49759
-3.49804
-3.49865
-3.49865
-3.50001
-3.4988
-3.49865
-3.49835
-3.49774
-3.49774
-3.49684
-3.49835
-3.4988
-3.49895
-3.49744
-3.49653
-3.49683
-3.49593
-3.49608
-3.49638
-3.49699
-3.49699
-3.49669
-3.49684
-3.49684
-3.49669
-3.49639
-3.49669
-3.4976
-3.49759
-3.4988
-3.4994
-3.50016
-3.50016
-3.49971
-3.50016
-3.49925
-3.49986
-3.50031
-3.50001
-3.50016
-3.50061
-3.50061
-3.50076
-3.50076
-3.50107
-3.50092
-3.50031
-3.50092
-3.50107
-3.50198
-3.50137
-3.50183
-3.50122
-3.50122
-3.50122
-3.50107
-3.50167
-3.50182
-3.50379
-3.50454
-3.50379
-3.50454
-3.50454
-3.50469
-3.50439
-3.50485
-3.505
-3.5062
-3.50484
-3.50439
-3.50348
-3.50318
-3.50334
-3.50394
-3.50319
-3.50228
-3.50152
-3.50152
-3.50198
-3.50228
-3.50213
-3.50107
-3.50092
-3.50092
-3.50092
-3.50137
-3.50107
-3.50047
-3.50122
-3.50213
-3.50288
-3.50288
-3.50258
-3.50168
-3.50213
-3.50259
-3.50228
-3.50259
-3.50304
-3.50379
-3.50409
-3.50379
-3.50182
-3.50182
-3.50213
-3.50228
-3.50259
-3.50153
-3.50198
-3.50229
-3.50198
-3.50153
-3.50153
-3.50077
-3.50062
-3.50122
-3.50047
-3.50032
-3.50092
-3.50047
-3.50031
-3.50016
-3.49971
-3.49971
-3.49881
-3.49926
-3.49986
-3.50001
-3.49941
-3.49971
-3.50031
-3.50062
-3.50047
-3.50137
-3.50183
-3.50122
-3.50062
-3.50183
-3.50198
-3.50168
-3.50062
-3.50198
-3.50243
-3.50228
-3.50152
-3.50137
-3.50228
-3.50243
-3.50243
-3.50213
-3.50198
-3.50198
-3.50183
-3.50303
-3.50258
-3.50273
-3.50288
-3.50167
-3.50258
-3.50182
-3.50243
-3.50198
-3.50182
-3.50182
-3.50167
-3.50122
-3.50046
-3.50046
-3.50077
-3.50107
-3.50092
-3.50138
-3.50153
-3.50183
-3.50168
-3.50152
-3.50092
-3.50107
-3.50122
-3.50091
-3.49956
-3.49971
-3.49926
-3.50001
-3.49911
-3.4988
-3.49865
-3.4988
-3.4985
-3.49941
-3.49896
-3.49805
-3.49774
-3.49669
-3.49744
-3.49729
-3.49714
-3.49714
-3.49759
-3.49804
-3.49819
-3.49804
-3.49789
-3.49759
-3.49714
-3.49608
-3.49578
-3.49563
-3.49654
-3.49684
-3.49714
-3.49789
-3.49728
-3.49789
-3.49819
-3.49834
-3.49894
-3.49804
-3.49789
-3.49804
-3.49714
-3.49714
-3.49759
-3.49789
-3.4982
-3.49865
-3.4991
-3.49956
-3.50001
-3.50016
-3.50122
-3.50137
-3.50107
-3.50136
-3.50181
-3.50181
-3.50181
-3.50136
-3.50212
-3.50334
-3.50334
-3.50289
-3.50258
-3.50243
-3.50243
-3.50182
-3.50107
-3.50031
-3.50016
-3.50001
-3.4997
-3.49925
-3.49986
-3.4994
-3.4991
-3.49834
-3.49819
-3.49804
-3.49835
-3.49759
-3.49865
-3.49789
-3.49835
-3.4991
-3.4991
-3.49895
-3.49804
-3.49744
-3.49623
-3.49562
-3.49608
-3.49608
-3.49699
-3.49729
-3.49774
-3.49744
-3.49759
-3.49759
-3.49805
-3.49669
-3.49759
-3.49805
-3.49714
-3.49699
-3.49714
-3.49683
-3.49698
-3.49668
-3.49698
-3.49623
-3.49653
-3.49608
-3.49563
-3.49624
-3.49624
-3.49715
-3.4985
-3.4979
-3.49744
-3.49789
-3.49834
-3.49849
-3.4991
-3.4994
-3.4994
-3.49925
-3.49926
-3.4988
-3.49835
-3.4982
-3.49865
-3.49895
-3.4985
-3.4988
-3.4982
-3.49804
-3.4985
-3.49789
-3.49774
-3.4982
-3.49774
-3.4985
-3.49865
-3.49941
-3.49865
-3.4979
-3.49775
-3.4985
-3.49805
-3.49774
-3.49804
-3.49804
-3.49713
-3.49698
-3.49698
-1.40674
-1.40658
-1.40688
-1.40749
-1.40824
-1.40764
-1.40779
-1.40734
-1.40704
-1.4078
-1.40749
-1.40825
-1.40809
-1.40809
-1.40732
-1.40733
-1.40659
-1.4069
-1.40751
-1.40811
-1.40855
-1.4087
-1.4093
-1.40838
-1.40853
-1.40838
-1.40777
-1.40808
-1.40718
-1.40794
-1.40704
-1.40719
-1.40734
-1.40613
-1.40598
-1.40477
-1.40568
-1.40492
-1.40583
-1.40628
-1.40673
-1.40672
-1.40581
-1.40565
-1.40536
-1.40551
-1.40552
-1.40492
-1.40477
-1.40493
-1.40492
-1.40598
-1.40597
-1.40613
-1.40553
-1.40508
-1.40402
-1.40386
-1.404
-1.40505
-1.4052
-1.40536
-1.40658
-1.40734
-1.40719
-1.40795
-1.40779
-1.40945
-1.41066
-1.41187
-1.41157
-1.41096
-1.41095
-1.4117
-1.41019
-1.40975
-1.41006
-1.40871
-1.40918
-1.40978
-1.40826
-1.40915
-1.40853
-1.40974
-1.4099
-1.41006
-1.41143
-1.41218
-1.41309
-1.41309
-1.41218
-1.41218
-1.41082
-1.41052
-1.41141
-1.41185
-1.41231
-1.41277
-1.41233
-1.41279
-1.41444
-1.41428
-1.41489
-1.41519
-1.41534
-1.41474
-1.4146
-1.41339
-1.41339
-1.41264
-1.41218
-1.41218
-1.41292
-1.41292
-1.41156
-1.41186
-1.40913
-1.41005
-1.41007
-1.40963
-1.40886
-1.4078
-1.40658
-1.40688
-1.40733
-1.40718
-1.40687
-1.40551
-1.40551
-1.40643
-1.40644
-1.4072
-1.40659
-1.40719
-1.40704
-1.40764
-1.4087
-1.4081
-1.40855
-1.40916
-1.40855
-1.40869
-1.40823
-1.40823
-1.40763
-1.40794
-1.40841
-1.40871
-1.41007
-1.40961
-1.4096
-1.4099
-1.4102
-1.40899
-1.40824
-1.40689
-1.40538
-1.40537
-1.40537
-1.40597
-1.40506
-1.40506
-1.40446
-1.4034
-1.40371
-1.40386
-1.40417
-1.40478
-1.40584
-1.40538
-1.40689
-1.40644
-1.40658
-1.40748
-1.40672
-1.40672
-1.40597
-1.40416
-1.40401
-1.4031
-1.404
-1.40446
-1.40477
-1.40401
-1.40462
-1.40508
-1.40584
-1.40494
-1.40494
-1.40357
-1.40552
-1.40612
-1.40628
-1.40614
-1.40599
-1.40615
-1.40706
-1.40676
-1.40766
-1.40765
-1.40703
-1.40671
-1.40792
-1.40643
-1.40661
-1.40646
-1.40646
-1.4063
-1.40614
-1.40553
-1.40492
-1.40507
-1.40493
-1.40524
-1.40479
-1.40493
-1.40493
-1.40477
-1.40553
-1.40553
-1.40765
-1.40885
-1.40931
-1.40961
-1.40916
-1.40825
-1.40735
-1.4084
-1.4078
-1.40704
-1.40688
-1.40643
-1.40734
-1.40673
-1.40644
-1.40538
-1.40478
-1.40418
-1.40449
-1.40449
-1.40434
-1.40388
-1.40523
-1.40598
-1.40583
-1.40584
-1.40584
-1.40645
-1.40645
-1.40826
-1.40675
-1.40735
-1.40704
-1.40614
-1.4066
-1.40614
-1.40645
-1.40569
-1.40645
-1.40615
-1.40585
-1.40646
-1.40584
-1.40598
-1.40416
-1.40491
-1.40567
-1.40689
-1.40675
-1.40676
-1.40631
-1.4063
-1.4072
-1.40705
-1.40645
-1.40524
-1.40539
-1.40523
-1.40568
-1.40477
-1.40462
-1.40508
-1.40599
-1.40509
-1.40495
-1.40449
-1.4051
-1.40479
-1.40418
-1.40509
-1.40479
-1.40631
-1.40646
-1.4057
-1.406
-1.40478
-1.40538
-1.40493
-1.40508
-1.40554
-1.4057
-1.40646
-1.40646
-1.40585
-1.40554
-1.40539
-1.40479
-1.40509
-1.40509
-1.40448
-1.40539
-1.40646
-1.40706
-1.40631
-1.40646
-1.40751
-1.40705
-1.40675
-1.40765
-1.40765
-1.40629
-1.40539
-1.40585
-1.40646
-1.40676
-1.40782
-1.40706
-1.40661
-1.40585
-1.40586
-1.40586
-1.40616
-1.4063
-1.40736
-1.40736
-1.40705
-1.4069
-1.4066
-1.40569
-1.40721
-1.40675
-1.40766
-1.40766
-1.40706
-1.40631
-1.40571
-1.40465
-1.40283
-1.40282
-1.40267
-1.40312
-1.40373
-1.40495
-1.40571
-1.40662
-1.40722
-1.40782
-1.40676
-1.40569
-1.40554
-1.40584
-1.40478
-1.40554
-1.40676
-1.40722
-1.40738
-1.40873
-1.40842
-1.40841
-1.40826
-1.40782
-1.40813
-1.40783
-1.40843
-1.40873
-1.40826
-1.40842
-1.40752
-1.40752
-1.40722
-1.40676
-1.40601
-1.40571
-1.40677
-1.40632
-1.40662
-1.40707
-1.40721
-1.4057
-1.4054
-1.40646
-1.40631
-1.40571
-1.40571
-1.40572
-1.40572
-1.40496
-1.40525
-1.40539
-1.40584
-1.40645
-1.40601
-1.40571
-1.40662
-1.40782
-1.40797
-1.40781
-1.40721
-1.40857
-1.40873
-1.41009
-1.4113
-1.411
-1.41176
-1.41161
-1.41055
-1.40979
-1.40949
-1.40933
-1.41024
-1.41024
-1.41039
-1.4101
-1.41056
-1.4101
-1.41025
-1.41085
-1.41069
-1.4116
-1.41221
-1.41146
-1.41116
-1.41161
-1.41025
-1.40964
-1.40979
-1.40963
-1.40963
-1.40948
-1.40903
-1.40843
-1.40812
-1.40797
-1.40797
-1.40888
-1.40934
-1.40874
-1.40889
-1.40874
-1.40919
-1.41055
-1.41099
-1.41039
-1.41069
-1.41069
-1.41206
-1.41085
-1.41085
-1.41085
-1.41174
-1.41068
-1.40962
-1.40993
-1.40948
-1.40948
-1.41054
-1.41009
-1.41024
-1.4104
-1.41086
-1.41131
-1.41086
-1.4092
-1.41009
-1.41054
-1.40978
-1.40918
-1.41009
-1.40903
-1.40888
-1.40858
-1.40783
-1.40647
-1.40601
-1.40632
-1.40617
-1.40632
-1.40692
-1.40767
-1.40948
-1.41008
-1.41053
-1.41023
-1.41008
-1.41084
-1.41145
-1.41146
-1.41102
-1.41087
-1.41132
-1.41268
-1.41237
-1.41252
-1.41221
-1.4128
-1.41204
-1.41249
-1.4119
-1.41115
-1.40919
-1.40874
-1.40752
-1.40903
-1.40857
-1.40797
-1.40918
-1.41115
-1.41039
-1.4113
-1.41115
-1.41129
-1.41129
-1.41189
-1.41175
-1.4116
-1.41146
-1.4104
-1.40965
-1.40905
-1.40965
-1.4098
-1.40933
-1.41022
-1.41053
-1.41039
-1.41145
-1.41131
-1.41055
-1.4104
-1.4104
-1.41147
-1.41147
-1.41086
-1.41191
-1.4116
-1.41054
-1.41085
-1.411
-1.4101
-1.40995
-1.4095
-1.41009
-1.40828
-1.40903
-1.40844
-1.40784
-1.40724
-1.40723
-1.40737
-1.40737
-1.40737
-1.40767
-1.40692
-1.40723
-1.40784
-1.40859
-1.40753
-1.40557
-1.40617
-1.40678
-1.40753
-1.40798
-1.40873
-1.40798
-1.40858
-1.40904
-1.41009
-1.4104
-1.41055
-1.41056
-1.41071
-1.41041
-1.4101
-1.411
-1.40994
-1.41023
-1.40962
-1.41053
-1.41039
-1.40949
-1.40995
-1.40935
-1.4089
-1.40829
-1.40769
-1.40874
-1.40723
-1.40722
-1.40706
-1.40555
-1.40661
-1.40677
-1.40723
-1.40844
-1.40813
-1.40736
-1.40735
-1.40857
-1.40829
-1.4089
-1.4089
-1.40753
-1.40798
-1.40768
-1.40783
-1.40829
-1.40844
-1.40829
-1.40738
-1.40875
-1.4086
-1.40783
-1.40842
-1.40779
-1.40809
-1.40752
-1.40709
-1.40816
-1.4068
-1.40679
-1.40663
-1.40692
-1.40647
-1.40616
-1.40676
-1.40691
-1.40722
-1.40707
-1.40783
-1.40768
-1.40934
-1.40979
-1.40947
-1.40932
-1.40918
-1.40964
-1.40904
-1.41025
-1.41055
-1.41085
-1.40994
-1.41054
-1.40933
-1.40858
-1.4104
-1.40753
-1.40738
-1.40753
-1.40813
-1.40873
-1.40888
-1.40797
-1.40738
-1.40753
-1.40663
-1.40618
-1.40512
-1.40601
-1.40404
-1.40434
-1.4045
-1.40329
-1.403
-1.40345
-1.40391
-1.40452
-1.40572
-1.40677
-1.40706
-1.40645
-1.40706
-1.40662
-1.40799
-1.40769
-1.40814
-1.40753
-1.40934
-1.4095
-1.4098
-1.41055
-1.40994
-1.40948
-1.40918
-1.40993
-1.41008
-1.40963
-1.40979
-1.40919
-1.4089
-1.40951
-1.41056
-1.41131
-1.41114
-1.41235
-1.41129
-1.41145
-1.4107
-1.41025
-1.40919
-1.40798
-1.40723
-1.40707
-1.40615
-1.40585
-1.406
-1.40645
-1.4051
-1.40389
-1.4042
-1.40541
-1.40527
-1.40572
-1.40512
-1.40692
-1.40616
-1.4054
-1.4048
-1.40373
-1.40328
-1.40434
-1.4048
-1.40572
-1.40541
-1.40587
-1.40632
-1.40752
-1.40797
-1.40706
-1.40645
-1.4054
-1.40556
-1.40541
-1.40542
-1.40451
-1.4039
-1.40283
-1.40358
-1.40374
-1.40375
-1.4039
-1.40435
-1.40481
-1.40481
-1.40511
-1.4048
-1.40554
-1.40674
-1.40765
-1.40721
-1.40844
-1.40859
-1.40814
-1.40768
-1.40828
-1.40753
-1.40768
-1.40844
-1.40677
-1.40631
-1.40645
-1.40689
-1.40734
-1.40706
-1.40722
-1.40602
-1.40542
-1.40617
-1.40814
-1.4086
-1.40875
-1.40902
-1.40855
-1.40889
-1.40816
-1.40694
-1.40814
-1.40843
-1.40857
-1.40767
-1.40723
-1.40799
-1.40889
-1.40889
-1.40888
-1.41008
-1.41038
-1.40918
-1.40903
-1.40904
-1.40844
-1.40814
-1.4089
-1.40829
-1.40812
-1.40706
-1.40812
-1.40708
-1.40603
-1.40633
-1.40511
-1.40571
-1.40586
-1.40586
-1.40556
-1.40631
-1.40631
-1.40632
-1.40708
-1.40662
-1.40692
-1.40722
-1.40768
-1.40768
-1.40828
-1.40692
-1.40601
-1.40587
-1.40617
-1.40617
-1.40678
-1.40662
-1.40721
-1.4069
-1.40752
-1.40768
-1.40784
-1.40799
-1.40829
-1.40889
-1.40935
-1.40754
-1.40754
-1.40678
-1.40632
-1.40556
-1.406
-1.406
-1.4075
-1.40871
-1.40872
-1.40933
-1.40904
-1.4095
-1.40859
-1.40874
-1.40859
-1.40889
-1.4092
-1.40889
-1.40859
-1.40753
-1.40797
-1.40872
-1.40902
-1.40828
-1.40769
-1.4086
-1.40829
-1.40723
-1.40738
-1.40647
-1.40601
-1.40586
-1.40661
-1.40677
-1.40601
-1.40526
-1.40556
-1.40601
-1.40586
-1.40661
-1.40555
-1.40555
-1.40616
-1.4051
-1.40616
-1.40646
-1.40632
-1.40556
-1.40753
-1.40676
-1.40646
-1.40525
-1.40525
-1.40601
-1.40586
-1.40631
-1.40555
-1.406
-1.40615
-1.40706
-1.40661
-1.40752
-1.40798
-1.40707
-1.4054
-1.40539
-1.40615
-1.40721
-1.40782
-1.40692
-1.40813
-1.40798
-1.40933
-1.40993
-1.40948
-1.40934
-1.40844
-1.40738
-1.40738
-1.40812
-1.40721
-1.40767
-1.40752
-1.40677
-1.40676
-1.40706
-1.4063
-1.406
-1.40646
-1.40677
-1.40616
-1.40586
-1.40601
-1.4057
-1.40479
-1.40403
-1.40601
-1.40465
-1.40496
-1.40616
-1.40571
-1.40646
-1.40646
-1.40722
-1.40752
-1.40827
-1.40932
-1.40962
-1.40886
-1.40917
-1.40932
-1.40932
-1.40917
-1.40947
-1.40871
-1.40947
-1.41023
-1.41009
-1.41129
-1.41053
-1.40978
-1.41068
-1.41099
-1.41144
-1.41083
-1.41113
-1.41158
-1.41294
-1.41279
-1.41188
-1.41219
-1.41083
-1.41023
-1.40933
-1.40797
-1.40767
-1.4057
-1.40661
-1.40676
-1.406
-1.40631
-1.4063
-1.40524
-1.40569
-1.40568
-1.40478
-1.40463
-1.40584
-1.40856
-1.40902
-1.40948
-1.41114
-1.41114
-1.41068
-1.41052
-1.41051
-1.41097
-1.41128
-1.41007
