-6.36253
-6.3548
-6.34106
-6.31926
-6.28677
-6.24207
-6.1862
-6.11507
-6.02672
-5.92019
-5.79419
-5.65059
-5.49911
-5.34912
-5.21276
-5.10069
-5.02094
-4.97484
-4.95865
-4.96533
-4.99001
-5.02126
-5.05554
-5.08806
-5.11466
-5.13417
-5.14641
-5.15243
-5.15632
-5.15886
-5.15985
-5.16124
-5.16173
-5.1587
-5.15082
-5.13596
-5.11359
-5.08578
-5.05466
-5.02526
-5.00097
-4.98093
-4.96796
-4.96116
-4.95919
-4.962
-4.97014
-4.98309
-4.99963
-5.01751
-5.03419
-5.04663
-5.05341
-5.05424
-5.04915
-5.03759
-5.02479
-5.0117
-5.00241
-4.99691
-4.99574
-4.99776
-5.00223
-5.00822
-5.01556
-5.02337
-5.02952
-5.033
-5.03467
-5.03343
-5.03093
-5.02981
-5.03206
-5.03855
-5.04907
-5.06113
-5.07147
-5.0782
-5.08297
-5.08656
-5.08829
-5.08795
-5.09009
-5.08876
-5.08511
-5.08054
-5.07569
-5.07204
-5.07216
-5.07295
-5.0762
-5.08027
-5.08497
-5.08989
-5.09357
-5.09352
-5.09097
-5.08402
-5.07473
-5.06112
-5.0443
-5.02451
-5.00217
-4.97902
-4.95518
-4.93325
-4.91593
-4.90558
-4.90496
-4.9147
-4.93312
-4.95817
-4.98729
-5.01479
-5.03662
-5.05278
-5.06188
-5.06466
-5.06017
-5.05181
-5.04251
-5.03202
-5.02525
-5.01962
-5.01491
-5.01028
-5.00554
-5.0022
-5.00169
-5.00579
-5.01674
-5.032
-5.04982
-5.0706
-5.09274
-5.11463
-5.13095
-5.14339
-5.15005
-5.15243
-5.15142
-5.15007
-5.15042
-5.15181
-5.15298
-5.1513
-5.14581
-5.13668
-5.12742
-5.11902
-5.11612
-5.11669
-5.12178
-5.12688
-5.1277
-5.12497
-5.11505
-5.09939
-5.07875
-5.05746
-5.04098
-5.03244
-5.03655
-5.05009
-5.06451
-5.07447
-5.07928
-5.08131
-5.08387
-5.08947
-5.09866
-5.10977
-5.12163
-5.13447
-5.14582
-5.15732
-5.16837
-5.17991
-5.18654
-5.18741
-5.17759
-5.16051
-5.13891
-5.11689
-5.1004
-5.09503
-5.09961
-5.11143
-5.12445
-5.13763
-5.14656
-5.15278
-5.1565
-5.156
-5.15038
-5.14025
-5.124
-5.10196
-5.0754
-5.04747
-5.01883
-4.99079
-4.96611
-4.94755
-4.93515
-4.93153
-4.93616
-4.94733
-4.96575
-4.99085
-5.02299
-5.05846
-5.09571
-5.13178
-5.16332
-5.18993
-5.20852
-5.21823
-5.22129
-5.21641
-5.20681
-5.19206
-5.17531
-5.15898
-5.13992
-5.12196
-5.10527
-5.09178
-5.08215
-5.07699
-5.07816
-5.08325
-5.09532
-5.11182
-5.13034
-5.14938
-5.16715
-5.17989
-5.18762
-5.18948
-5.18587
-5.17842
-5.1669
-5.15422
-5.1427
-5.13746
-5.1384
-5.14613
-5.16097
-5.17698
-5.19539
-5.20994
-5.21992
-5.22655
-5.22604
-5.21668
-5.20034
-5.18225
-5.1636
-5.14511
-5.12802
-5.11054
-5.09246
-5.07435
-5.05718
-5.04252
-5.03124
-5.023
-5.01907
-5.01834
-5.02071
-5.02419
-5.0269
-5.02752
-5.02383
-5.01469
-5.00182
-4.98511
-4.96961
-4.95736
-4.95357
-4.96167
-4.98185
-5.01043
-5.04431
-5.07568
-5.10118
-5.11423
-5.11446
-5.10554
-5.09051
-5.07415
-5.05895
-5.05176
-5.05244
-5.0619
-5.07742
-5.09244
-5.10685
-5.11846
-5.12577
-5.12883
-5.12593
-5.11811
-5.1063
-5.09218
-5.07747
-5.06435
-5.05141
-5.03994
-5.02978
-5.02526
-5.02931
-5.0446
-5.06729
-5.09429
-5.11839
-5.13543
-5.14345
-5.1405
-5.12915
-5.11187
-5.09327
-5.07694
-5.06725
-5.06515
-5.07053
-5.0801
-5.08986
-5.09622
-5.09605
-5.0858
-5.0681
-5.04442
-5.01743
-4.99248
-4.97307
-4.96155
-4.95796
-4.96364
-4.97494
-4.99287
-5.01389
-5.03608
-5.05368
-5.06711
-5.07034
-5.066
-5.05473
-5.04116
-5.03082
-5.02782
-5.03307
-5.04364
-5.05468
-5.06157
-5.06621
-5.0693
-5.0718
-5.07648
-5.08423
-5.09412
-5.10493
-5.11418
-5.12048
-5.1264
-5.12843
-5.12982
-5.12929
-5.12755
-5.12543
-5.12429
-5.12449
-5.12705
-5.13032
-5.13422
-5.13689
-5.13781
-5.13741
-5.13547
-5.13167
-5.12814
-5.12437
-5.12307
-5.12146
-5.12006
-5.11747
-5.11443
-5.11127
-5.10515
-5.09718
-5.09093
-5.0851
-5.07963
-5.07761
-5.07821
-5.07864
-5.07824
-5.07689
-5.07313
-5.0731
-5.0774
-5.08449
-5.09494
-5.1047
-5.11318
-5.11886
-5.12343
-5.12568
-5.12576
-5.12727
-5.13151
-5.13839
-5.14769
-5.15802
-5.16876
-5.17853
-5.1845
-5.18613
-5.1824
-5.17243
-5.15907
-5.14116
-5.12258
-5.10357
-5.08851
-5.07814
-5.07263
-5.07182
-5.075
-5.08173
-5.09014
-5.09627
-5.10069
-5.1014
-5.10025
-5.09878
-5.0976
-5.09911
-5.10302
-5.10761
-5.11102
-5.11165
-5.10533
-5.09061
-5.0697
-5.04583
-5.02714
-5.01683
-5.01905
-5.03179
-5.0518
-5.07623
-5.10425
-5.13396
-5.16424
-5.19431
-5.22259
-5.24613
-5.26459
-5.27536
-5.27953
-5.2774
-5.26794
-5.25157
-5.22869
-5.19933
-5.16711
-5.13419
-5.10265
-5.07664
-5.05792
-5.04724
-5.04165
-5.04174
-5.04721
-5.05794
-5.07467
-5.09914
-5.12405
-5.14748
-5.16321
-5.16745
-5.16221
-5.14837
-5.13661
-5.13172
-5.13831
-5.15301
-5.17225
-5.19062
-5.20349
-5.20688
-5.20034
-5.18643
-5.16761
-5.14638
-5.12581
-5.10879
-5.09986
-5.09797
-5.10332
-5.11203
-5.12274
-5.13103
-5.13528
-5.13508
-5.12968
-5.11852
-5.10153
-5.08043
-5.05564
-5.03318
-5.01858
-5.01562
-5.02716
-5.04966
-5.07858
-5.11346
-5.14688
-5.17864
-5.20542
-5.22717
-5.24478
-5.26021
-5.27325
-5.28391
-5.29082
-5.29065
-5.2821
-5.26606
-5.24319
-5.21492
-5.18295
-5.14782
-5.11284
-5.08126
-5.05361
-5.03282
-5.01911
-5.01303
-5.01402
-5.01773
-5.02403
-5.03065
-5.03843
-5.04909
-5.06266
-5.07936
-5.09373
-5.10572
-5.112
-5.11056
-5.10108
-5.08467
-5.06503
-5.0425
-5.02387
-5.00802
-4.99395
-4.98151
-4.96946
-4.95861
-4.95301
-4.95454
-4.96601
-4.98641
-5.01122
-5.04145
-5.07036
-5.09572
-5.11402
-5.12537
-5.12772
-5.12187
-5.11005
-5.0953
-5.08125
-5.07099
-5.06594
-5.06327
-5.06071
-5.05764
-5.05108
-5.04127
-5.02822
-5.01274
-4.99526
-4.97549
-4.95708
-4.94168
-4.93362
-4.9379
-4.9531
-4.97454
-4.99726
-5.01777
-5.03576
-5.04972
-5.06202
-5.07475
-5.08865
-5.10187
-5.11348
-5.12231
-5.12644
-5.12662
-5.12521
-5.12199
-5.1168
-5.11079
-5.10368
-5.09721
-5.08683
-5.07504
-5.06248
-5.05095
-5.04327
-5.0414
-5.04645
-5.05808
-5.07452
-5.08953
-5.10052
-5.1052
-5.0995
-5.0805
-5.05237
-5.01721
-4.98196
-4.9529
-4.93375
-4.92293
-4.91927
-4.9215
-4.92675
-4.93606
-4.95018
-4.9684
-4.99083
-5.01654
-5.04408
-5.0703
-5.09465
-5.11504
-5.12864
-5.13401
-5.13009
-5.11567
-5.09318
-5.06551
-5.04051
-5.02334
-5.0189
-5.02769
-5.0478
-5.07666
-5.10896
-5.14169
-5.16774
-5.18563
-5.19315
-5.19092
-5.17973
-5.16143
-5.14043
-5.1219
-5.11022
-5.10563
-5.10942
-5.11823
-5.12767
-5.13681
-5.14209
-5.14495
-5.14839
-5.15333
-5.15865
-5.16044
-5.15696
-5.14586
-5.12493
-5.09823
-5.06876
-5.04425
-5.02635
-5.01992
-5.02501
-5.03875
-5.05989
-5.08239
-5.10228
-5.11762
-5.12455
-5.12382
-5.11574
-5.10185
-5.08526
-5.07105
-5.06228
-5.06214
-5.06883
-5.08379
-5.10528
-5.12753
-5.14938
-5.16725
-5.1809
-5.18665
-5.18489
-5.17455
-5.15562
-5.13118
-5.10148
-5.07008
-5.03796
-5.00864
-4.9831
-4.9658
-4.95679
-4.95619
-4.9593
-4.96545
-4.97151
-4.97753
-4.98253
-4.98869
-4.99682
-5.01003
-5.02112
-5.03172
-5.03823
-5.04227
-5.05085
-5.06488
-5.08492
-5.10997
-5.13282
-5.14898
-5.15415
-5.14746
-5.12901
-5.10133
-5.07001
-5.04167
-5.02306
-5.02022
-5.0332
-5.05735
-5.08744
-5.11869
-5.14926
-5.17323
-5.19133
-5.20517
-5.21476
-5.22151
-5.22605
-5.22892
-5.22632
-5.21788
-5.20151
-5.17717
-5.14525
-5.10608
-5.06099
-5.01347
-4.96904
-4.93453
-4.90987
-4.89895
-4.89815
-4.90271
-4.90983
-4.91856
-4.92706
-4.93651
-4.94878
-4.9651
-4.98739
-5.0161
-5.04904
-5.08542
-5.11993
-5.14968
-5.17292
-5.18717
-5.19195
-5.18984
-5.17969
-5.16137
-5.13869
-5.11307
-5.0894
-5.06778
-5.05135
-5.03629
-5.02263
-5.00924
-4.99619
-4.98824
-4.98217
-4.98104
-4.98371
-4.98926
-4.99584
-5.00058
-5.00467
-5.00581
-5.00474
-5.00338
-5.00707
-5.0175
-5.03576
-5.05884
-5.08366
-5.10651
-5.12391
-5.13654
-5.14606
-5.15187
-5.15615
-5.15802
-5.15868
-5.15952
-5.15983
-5.16018
-5.16248
-5.1656
-5.16985
-5.17351
-5.17654
-5.17736
-5.17623
-5.17402
-5.16988
-5.16699
-5.16597
-5.16766
-5.17036
-5.17428
-5.1785
-5.18155
-5.18277
-5.17967
-5.1713
-5.15775
-5.14041
-5.12115
-5.10222
-5.08361
-5.06634
-5.04868
-5.02923
-5.0122
-5.00294
-5.00747
-5.02307
-5.04566
-5.06752
-5.08779
-5.10368
-5.11785
-5.12953
-5.13798
-5.14131
-5.1413
-5.13716
-5.12726
-5.11374
-5.09613
-5.07435
-5.05121
-5.02966
-5.01429
-5.00796
-5.01115
-5.02206
-5.0346
-5.04442
-5.04576
-5.03906
-5.02577
-5.00777
-4.98984
-4.97543
-4.96588
-4.96176
-4.96354
-4.97388
-4.99333
-5.02194
-5.05641
-5.09421
-5.13223
-5.16606
-5.19376
-5.21282
-5.2222
-5.22602
-5.22292
-5.21099
-5.19379
-5.16973
-5.14008
-5.10645
-5.07386
-5.04379
-5.02069
-5.00275
-4.99135
-4.98711
-4.99082
-4.99746
-5.00853
-5.01933
-5.03211
-5.04345
-5.05545
-5.0669
-5.07802
-5.08893
-5.10009
-5.11122
-5.11996
-5.12698
-5.12737
-5.12235
-5.11239
-5.102
-5.09595
-5.09786
-5.10656
-5.12088
-5.13617
-5.14557
-5.14642
-5.13832
-5.12389
-5.10632
-5.08652
-5.06628
-5.0486
-5.03779
-5.0369
-5.04768
-5.06902
-5.09893
-5.12844
-5.14994
-5.16296
-5.16597
-5.15814
-5.14066
-5.11748
-5.08931
-5.05664
-5.02254
-4.9869
-4.9513
-4.92079
-4.89758
-4.88153
-4.8726
-4.87144
-4.87521
-4.88603
-4.90057
-4.91816
-4.93501
-4.95156
-4.96573
-4.98132
-4.99666
-5.01285
-5.02754
-5.04233
-5.05561
-5.06933
-5.08082
-5.08874
-5.09036
-5.08382
-5.06813
-5.04661
-5.02358
-5.00732
-5.00143
-5.00657
-5.02073
-5.03932
-5.05572
-5.06865
-5.07685
-5.0851
-5.09316
-5.10339
-5.113
-5.12116
-5.12377
-5.11981
-5.10771
-5.09199
-5.07388
-5.05329
-5.03715
-5.02638
-5.02275
-5.02621
-5.03335
-5.04335
-5.05216
-5.05706
-5.05909
-5.05455
-5.04823
-5.03972
-5.03298
-5.02827
-5.02722
-5.02772
-5.03058
-5.03311
-5.03547
-5.03657
-5.0363
-5.03787
-5.04085
-5.04624
-5.0518
-5.05481
-5.05223
-5.04231
-5.02366
-5.00011
-4.97393
-4.9483
-4.92698
-4.91165
-4.90356
-4.90218
-4.90707
-4.91784
-4.93119
-4.94719
-4.96461
-4.98093
-4.9976
-5.01292
-5.02817
-5.03938
-5.04942
-5.05634
-5.06308
-5.06796
-5.07296
-5.07405
-5.07516
-5.07321
-5.07292
-5.07486
-5.07951
-5.08609
-5.09058
-5.09087
-5.08502
-5.07175
-5.05133
-5.02626
-5.0021
-4.98199
-4.96964
-4.96448
-4.9653
-4.96853
-4.97072
-4.97072
-4.96655
-4.95923
-4.94757
-4.93512
-4.92195
-4.91179
-4.90837
-4.91354
-4.92756
-4.94614
-4.96641
-4.98476
-5.0011
-5.01196
-5.0198
-5.02328
-5.02402
-5.02163
-5.02053
-5.02061
-5.026
-5.03403
-5.04543
-5.05988
-5.07562
-5.09106
-5.10532
-5.11978
-5.13186
-5.14226
-5.1496
-5.15341
-5.15228
-5.14739
-5.1398
-5.12914
-5.11792
-5.10786
-5.09959
-5.09092
-5.08102
-5.07122
-5.06008
-5.0487
-5.03837
-5.02903
-5.02312
-5.02291
-5.02764
-5.03477
-5.04397
-5.05574
-5.06585
-5.07549
-5.08446
-5.09217
-5.09867
-5.1053
-5.11039
-5.1139
-5.11655
-5.11683
-5.11906
-5.12146
-5.12622
-5.13109
-5.13847
-5.14716
-5.15648
-5.16634
-5.17273
-5.17562
-5.17266
-5.16267
-5.14603
-5.12472
-5.10151
-5.07713
-5.05588
-5.04157
-5.0374
-5.04323
-5.05978
-5.08325
-5.11122
-5.1408
-5.17011
-5.19345
-5.20912
-5.21612
-5.21202
-5.20002
-5.18066
-5.15239
-5.11968
-5.08335
-5.04746
-5.01742
-4.9945
-4.98482
-4.98846
-5.00311
-5.02797
-5.05589
-5.0867
-5.11338
-5.13366
-5.14706
-5.15214
-5.1514
-5.14757
-5.14001
-5.13157
-5.12523
-5.11951
-5.11477
-5.10779
-5.09905
-5.08479
-5.06594
-5.04347
-5.01936
-4.99618
-4.97713
-4.96456
-4.95882
-4.96192
-4.97181
-4.9848
-4.99896
-5.01309
-5.0267
-5.04021
-5.05546
-5.07189
-5.08574
-5.0996
-5.10817
-5.11136
-5.1096
-5.10185
-5.09182
-5.07979
-5.0685
-5.05691
-5.04287
-5.02598
-5.00814
-4.99595
-4.99273
-5.00146
-5.02381
-5.05319
-5.07993
-5.09992
-5.10602
-5.09787
-5.07566
-5.04676
-5.01952
-4.99681
-4.97677
-4.95936
-4.94512
-4.93614
-4.93283
-4.934
-4.93773
-4.94069
-4.94528
-4.94847
-4.94888
-4.94891
-4.94757
-4.94271
-4.93549
-4.92943
-4.92915
-4.93542
-4.94739
-4.96183
-4.97641
-4.99011
-5.00362
-5.01543
-5.02538
-5.03451
-5.04188
-5.04944
-5.05924
-5.07069
-5.08535
-5.10143
-5.11661
-5.12873
-5.13554
-5.13569
-5.12978
-5.11835
-5.10072
-5.0783
-5.0509
-5.02182
-4.99182
-4.96321
-4.93859
-4.91898
-4.90455
-4.89728
-4.8967
-4.90131
-4.91021
-4.92093
-4.93092
-4.94067
-4.94839
-4.9534
-4.95655
-4.95666
-4.95627
-4.9547
-4.95278
-4.95229
-4.95294
-4.95613
-4.96384
-4.97357
-4.98203
-4.99201
-4.99939
-5.00649
-5.01252
-5.01788
-5.02208
-5.02539
-5.02658
-5.02542
-5.02127
-5.01173
-4.99825
-4.98324
-4.96924
-4.95715
-4.94886
-4.94537
-4.94698
-4.955
-4.96544
-4.97734
-4.98924
-5.00181
-5.01614
-5.03227
-5.04668
-5.05891
-5.06597
-5.069
-5.06649
-5.06122
-5.05632
-5.0521
-5.05143
-5.05468
-5.06035
-5.06716
-5.07185
-5.07213
-5.06691
-5.05681
-5.04563
-5.0378
-5.03596
-5.03827
-5.0458
-5.05573
-5.06462
-5.07207
-5.07754
-5.07949
-5.07859
-5.07879
-5.08418
-5.0949
-5.11223
-5.13295
-5.1519
-5.166
-5.1723
-5.16578
-5.14851
-5.11852
-5.08184
-5.04506
-5.01351
-4.99525
-4.99012
-4.99405
-5.00113
-5.00886
-5.01619
-5.02249
-5.02896
-5.03919
-5.05295
-5.0718
-5.09392
-5.11811
-5.14078
-5.16117
-5.17429
-5.17719
-5.16991
-5.15015
-5.12092
-5.08895
-5.05816
-5.03478
-5.02083
-5.01539
-5.01648
-5.01947
-5.02387
-5.03123
-5.04046
-5.05136
-5.06278
-5.07267
-5.08215
-5.08986
-5.09521
-5.09637
-5.09099
-5.07847
-5.05708
-5.03119
-5.00314
-4.97622
-4.95673
-4.94529
-4.94464
-4.95223
-4.96682
-4.98337
-4.99885
-5.01007
-5.01489
-5.01635
-5.01723
-5.01695
-5.01992
-5.02753
-5.0378
-5.04881
-5.05776
-5.06341
-5.06164
-5.05144
-5.03306
-5.01237
-4.99526
-4.98435
-4.98255
-4.9878
-4.99887
-5.01222
-5.02722
-5.041
-5.05383
-5.06317
-5.06867
-5.06758
-5.06084
-5.04821
-5.03074
-5.01093
-4.98963
-4.96982
-4.95172
-4.94043
-4.93543
-4.93842
-4.94975
-4.96605
-4.98379
-5.00236
-5.01968
-5.03726
-5.05723
-5.07995
-5.10678
-5.13799
-5.17321
-5.20755
-5.23654
-5.25558
-5.26146
-5.25288
-5.23082
-5.19577
-5.15047
-5.09908
-5.0463
-4.99947
-4.96741
-4.95629
-4.96363
-4.9783
-4.99172
-5.00291
-5.01036
-5.01817
-5.02785
-5.04012
-5.05399
-5.06686
-5.07684
-5.08229
-5.08141
-5.0773
-5.07197
-5.0705
-5.07444
-5.08184
-5.09038
-5.10034
-5.11271
-5.12491
-5.13804
-5.14835
-5.15579
-5.1573
-5.15271
-5.1431
-5.1282
-5.10746
-5.08091
-5.0526
-5.02602
-5.00604
-4.99195
-4.98453
-4.98294
-4.98881
-5.00187
-5.02307
-5.04692
-5.07138
-5.09696
-5.12034
-5.13953
-5.15516
-5.16456
-5.16809
-5.1635
-5.15201
-5.13565
-5.11779
-5.10119
-5.08808
-5.08101
-5.08025
-5.08421
-5.09395
-5.10727
-5.1211
-5.13365
-5.14185
-5.14521
-5.14275
-5.1354
-5.12352
-5.1077
-5.08961
-5.07184
-5.05607
-5.04372
-5.03735
-5.03729
-5.04374
-5.05599
-5.07426
-5.09454
-5.11368
-5.13086
-5.14185
-5.14668
-5.14586
-5.13981
-5.13245
-5.1285
-5.13872
-5.16081
-5.18916
-5.21298
-5.22406
-5.21684
-5.1975
-5.16818
-5.13234
-5.09595
-5.06066
-5.03382
-5.01658
-5.01132
-5.01512
-5.02669
-5.04342
-5.06286
-5.08105
-5.09425
-5.09757
-5.08995
-5.07122
-5.04332
-5.01323
-4.98733
-4.97137
-4.96878
-4.97857
-4.99538
-5.01778
-5.04073
-5.0618
-5.07997
-5.09317
-5.09893
-5.09698
-5.08868
-5.07538
-5.06166
-5.05059
-5.04254
-5.03659
-5.03153
-5.02632
-5.01851
-5.01012
-5.00016
-4.99231
-4.98792
-4.99051
-5.00032
-5.01696
-5.04007
-5.06726
-5.09394
-5.11951
-5.14346
-5.16344
-5.18135
-5.19545
-5.20668
-5.21562
-5.22108
-5.22395
-5.22624
-5.22706
-5.2281
-5.22836
-5.22717
-5.22642
-5.22324
-5.21977
-5.21504
-5.20824
-5.20128
-5.19484
-5.18838
-5.1807
-5.17266
-5.15995
-5.14468
-5.12426
-5.10046
-5.07227
-5.0412
-5.00768
-4.9771
-4.95278
-4.93946
-4.93857
-4.95039
-4.97084
-4.99303
-5.01449
-5.03273
-5.04731
-5.05722
-5.06665
-5.07588
-5.08502
-5.09582
-5.10329
-5.10979
-5.11314
-5.11291
-5.11019
-5.10375
-5.09709
-5.08694
-5.07472
-5.06042
-5.04826
-5.04135
-5.03999
-5.0487
-5.06722
-5.09394
-5.12401
-5.15285
-5.17693
-5.19265
-5.19835
-5.19327
-5.17854
-5.15657
-5.13078
-5.10911
-5.09334
-5.08402
-5.078
-5.07389
-5.07261
-5.07186
-5.07403
-5.07656
-5.07813
-5.07999
-5.08282
-5.08726
-5.09544
-5.10812
-5.12574
-5.14618
-5.16713
-5.18764
-5.20392
-5.21605
-5.22179
-5.22455
-5.22325
-5.22043
-5.21612
-5.21075
-5.20579
-5.20052
-5.19748
-5.19383
-5.18936
-5.18702
-5.18413
-5.18086
-5.1758
-5.16937
-5.16021
-5.14991
-5.13564
-5.12215
-5.10931
-5.09899
-5.09097
-5.08437
-5.07612
-5.06655
-5.05601
-5.04609
-5.03789
-5.03191
-5.02805
-5.02509
-5.02382
-5.02309
-5.02328
-5.02592
-5.03061
-5.03783
-5.04836
-5.05962
-5.06995
-5.0776
-5.08208
-5.0824
-5.07992
-5.07278
-5.05993
-5.04293
-5.02229
-5.00001
-4.97797
-4.95909
-4.94518
-4.94167
-4.94682
-4.95787
-4.97111
-4.98089
-4.98762
-4.9893
-4.98664
-4.98165
-4.97598
-4.96885
-4.96173
-4.95501
-4.94721
-4.94134
-4.93876
-4.93873
-4.94332
-4.95245
-4.96559
-4.98267
-5.00083
-5.02059
-5.03925
-5.05535
-5.06854
-5.08102
-5.093
-5.10442
-5.11511
-5.1261
-5.13511
-5.14095
-5.14434
-5.147
-5.14605
-5.14222
-5.13546
-5.12953
-5.12204
-5.11479
-5.10961
-5.10919
-5.1142
-5.12119
-5.12776
-5.13042
-5.12718
-5.11719
-5.10121
-5.08339
-5.06428
-5.04936
-5.03974
-5.03377
-5.03319
-5.03232
-5.033
-5.0327
-5.03322
-5.03497
-5.03812
-5.04324
-5.05142
-5.06471
-5.08248
-5.10238
-5.12039
-5.13363
-5.13819
-5.13332
-5.1193
-5.09935
-5.07709
-5.05802
-5.04473
-5.03827
-5.03735
-5.04214
-5.04747
-5.05282
-5.05455
-5.05567
-5.05699
-5.05942
-5.06198
-5.06552
-5.06664
-5.06581
-5.06429
-5.06143
-5.06081
-5.06067
-5.06256
-5.06678
-5.07333
-5.08133
-5.09037
-5.10078
-5.11329
-5.12748
-5.14171
-5.15238
-5.15711
-5.15213
-5.13672
-5.10954
-5.07351
-5.03321
-4.99221
-4.9585
-4.93458
-4.92229
-4.92176
-4.92923
-4.94447
-4.96424
-4.98424
-5.00384
-5.02093
-5.03454
-5.04523
-5.05315
-5.05702
-5.05489
-5.04527
-5.02777
-5.00482
-4.97646
-4.94573
-4.91776
-4.89836
-4.89396
-4.90963
-4.94412
-4.99291
-5.0466
-5.09564
-5.13539
-5.1636
-5.17963
-5.18461
-5.18031
-5.1702
-5.15692
-5.14247
-5.12696
-5.11092
-5.09513
-5.0812
-5.06673
-5.05242
-5.03792
-5.02565
-5.0168
-5.01264
-5.0111
-5.01386
-5.01637
-5.02106
-5.02638
-5.0306
-5.03422
-5.03762
-5.04389
-5.05417
-5.07064
-5.09291
-5.11706
-5.14146
-5.16211
-5.17841
-5.18921
-5.19616
-5.19912
-5.19878
-5.19246
-5.18354
-5.16869
-5.14689
-5.12124
-5.09359
-5.0668
-5.04606
-5.03428
-5.0345
-5.0443
-5.06273
-5.08375
-5.10396
-5.1207
-5.12922
-5.1288
-5.11789
-5.09447
-5.06298
-5.02849
-4.99563
-4.96936
-4.95371
-4.94832
-4.95122
-4.95938
-4.96982
-4.9793
-4.98661
-4.99138
-4.99401
-4.9944
-4.99287
-4.99194
-4.99075
-4.99095
-4.99234
-4.99269
-4.99319
-4.99428
-4.9952
-4.99867
-5.00289
-5.0082
-5.01095
-5.01092
-5.00723
-4.99963
-4.98681
-4.9725
-4.96068
-4.95423
-4.95538
-4.96697
-4.98764
-4.21526
-4.18916
-4.16538
-4.1475
-4.13727
-4.13339
-4.13718
-4.14544
-4.15566
-4.16532
-4.17056
-4.17387
-4.17565
-4.1839
-4.20962
-4.26062
-4.32359
-4.377
-4.40309
-4.39903
-4.37249
-4.33386
-4.29293
-4.25498
-4.2296
-4.22244
-4.2378
-4.27569
-4.32608
-4.38076
-4.42714
-4.46333
-4.48796
-4.50131
-4.50638
-4.49901
-4.47886
-4.4411
-4.39238
-4.33598
-4.27767
-4.22496
-4.18905
-4.18087
-4.19991
-4.23913
-4.28736
-4.33378
-4.37061
-4.39232
-4.39841
-4.39487
-4.38527
-4.37332
-4.35571
-4.32848
-4.2889
-4.24346
-4.20372
-4.18464
-4.19215
-4.22362
-4.26889
-4.31437
-4.3507
-4.3749
-4.38459
-4.38499
-4.3758
-4.35609
-4.32232
-4.27944
-4.24119
-4.22442
-4.23532
-4.27374
-4.3267
-4.37418
-4.40176
-4.39719
-4.36186
-4.31901
-4.28999
-4.29396
-4.32537
-4.37074
-4.4165
-4.45169
-4.47418
-4.48316
-4.47885
-4.46349
-4.43591
-4.39983
-4.3612
-4.33534
-4.34274
-4.38483
-4.43979
-4.48777
-4.52306
-4.54963
-4.57923
-4.61433
-4.65162
-4.68337
-4.70275
-4.70095
-4.67519
-4.62199
-4.54479
-4.45063
-4.35306
-4.26888
-4.21089
-4.18589
-4.19434
-4.24443
-4.31189
-4.36799
-4.3984
-4.40691
-4.40404
-4.39893
-4.39418
-4.39256
-4.39964
-4.42113
-4.46342
-4.52112
-4.5784
-4.62157
-4.63998
-4.63654
-4.61508
-4.58366
-4.54621
-4.50123
-4.44948
-4.38849
-4.31903
-4.25077
-4.19533
-4.16897
-4.17866
-4.21693
-4.26175
-4.29478
-4.31118
-4.31261
-4.31115
-4.31586
-4.33094
-4.3535
-4.37991
-4.40256
-4.41733
-4.42481
-4.4262
-4.42736
-4.43189
-4.44628
-4.47006
-4.50148
-4.53931
-4.57869
-4.61498
-4.64053
-4.6471
-4.62751
-4.58525
-4.52153
-4.44756
-4.37376
-4.30785
-4.25947
-4.22806
-4.20933
-4.2034
-4.21004
-4.23518
-4.27551
-4.32521
-4.3759
-4.42423
-4.46401
-4.49002
-4.49308
-4.47041
-4.42358
-4.37522
-4.34438
-4.34264
-4.36126
-4.38409
-4.39779
-4.39359
-4.36503
-4.31552
-4.24936
-4.18153
-4.14329
-4.17122
-4.2593
-4.36793
-4.45549
-4.50822
-4.5283
-4.52512
-4.51092
-4.50041
-4.50504
-4.52418
-4.54857
-4.56447
-4.56697
-4.55867
-4.54818
-4.54156
-4.53493
-4.52692
-4.51337
-4.49542
-4.47429
-4.44897
-4.41887
-4.3834
-4.34357
-4.29642
-4.24793
-4.20795
-4.18519
-4.18539
-4.20355
-4.23707
-4.27984
-4.32636
-4.3677
-4.3963
-4.40524
-4.39374
-4.36663
-4.33612
-4.31138
-4.29935
-4.30022
-4.30683
-4.31277
-4.31403
-4.31352
-4.3073
-4.30313
-4.30379
-4.31577
-4.34008
-4.36703
-4.39225
-4.41153
-4.42487
-4.42403
-4.403
-4.359
-4.29395
-4.22202
-4.1574
-4.12013
-4.1161
-4.14381
-4.18916
-4.23637
-4.2709
-4.28963
-4.29843
-4.30186
-4.30037
-4.28917
-4.2688
-4.24224
-4.21881
-4.20601
-4.21326
-4.24139
-4.2828
-4.32256
-4.35219
-4.36563
-4.3646
-4.35068
-4.33045
-4.31171
-4.29273
-4.27161
-4.23991
-4.1982
-4.15518
-4.11841
-4.10056
-4.10508
-4.13431
-4.18071
-4.23043
-4.27123
-4.29398
-4.29879
-4.29344
-4.28694
-4.28356
-4.28376
-4.28543
-4.29022
-4.29995
-4.3079
-4.30685
-4.29108
-4.2605
-4.21624
-4.16251
-4.11199
-4.07533
-4.05599
-4.05871
-4.08817
-4.13894
-4.19691
-4.25138
-4.2987
-4.33534
-4.36416
-4.38457
-4.39499
-4.39132
-4.3742
-4.34838
-4.3212
-4.29495
-4.27368
-4.26155
-4.26073
-4.27042
-4.29088
-4.31349
-4.33742
-4.35803
-4.3746
-4.38581
-4.38869
-4.3807
-4.36468
-4.35159
-4.34922
-4.36344
-4.39083
-4.42307
-4.44942
-4.46289
-4.45836
-4.43534
-4.39676
-4.35397
-4.31902
-4.29906
-4.29367
-4.30213
-4.31475
-4.31854
-4.30351
-4.26889
-4.22152
-4.18206
-4.16575
-4.1712
-4.18268
-4.18189
-4.16482
-4.13837
-4.11871
-4.12084
-4.14365
-4.17927
-4.21873
-4.26217
-4.31222
-4.36861
-4.42582
-4.47242
-4.50556
-4.52662
-4.54243
-4.55831
-4.57876
-4.60105
-4.61881
-4.62977
-4.63133
-4.61739
-4.58212
-4.52271
-4.44716
-4.36918
-4.30614
-4.26646
-4.24396
-4.22693
-4.20671
-4.18314
-4.16353
-4.15776
-4.16953
-4.19943
-4.23976
-4.28801
-4.33792
-4.38271
-4.41987
-4.44574
-4.46262
-4.47557
-4.48811
-4.50308
-4.52408
-4.55088
-4.5837
-4.61589
-4.63774
-4.63874
-4.62107
-4.59449
-4.56928
-4.55278
-4.5418
-4.52956
-4.51174
-4.48407
-4.44232
-4.39123
-4.33723
-4.28866
-4.25514
-4.24095
-4.24463
-4.26249
-4.29336
-4.33851
-4.39898
-4.4717
-4.54623
-4.61128
-4.66052
-4.68915
-4.69844
-4.69195
-4.67262
-4.6453
-4.61581
-4.58412
-4.5498
-4.50483
-4.44989
-4.38559
-4.32208
-4.27062
-4.24372
-4.24388
-4.26376
-4.29868
-4.34415
-4.39348
-4.44629
-4.49841
-4.54228
-4.5668
-4.56272
-4.52839
-4.4747
-4.41309
-4.35856
-4.32001
-4.29527
-4.27401
-4.25599
-4.23994
-4.22444
-4.20804
-4.19308
-4.17991
-4.16387
-4.14185
-4.11557
-4.09161
-4.07861
-4.07987
-4.10026
-4.14118
-4.20236
-4.28026
-4.36586
-4.44627
-4.50768
-4.54057
-4.5412
-4.51088
-4.45087
-4.36837
-4.2704
-4.17346
-4.09805
-4.06456
-4.06945
-4.0969
-4.12689
-4.15073
-4.16573
-4.18256
-4.20347
-4.23142
-4.26467
-4.29799
-4.32562
-4.35099
-4.37123
-4.39034
-4.41383
-4.44691
-4.48575
-4.52325
-4.55161
-4.56407
-4.55616
-4.52187
-4.45888
-4.37038
-4.27361
-4.19587
-4.15175
-4.13852
-4.14469
-4.15739
-4.1744
-4.19935
-4.2313
-4.2624
-4.27945
-4.27798
-4.26481
-4.24832
-4.24043
-4.24713
-4.26171
-4.27374
-4.27742
-4.2708
-4.26209
-4.25785
-4.26838
-4.2853
-4.29836
-4.2974
-4.28144
-4.25837
-4.24071
-4.23722
-4.24843
-4.26773
-4.29074
-4.31102
-4.32455
-4.32785
-4.32209
-4.31171
-4.295
-4.27368
-4.25081
-4.23287
-4.22412
-4.23005
-4.24626
-4.26871
-4.29425
-4.3227
-4.34897
-4.36539
-4.36628
-4.35196
-4.3275
-4.29762
-4.2777
-4.2797
-4.31576
-4.38077
-4.46037
-4.53847
-4.59879
-4.63517
-4.64533
-4.63018
-4.59314
-4.53441
-4.469
-4.41099
-4.37034
-4.3512
-4.34223
-4.33467
-4.32107
-4.29803
-4.2784
-4.28599
-4.33344
-4.40415
-4.47443
-4.52514
-4.55296
-4.56742
-4.57056
-4.5626
-4.5406
-4.50288
-4.44982
-4.38128
-4.29932
-4.19935
-4.0866
-3.98064
-3.91539
-3.92963
-4.01791
-4.13568
-4.23981
-4.30677
-4.33947
-4.34314
-4.32738
-4.3007
-4.27288
-4.25118
-4.23736
-4.23118
-4.22709
-4.21907
-4.19895
-4.16815
-4.13114
-4.10382
-4.10142
-4.12505
-4.16438
-4.20562
-4.24541
-4.28005
-4.3119
-4.34255
-4.37978
-4.42579
-4.48238
-4.54276
-4.58852
-4.62022
-4.63401
-4.63316
-4.62423
-4.61492
-4.609
-4.60572
-4.5987
-4.57867
-4.54221
-4.48798
-4.42445
-4.35858
-4.30903
-4.28094
-4.27002
-4.26835
-4.26648
-4.25896
-4.24328
-4.21811
-4.18653
-4.16187
-4.16089
-4.19161
-4.243
-4.30275
-4.35498
-4.39702
-4.42751
-4.45078
-4.46107
-4.45749
-4.44034
-4.41262
-4.384
-4.36241
-4.35409
-4.36069
-4.38376
-4.42231
-4.46673
-4.50488
-4.52444
-4.51917
-4.49367
-4.46166
-4.44015
-4.43173
-4.43557
-4.43964
-4.43602
-4.4188
-4.3876
-4.34538
-4.29836
-4.25558
-4.23024
-4.22951
-4.25301
-4.29298
-4.3441
-4.40056
-4.45456
-4.49629
-4.52067
-4.52252
-4.50737
-4.47597
-4.43723
-4.39745
-4.36307
-4.3418
-4.33629
-4.33904
-4.34182
-4.33538
-4.31902
-4.29375
-4.2655
-4.24052
-4.22684
-4.23125
-4.25083
-4.27822
-4.30016
-4.30744
-4.29491
-4.26787
-4.23749
-4.2181
-4.20874
-4.20176
-4.19057
-4.17349
-4.14957
-4.11749
-4.08013
-4.04533
-4.0305
-4.05196
-4.11583
-4.21074
-4.31744
-4.41212
-4.48442
-4.53433
-4.56632
-4.57926
-4.57337
-4.54612
-4.49551
-4.43088
-4.36263
-4.30878
-4.28919
-4.30705
-4.34478
-4.37754
-4.39482
-4.39416
-4.37482
-4.331
-4.2613
-4.18592
-4.15784
-4.19579
-4.24368
-4.26211
-4.25715
-4.24503
-4.2452
-4.26557
-4.30154
-4.33831
-4.36289
-4.37355
-4.37975
-4.39364
-4.41985
-4.45797
-4.50538
-4.553
-4.59074
-4.60981
-4.60273
-4.56596
-4.51474
-4.47283
-4.45873
-4.45784
-4.44963
-4.42195
-4.37312
-4.31694
-4.26387
-4.22287
-4.1953
-4.17925
-4.16966
-4.16498
-4.16265
-4.15793
-4.15627
-4.16513
-4.18623
-4.21121
-4.23631
-4.26311
-4.29781
-4.33688
-4.37232
-4.39672
-4.40739
-4.40618
-4.4094
-4.43406
-4.48324
-4.53836
-4.58385
-4.61275
-4.62486
-4.62325
-4.60837
-4.57424
-4.51985
-4.44148
-4.34543
-4.24192
-4.14603
-4.07026
-4.02952
-4.02946
-4.06643
-4.12928
-4.19844
-4.25989
-4.30365
-4.33247
-4.34869
-4.35436
-4.34732
-4.32547
-4.28941
-4.24066
-4.18975
-4.15116
-4.13937
-4.15534
-4.18503
-4.21003
-4.21772
-4.21105
-4.19899
-4.18398
-4.17123
-4.16545
-4.17021
-4.18164
-4.19324
-4.20067
-4.20353
-4.20349
-4.20487
-4.21449
-4.23219
-4.2597
-4.29365
-4.32985
-4.37087
-4.41125
-4.44652
-4.47087
-4.48393
-4.48145
-4.47293
-4.46477
-4.46306
-4.46572
-4.46717
-4.46714
-4.46587
-4.4695
-4.47865
-4.49305
-4.50603
-4.51411
-4.51011
-4.49158
-4.4634
-4.43716
-4.42115
-4.41769
-4.4203
-4.41828
-4.40801
-4.38473
-4.3577
-4.33809
-4.33624
-4.34768
-4.35409
-4.34455
-4.32154
-4.29483
-4.27277
-4.26272
-4.25926
-4.2561
-4.25154
-4.2475
-4.24754
-4.25574
-4.26974
-4.28229
-4.28634
-4.2805
-4.26821
-4.25719
-4.25689
-4.27239
-4.30198
-4.33018
-4.3541
-4.37072
-4.37873
-4.3814
-4.37626
-4.36595
-4.35133
-4.33488
-4.31937
-4.30848
-4.30556
-4.31241
-4.32413
-4.33644
-4.34774
-4.36129
-4.38073
-4.41136
-4.44766
-4.47968
-4.50213
-4.5101
-4.50829
-4.50041
-4.48299
-4.45495
-4.4167
-4.3761
-4.34033
-4.31708
-4.30809
-4.31506
-4.33801
-4.36909
-4.40342
-4.4333
-4.45464
-4.46681
-4.46539
-4.45394
-4.42912
-4.39179
-4.34481
-4.28885
-4.22775
-4.1717
-4.12806
-4.10366
-4.10118
-4.11607
-4.14087
-4.16399
-4.18
-4.18411
-4.17239
-4.1527
-4.13901
-4.14412
-4.17307
-4.22131
-4.27862
