2.84778
2.84006
2.82631
2.80557
2.7764
2.73684
2.68444
2.61647
2.53039
2.42447
2.29877
2.15638
2.00429
1.85326
1.71585
1.60333
1.52267
1.47536
1.4581
1.46463
1.4875
1.51934
1.55378
1.58584
1.61229
1.63164
1.64404
1.65097
1.65455
1.65679
1.65885
1.66068
1.66117
1.65845
1.65041
1.6354
1.61303
1.58476
1.5538
1.5241
1.49891
1.47977
1.46665
1.45895
1.45637
1.45918
1.46762
1.48117
1.49831
1.51665
1.53347
1.54637
1.5536
1.55428
1.54859
1.53793
1.52483
1.51235
1.50291
1.49757
1.49609
1.49781
1.50212
1.50857
1.51651
1.52478
1.53183
1.53621
1.53729
1.53574
1.53354
1.53318
1.53649
1.54388
1.55425
1.56555
1.57559
1.58292
1.58739
1.58992
1.59181
1.59359
1.59466
1.59379
1.59044
1.58542
1.58042
1.57692
1.57568
1.57678
1.57988
1.58439
1.58955
1.59431
1.59754
1.59824
1.5957
1.5895
1.5796
1.56615
1.54948
1.52999
1.50811
1.4845
1.46052
1.43843
1.42112
1.41122
1.41045
1.41943
1.43755
1.46259
1.49081
1.518
1.54074
1.5569
1.56569
1.56742
1.56323
1.55503
1.54512
1.53569
1.52801
1.52208
1.51692
1.51168
1.50664
1.50331
1.50356
1.50871
1.51905
1.53401
1.55259
1.57352
1.5952
1.61574
1.63311
1.64555
1.65221
1.65368
1.65208
1.65027
1.65032
1.65216
1.65378
1.6527
1.64752
1.63869
1.62867
1.62089
1.61783
1.61961
1.62409
1.62814
1.62896
1.62471
1.61464
1.59899
1.5791
1.55796
1.54058
1.53265
1.53675
1.54954
1.56395
1.57436
1.57947
1.58166
1.58452
1.59043
1.59976
1.61148
1.62409
1.63633
1.64768
1.65857
1.66963
1.68011
1.68734
1.6879
1.67959
1.66267
1.64032
1.61815
1.60242
1.59705
1.60177
1.61284
1.62571
1.63722
1.64616
1.65237
1.65579
1.65574
1.65103
1.64045
1.62359
1.60125
1.57515
1.54721
1.51888
1.49129
1.46617
1.44609
1.43354
1.42962
1.43395
1.44572
1.46444
1.48984
1.52123
1.557
1.59471
1.63137
1.66413
1.69058
1.70917
1.71933
1.72148
1.71676
1.7067
1.69286
1.67657
1.65888
1.64072
1.62306
1.60698
1.59365
1.58417
1.57946
1.58018
1.58663
1.59855
1.61489
1.63387
1.65321
1.67052
1.68372
1.69144
1.6933
1.6897
1.68164
1.67057
1.65835
1.64744
1.64084
1.64102
1.64861
1.66193
1.67824
1.69499
1.71014
1.72178
1.72796
1.727
1.71839
1.70341
1.68487
1.66562
1.64713
1.62928
1.61134
1.59312
1.57516
1.55844
1.54393
1.53235
1.52426
1.52002
1.5196
1.52227
1.52651
1.53027
1.53134
1.52795
1.51927
1.50579
1.48939
1.47329
1.46165
1.45861
1.46701
1.48719
1.51652
1.54995
1.58147
1.60576
1.6194
1.6213
1.61268
1.59675
1.57827
1.56262
1.55423
1.55506
1.56407
1.57807
1.59354
1.60781
1.61926
1.62687
1.62978
1.62733
1.61952
1.6074
1.59298
1.57827
1.5644
1.55131
1.53892
1.52862
1.52364
1.5277
1.54239
1.56568
1.59253
1.61707
1.63456
1.64228
1.63963
1.62798
1.61041
1.5912
1.57503
1.56564
1.5646
1.57073
1.58075
1.59051
1.59612
1.59474
1.58494
1.56709
1.54341
1.51749
1.49329
1.47418
1.46236
1.45877
1.4634
1.47544
1.49338
1.51485
1.53674
1.55554
1.56807
1.5722
1.56771
1.55674
1.54378
1.5342
1.53196
1.53751
1.54776
1.55836
1.56615
1.57049
1.57282
1.57548
1.58031
1.5879
1.5975
1.60755
1.6165
1.62339
1.62796
1.63044
1.63123
1.63069
1.62926
1.6276
1.62661
1.62711
1.62937
1.63294
1.63684
1.63997
1.64148
1.64108
1.63899
1.63579
1.63211
1.62849
1.62539
1.62302
1.62131
1.61979
1.61766
1.61419
1.60897
1.60222
1.59476
1.58787
1.58285
1.58038
1.58008
1.5805
1.57995
1.57784
1.57545
1.57526
1.57912
1.5868
1.5965
1.60611
1.61414
1.61982
1.62303
1.62437
1.62506
1.62673
1.63081
1.63799
1.6479
1.65928
1.67047
1.67979
1.68576
1.68724
1.6835
1.67445
1.66063
1.64333
1.62444
1.6062
1.59068
1.57956
1.57374
1.57324
1.57717
1.5839
1.5914
1.59783
1.60195
1.60341
1.60272
1.6011
1.60008
1.60098
1.60428
1.60918
1.61348
1.61411
1.60809
1.59398
1.57307
1.54981
1.53052
1.52067
1.52243
1.53456
1.55427
1.579
1.60702
1.63703
1.66776
1.69768
1.72506
1.74829
1.76615
1.77783
1.7829
1.78107
1.77206
1.75585
1.73282
1.70406
1.67154
1.63801
1.60678
1.58092
1.56235
1.55106
1.54578
1.54542
1.54997
1.56041
1.57744
1.60025
1.62576
1.64903
1.66476
1.6693
1.66256
1.64902
1.63651
1.63207
1.63836
1.65336
1.67245
1.69036
1.70247
1.70586
1.69978
1.68542
1.66539
1.6431
1.62223
1.60613
1.59704
1.5956
1.60065
1.60966
1.61962
1.62775
1.63215
1.63195
1.62685
1.61645
1.60036
1.57911
1.55523
1.53338
1.51908
1.51658
1.52721
1.54941
1.57984
1.61441
1.64904
1.6805
1.70712
1.72887
1.74679
1.76207
1.77526
1.78577
1.79207
1.79236
1.78516
1.76988
1.74701
1.71798
1.68481
1.64968
1.61485
1.58252
1.55487
1.53379
1.52038
1.51444
1.51452
1.51853
1.52468
1.53206
1.54075
1.55156
1.56513
1.58093
1.5968
1.60955
1.61612
1.61469
1.60505
1.58865
1.56826
1.54723
1.52831
1.51245
1.49899
1.48669
1.4751
1.46516
1.45926
1.46049
1.47105
1.49084
1.51732
1.54664
1.57509
1.59969
1.61815
1.62874
1.63064
1.62449
1.61252
1.59807
1.58463
1.57467
1.56886
1.56604
1.56393
1.56026
1.55355
1.54343
1.53023
1.51445
1.49652
1.47721
1.45834
1.44325
1.43609
1.43992
1.45451
1.47611
1.49958
1.52099
1.53883
1.5537
1.56721
1.5807
1.59445
1.60766
1.61897
1.6272
1.63178
1.63287
1.63115
1.62748
1.62259
1.61688
1.61023
1.6021
1.59202
1.58008
1.56737
1.55599
1.54846
1.5469
1.55225
1.56373
1.57895
1.59442
1.60616
1.61038
1.60423
1.58644
1.55816
1.52345
1.48851
1.45945
1.4397
1.42918
1.42567
1.42699
1.43209
1.4411
1.45462
1.47299
1.49572
1.52143
1.54821
1.57413
1.59757
1.61705
1.6308
1.63662
1.63255
1.61813
1.59519
1.56812
1.54298
1.52582
1.52078
1.52911
1.54937
1.57823
1.61127
1.6437
1.67095
1.68945
1.69727
1.69444
1.68265
1.6648
1.64456
1.62603
1.61315
1.6084
1.61174
1.62039
1.63029
1.63807
1.6426
1.64515
1.64814
1.65293
1.6584
1.66124
1.65777
1.64575
1.62528
1.59873
1.57033
1.54506
1.52762
1.52103
1.52582
1.54002
1.56009
1.58198
1.60188
1.61661
1.62399
1.62311
1.61458
1.60054
1.58441
1.5702
1.56158
1.56099
1.56904
1.5846
1.60534
1.62833
1.65064
1.66957
1.68291
1.68896
1.68675
1.67611
1.65779
1.6332
1.60409
1.5724
1.54028
1.51035
1.48542
1.46797
1.45911
1.4579
1.46177
1.46762
1.47321
1.47788
1.48243
1.48858
1.49778
1.50977
1.52223
1.53222
1.53873
1.54383
1.55166
1.56569
1.58634
1.61048
1.63302
1.64888
1.65435
1.64765
1.62921
1.60183
1.57066
1.54263
1.52462
1.52118
1.53295
1.5568
1.58749
1.61965
1.64915
1.67358
1.69228
1.70598
1.71602
1.72352
1.72866
1.73063
1.72803
1.71943
1.70367
1.67993
1.64786
1.60809
1.5627
1.51548
1.47151
1.43595
1.41235
1.40127
1.40032
1.40563
1.41365
1.42223
1.43088
1.44048
1.45276
1.46969
1.49273
1.52205
1.55604
1.59166
1.62541
1.65426
1.67613
1.68993
1.69532
1.69245
1.68185
1.66444
1.64191
1.61689
1.59247
1.57101
1.55321
1.53815
1.52433
1.51095
1.4985
1.4886
1.48283
1.48184
1.48497
1.49067
1.49724
1.50319
1.50729
1.50872
1.50781
1.5066
1.50878
1.518
1.53551
1.55889
1.58355
1.6055
1.62289
1.63583
1.6452
1.65192
1.6565
1.65927
1.66054
1.66077
1.66064
1.66098
1.66253
1.6655
1.66944
1.6734
1.67629
1.67726
1.67598
1.67286
1.66902
1.66598
1.66497
1.66635
1.66966
1.67403
1.6784
1.6816
1.68237
1.67942
1.6718
1.65931
1.64273
1.62377
1.60439
1.58578
1.56775
1.54934
1.53049
1.51392
1.50497
1.50828
1.52358
1.54556
1.56817
1.58814
1.60494
1.61896
1.63018
1.63803
1.64182
1.6412
1.63616
1.62671
1.61289
1.59483
1.57319
1.54976
1.52775
1.51148
1.50469
1.50833
1.51954
1.53284
1.54265
1.5452
1.53925
1.52597
1.50842
1.49049
1.47564
1.46578
1.46166
1.46389
1.47379
1.49263
1.52049
1.55556
1.59441
1.63288
1.66701
1.69396
1.71242
1.72255
1.72531
1.72146
1.71103
1.69368
1.66948
1.63968
1.6068
1.57407
1.54445
1.51999
1.5019
1.49095
1.48731
1.49011
1.49751
1.50753
1.51878
1.53064
1.54274
1.55475
1.56635
1.57746
1.58837
1.59939
1.61036
1.62016
1.62672
1.62802
1.62315
1.6135
1.60281
1.59615
1.59747
1.60722
1.62199
1.63637
1.64531
1.64586
1.63776
1.62287
1.60395
1.58339
1.56316
1.54563
1.53422
1.53273
1.5435
1.56545
1.59385
1.62229
1.645
1.65832
1.66088
1.6532
1.63693
1.61405
1.58619
1.55442
1.51972
1.48363
1.44864
1.41782
1.39387
1.37796
1.36964
1.36772
1.37149
1.3808
1.39503
1.41218
1.42963
1.44587
1.4611
1.47624
1.49173
1.50716
1.52201
1.53619
1.55007
1.56364
1.57574
1.58396
1.58558
1.57873
1.5635
1.54243
1.52046
1.50375
1.49742
1.503
1.51777
1.53635
1.55351
1.56628
1.57494
1.58198
1.59004
1.59997
1.61034
1.61833
1.62125
1.61781
1.60738
1.59136
1.57205
1.55251
1.53607
1.52546
1.52198
1.52513
1.53287
1.54242
1.55107
1.55673
1.55816
1.55513
1.5485
1.54015
1.53235
1.52704
1.52508
1.52604
1.52859
1.53127
1.53303
1.53368
1.53386
1.53483
1.53781
1.54304
1.54905
1.55282
1.55099
1.54138
1.52378
1.50009
1.47361
1.44813
1.42696
1.41224
1.40475
1.40413
1.40947
1.41964
1.43344
1.44959
1.46685
1.48424
1.50106
1.51683
1.53102
1.54313
1.55287
1.5604
1.56623
1.57081
1.57415
1.57584
1.57575
1.57471
1.57442
1.57651
1.58131
1.58743
1.59222
1.59266
1.58636
1.57234
1.55146
1.52654
1.50178
1.48152
1.46872
1.46371
1.46437
1.46745
1.46995
1.46994
1.46653
1.45936
1.44861
1.4354
1.42223
1.41253
1.40941
1.41443
1.42709
1.44522
1.46579
1.4858
1.50289
1.51556
1.52325
1.52628
1.52582
1.52372
1.52217
1.52301
1.52735
1.53537
1.54662
1.56032
1.57545
1.59104
1.60621
1.62036
1.63305
1.6436
1.65109
1.6546
1.65362
1.64843
1.64008
1.63003
1.61956
1.60951
1.60003
1.59075
1.58115
1.57075
1.55946
1.54778
1.53669
1.52766
1.5222
1.52138
1.52536
1.53325
1.54351
1.55451
1.56507
1.57457
1.58293
1.59049
1.5976
1.60422
1.60977
1.61358
1.61563
1.61681
1.61829
1.62084
1.6247
1.62987
1.63649
1.64473
1.6542
1.6636
1.67089
1.67394
1.67112
1.66174
1.64601
1.625
1.60074
1.5762
1.55496
1.5405
1.53542
1.54095
1.5566
1.58036
1.60924
1.63973
1.66843
1.69222
1.7085
1.71549
1.71245
1.69969
1.67837
1.6501
1.61679
1.58092
1.54563
1.51499
1.49328
1.48375
1.48739
1.50279
1.52689
1.55587
1.58562
1.6123
1.63288
1.64583
1.65121
1.65047
1.64574
1.63908
1.63216
1.62597
1.6207
1.61566
1.60928
1.59978
1.58597
1.56773
1.54601
1.52266
1.50009
1.48104
1.46801
1.46258
1.46478
1.47315
1.48538
1.49924
1.51338
1.52744
1.5417
1.5565
1.57172
1.58648
1.59912
1.60769
1.61073
1.60791
1.60032
1.58998
1.57887
1.56788
1.55644
1.54315
1.52732
1.51054
1.4973
1.49347
1.50296
1.5247
1.55302
1.58036
1.59975
1.60615
1.59754
1.57609
1.54826
1.52132
1.49845
1.47857
1.46071
1.44632
1.43734
1.43402
1.43489
1.43786
1.44127
1.44436
1.44694
1.44886
1.4495
1.44785
1.44345
1.43728
1.43229
1.43201
1.43827
1.45009
1.46468
1.47956
1.49357
1.50647
1.51813
1.52824
1.5366
1.54383
1.55139
1.56104
1.5737
1.58896
1.60519
1.62021
1.63188
1.63853
1.63914
1.63338
1.6215
1.60402
1.5816
1.55511
1.52588
1.49573
1.46682
1.4413
1.42093
1.40696
1.39983
1.39926
1.40416
1.41291
1.42363
1.43453
1.44412
1.45139
1.45595
1.45804
1.4583
1.45746
1.45604
1.45458
1.45394
1.45534
1.45974
1.46715
1.47658
1.48655
1.49577
1.5036
1.5101
1.51568
1.52074
1.52539
1.52915
1.53094
1.52948
1.52382
1.51397
1.5008
1.48579
1.47074
1.45758
1.44839
1.44475
1.44712
1.45453
1.46512
1.47717
1.48983
1.50316
1.51748
1.53255
1.54711
1.55904
1.5664
1.56838
1.56572
1.56044
1.55495
1.55117
1.55036
1.553
1.55867
1.56547
1.57031
1.5703
1.56447
1.55452
1.54395
1.53642
1.53429
1.5378
1.54548
1.55511
1.5646
1.57235
1.57721
1.57887
1.57842
1.57877
1.58357
1.59504
1.61252
1.63278
1.65158
1.66492
1.66956
1.66334
1.64547
1.61699
1.58121
1.54398
1.51275
1.49358
1.48784
1.49191
1.50035
1.50915
1.51678
1.52368
1.53137
1.54159
1.55566
1.57406
1.59617
1.62036
1.64408
1.66417
1.67728
1.68064
1.6726
1.65329
1.62497
1.59195
1.5601
1.53521
1.52067
1.51582
1.51707
1.52081
1.52582
1.53287
1.54256
1.5539
1.56518
1.57537
1.5844
1.5921
1.59746
1.59861
1.59353
1.58087
1.56069
1.5348
1.50659
1.48028
1.45988
1.4483
1.44674
1.45448
1.46891
1.48607
1.50184
1.51337
1.51985
1.52237
1.5231
1.52433
1.52791
1.53491
1.54518
1.55695
1.56711
1.57215
1.56947
1.55837
1.54059
1.52021
1.50235
1.49128
1.48889
1.49429
1.50505
1.51855
1.53295
1.54703
1.55956
1.56904
1.57394
1.57315
1.56626
1.55364
1.53632
1.5159
1.4943
1.47358
1.45594
1.4436
1.43845
1.44144
1.452
1.46801
1.4865
1.50506
1.52268
1.53996
1.55873
1.58115
1.60859
1.64085
1.67577
1.70965
1.73803
1.75677
1.7628
1.75452
1.73201
1.69681
1.65151
1.59967
1.54645
1.49962
1.46846
1.45825
1.46529
1.4801
1.49457
1.50531
1.51292
1.51997
1.52905
1.54117
1.55519
1.56851
1.57833
1.58288
1.58215
1.57804
1.57362
1.57186
1.57443
1.58123
1.59097
1.60229
1.61451
1.62747
1.64044
1.6515
1.65834
1.6597
1.65556
1.64595
1.63029
1.60835
1.58166
1.55364
1.52827
1.5083
1.49466
1.48739
1.48671
1.49318
1.507
1.52714
1.55144
1.57726
1.60239
1.62531
1.64496
1.66029
1.67014
1.67336
1.66938
1.65864
1.64289
1.62503
1.60829
1.59532
1.58765
1.58584
1.58979
1.59878
1.61119
1.62471
1.63681
1.64532
1.64882
1.64682
1.63947
1.62743
1.61176
1.59398
1.57606
1.56014
1.54809
1.54127
1.5406
1.5466
1.55901
1.57636
1.59619
1.61563
1.63205
1.6435
1.64878
1.64751
1.6407
1.63214
1.6288
1.63781
1.66005
1.68793
1.71069
1.72071
1.71546
1.69627
1.66665
1.63112
1.59443
1.56111
1.53487
1.51823
1.51207
1.51572
1.52744
1.54477
1.56451
1.5827
1.59515
1.59831
1.59024
1.5712
1.54407
1.51413
1.48823
1.47257
1.47013
1.47977
1.49764
1.51958
1.54253
1.56435
1.58297
1.59617
1.60209
1.60014
1.59154
1.579
1.56573
1.55436
1.546
1.5402
1.53545
1.53009
1.52303
1.51419
1.50453
1.49609
1.49154
1.49352
1.50364
1.52164
1.5455
1.57238
1.59967
1.62555
1.64904
1.66962
1.68708
1.70134
1.71241
1.72045
1.72575
1.72878
1.73016
1.73053
1.73035
1.72986
1.72897
1.72732
1.72444
1.72006
1.71427
1.70762
1.70082
1.69423
1.68761
1.68024
1.67114
1.65934
1.64392
1.62425
1.60015
1.57196
1.54074
1.50843
1.47815
1.45414
1.44082
1.44068
1.45265
1.47249
1.49514
1.5166
1.53469
1.54881
1.55963
1.5686
1.57723
1.58637
1.59581
1.60449
1.61114
1.61479
1.61516
1.61245
1.60692
1.59874
1.58814
1.57577
1.56298
1.55173
1.54451
1.54407
1.55263
1.57084
1.59696
1.62703
1.65616
1.68008
1.69581
1.70166
1.69688
1.68185
1.65898
1.63319
1.61031
1.59393
1.58385
1.57784
1.57418
1.57244
1.5726
1.57417
1.57624
1.57812
1.57983
1.5822
1.58664
1.59467
1.60736
1.62467
1.64526
1.66682
1.68672
1.70285
1.71407
1.72042
1.72272
1.72203
1.71921
1.7149
1.70968
1.70412
1.69869
1.69369
1.68929
1.68557
1.68247
1.67958
1.67617
1.6714
1.66453
1.65522
1.6437
1.6308
1.61776
1.60583
1.59581
1.58764
1.58043
1.57293
1.56427
1.55449
1.54457
1.53591
1.52964
1.52592
1.52402
1.5229
1.52217
1.52236
1.52454
1.52954
1.53737
1.54714
1.55749
1.56707
1.57471
1.5795
1.58073
1.57779
1.57019
1.55764
1.54034
1.51926
1.49622
1.47388
1.4553
1.44336
1.43984
1.4447
1.45559
1.46852
1.47936
1.48563
1.48701
1.48466
1.48012
1.47445
1.46808
1.46111
1.45378
1.44674
1.44103
1.43784
1.43827
1.443
1.45229
1.46588
1.48296
1.50202
1.52133
1.53939
1.55534
1.56913
1.58131
1.59269
1.6038
1.61465
1.62473
1.63328
1.63972
1.64372
1.64518
1.64408
1.64054
1.63485
1.62756
1.61961
1.61251
1.60809
1.60783
1.61192
1.61876
1.62532
1.62829
1.6252
1.61521
1.59938
1.58035
1.5617
1.54663
1.53686
1.5321
1.53062
1.53049
1.53057
1.53072
1.53139
1.53314
1.53645
1.54202
1.55096
1.56425
1.58171
1.60131
1.61946
1.63225
1.63666
1.63149
1.61762
1.59783
1.57617
1.55695
1.54351
1.53735
1.53779
1.54243
1.54822
1.55281
1.55544
1.55686
1.55834
1.56062
1.56348
1.56611
1.56769
1.56776
1.56654
1.56475
1.56337
1.56338
1.56542
1.56964
1.57574
1.58328
1.59218
1.60274
1.61539
1.62989
1.64457
1.6563
1.66133
1.65649
1.64018
1.6127
1.57637
1.53532
1.49492
1.46061
1.43639
1.42395
1.42282
1.43119
1.44658
1.46619
1.4871
1.5067
1.52333
1.53664
1.54703
1.5545
1.55792
1.55533
1.54526
1.52761
1.5036
1.47509
1.44466
1.4164
1.39655
1.39215
1.40782
1.44275
1.49079
1.54326
1.5923
1.6325
1.66102
1.67719
1.68218
1.67849
1.66914
1.65661
1.64231
1.62696
1.61122
1.59588
1.58134
1.56733
1.55332
1.53958
1.52746
1.51876
1.5143
1.51351
1.51521
1.51848
1.52271
1.52728
1.5315
1.53527
1.53958
1.54645
1.55795
1.57502
1.59683
1.62098
1.64447
1.66482
1.68066
1.69177
1.69857
1.70153
1.70074
1.69577
1.68595
1.67064
1.64975
1.62425
1.59646
1.56997
1.54908
1.53761
1.53752
1.54808
1.5662
1.58767
1.60833
1.62446
1.63298
1.63166
1.61939
1.59657
1.56553
1.5306
1.49729
1.47087
1.45461
1.44892
1.45182
1.46013
1.47056
1.4805
1.48826
1.49319
1.49536
1.49544
1.49437
1.49315
1.49256
1.4929
1.49385
1.49479
1.49545
1.49609
1.49745
1.50017
1.50424
1.50879
1.5123
1.51302
1.50948
1.50113
1.48876
1.47476
1.46265
1.45619
1.45824
1.46999
1.49066
2.80852
2.78258
2.7585
2.74002
2.72902
2.72575
2.72939
2.7381
2.74863
2.75753
2.76307
2.76562
2.76756
2.77582
2.8023
2.85329
2.917
2.9701
2.99558
2.99093
2.96394
2.92516
2.88364
2.84659
2.82107
2.81407
2.83003
2.86761
2.9189
2.97282
3.0201
3.05614
3.08063
3.09518
3.10041
3.09424
3.07318
3.03618
2.98655
2.9297
2.87095
2.81824
2.78325
2.77522
2.79455
2.83362
2.88184
2.92886
2.96583
2.98739
2.99349
2.98889
2.97929
2.96719
2.95018
2.9234
2.88489
2.8396
2.79972
2.77959
2.78694
2.81825
2.86231
2.90703
2.94351
2.96696
2.97679
2.97554
2.96514
2.94421
2.91075
2.86848
2.83024
2.81272
2.82513
2.86399
2.91664
2.96547
2.99258
2.98742
2.9536
2.90986
2.88146
2.88422
2.91546
2.96068
3.00507
3.0395
3.0611
3.07007
3.06667
3.05131
3.02509
2.98931
2.94979
2.92348
2.93043
2.97205
3.02746
3.07498
3.10861
3.13535
3.16435
3.19914
3.23628
3.26863
3.28815
3.28756
3.2618
3.20935
3.1326
3.03845
2.94014
2.85596
2.79933
2.77404
2.7852
2.83437
2.90182
2.95836
2.98953
2.99911
2.99746
2.99205
2.98685
2.98539
2.99276
3.01562
3.05791
3.1147
3.17197
3.21438
3.23339
3.22935
3.20804
3.17602
3.13751
3.09313
3.04092
2.97933
2.91048
2.84208
2.7871
2.76074
2.77103
2.80898
2.85334
2.88607
2.90111
2.90301
2.90156
2.90597
2.92074
2.94451
2.97166
2.99568
3.01195
3.01944
3.02083
3.02139
3.02683
3.04122
3.0656
3.09808
3.1356
3.17483
3.21081
3.23575
3.24127
3.22213
3.17835
3.11509
3.04098
2.96627
2.90113
2.85275
2.82209
2.80516
2.79939
2.80695
2.83118
2.87105
2.92044
2.97189
3.01961
3.05893
3.08418
3.08814
3.06547
3.02001
2.9697
2.93826
2.93636
2.95512
2.9781
2.99164
2.98653
2.95828
2.90786
2.8417
2.7745
2.73658
2.76331
2.85286
2.96132
3.04902
3.10176
3.122
3.11898
3.10539
3.09549
3.09997
3.11925
3.14334
3.15969
3.16204
3.15374
3.14341
3.13603
3.1294
3.11927
3.10452
3.08612
3.06468
3.03981
3.01062
2.97605
2.93517
2.88862
2.84089
2.80107
2.77876
2.77806
2.79682
2.83063
2.87446
2.92158
2.96352
2.99181
3.00075
2.9894
2.96275
2.93089
2.9054
2.89352
2.89438
2.90099
2.90632
2.90759
2.90526
2.90055
2.89578
2.89675
2.90964
2.93348
2.96088
2.9858
3.00584
3.01842
3.01788
2.99715
2.95255
2.88811
2.81604
2.75324
2.71522
2.71044
2.73693
2.78241
2.82961
2.86459
2.88333
2.89123
2.89481
2.89391
2.88393
2.86341
2.837
2.81313
2.80124
2.80864
2.83631
2.8768
2.91746
2.94724
2.96113
2.9595
2.94589
2.92627
2.90662
2.88794
2.86531
2.83346
2.7925
2.74918
2.71363
2.69518
2.70015
2.72923
2.77517
2.82473
2.86477
2.88752
2.89294
2.8879
2.88155
2.87877
2.87866
2.88034
2.88574
2.89455
2.90145
2.89979
2.88477
2.85404
2.80872
2.75545
2.70524
2.66768
2.64834
2.65242
2.68279
2.73309
2.79046
2.84462
2.89088
2.92828
2.95756
2.97871
2.98913
2.98546
2.96804
2.94208
2.91385
2.88759
2.86663
2.85465
2.85413
2.86473
2.88368
2.90673
2.92976
2.95036
2.96754
2.9795
2.98298
2.97605
2.96185
2.94877
2.94655
2.96031
2.9871
3.01812
3.04371
3.05628
3.05114
3.02751
2.99
2.94828
2.91348
2.89322
2.88889
2.89659
2.90799
2.91132
2.89613
2.86016
2.8131
2.77365
2.75749
2.76338
2.77455
2.77406
2.75639
2.72965
2.71045
2.71243
2.73613
2.77175
2.81151
2.85541
2.90621
2.9629
3.01905
3.0661
3.09894
3.11955
3.13521
3.15261
3.17336
3.19459
3.2125
3.22406
3.22561
3.21167
3.1764
3.11775
3.04191
2.96379
2.9003
2.86001
2.83795
2.82121
2.80009
2.77532
2.75557
2.74995
2.76232
2.79086
2.83103
2.87792
2.92662
2.9717
3.00811
3.03413
3.05208
3.06578
3.07863
3.09374
3.11384
3.14064
3.17331
3.20579
3.22718
3.22863
3.21082
3.18364
3.15858
3.14118
3.12959
3.1181
3.10058
3.07246
3.03207
2.98158
2.92744
2.87903
2.84551
2.83147
2.8356
2.85407
2.88524
2.93055
2.99101
3.06282
3.13689
3.20254
3.25163
3.28041
3.28925
3.2814
3.26163
3.23491
3.20512
3.17343
3.13774
3.09398
3.03904
2.97474
2.91034
2.85994
2.83409
2.83395
2.85428
2.8892
2.93361
2.98339
3.03604
3.08801
3.13142
3.15548
3.15186
3.1192
3.06461
3.00255
2.94879
2.91084
2.88518
2.86497
2.84711
2.83136
2.81661
2.80157
2.78707
2.77359
2.7577
2.73553
2.70865
2.68395
2.66913
2.66979
2.68973
2.73095
2.79228
2.86941
2.95441
3.03481
3.09667
3.12971
3.12988
3.0982
3.0385
2.95585
2.85819
2.76066
2.68602
2.65207
2.65756
2.68574
2.7177
2.74199
2.75821
2.77354
2.79489
2.82345
2.85549
2.88684
2.91523
2.93969
2.96009
2.97905
3.00254
3.03501
3.074
3.11165
3.14016
3.15367
3.14651
3.11282
3.04923
2.96058
2.86428
2.78565
2.74122
2.72813
2.73323
2.74609
2.76385
2.78896
2.82089
2.85093
2.86798
2.86711
2.8529
2.83672
2.82989
2.83628
2.85071
2.86364
2.86746
2.86131
2.852
2.84957
2.85935
2.87686
2.89052
2.89016
2.8742
2.851
2.83335
2.82985
2.84075
2.8608
2.88351
2.90318
2.91596
2.92032
2.91652
2.90554
2.88823
2.86614
2.84283
2.82414
2.81614
2.82147
2.83723
2.85862
2.88385
2.91215
2.93842
2.95468
2.95587
2.94185
2.9165
2.88768
2.86746
2.87008
2.90523
2.97039
3.05088
3.12852
3.18944
3.22627
3.23703
3.2225
3.1844
3.12718
3.06178
3.00393
2.96479
2.94458
2.93546
2.92744
2.91263
2.88989
2.87103
2.87864
2.92486
2.99586
3.06553
3.11624
3.14542
3.15944
3.16288
3.15477
3.13231
3.09444
3.04153
2.9739
2.89058
2.79076
2.67877
2.57222
2.5076
2.52154
2.61039
2.72859
2.83165
2.89997
2.93268
2.93651
2.92046
2.89423
2.86672
2.84442
2.83045
2.82396
2.82001
2.81124
2.79126
2.75881
2.72135
2.69435
2.6921
2.71587
2.75474
2.79658
2.83516
2.8695
2.90105
2.93261
2.96924
3.01646
3.0738
3.13236
3.18099
3.21283
3.22648
3.22503
3.2155
3.20604
3.20103
3.19834
3.19117
3.17204
3.13603
3.08286
3.01843
2.95453
2.90469
2.87644
2.86673
2.86535
2.86303
2.85505
2.83876
2.81238
2.77976
2.7548
2.75443
2.78454
2.83638
2.89476
2.94729
2.98888
3.01998
3.04144
3.05157
3.0477
3.02979
3.00267
2.97452
2.95323
2.94416
2.95061
2.97413
3.01252
3.05754
3.09598
3.11493
3.10861
3.08236
3.05052
3.02781
3.02044
3.02412
3.02894
3.02576
3.0096
2.97961
2.93815
2.89129
2.84943
2.8244
2.82351
2.84655
2.88789
2.94021
2.99636
3.04915
3.09103
3.11495
3.11741
3.10044
3.0698
3.03182
2.99265
2.95934
2.93852
2.93194
2.93424
2.93611
2.92997
2.91315
2.88744
2.85797
2.83255
2.81978
2.8248
2.84543
2.87266
2.89475
2.90203
2.8904
2.86398
2.83466
2.81452
2.805
2.79801
2.78667
2.76914
2.74476
2.71268
2.67503
2.64054
2.62497
2.64522
2.70818
2.80353
2.909
3.00353
3.07628
3.12665
3.15804
3.17173
3.16569
3.13768
3.08874
3.02457
2.95618
2.90189
2.88185
2.9
2.93756
2.97152
2.9894
2.98799
2.96668
2.92239
2.85255
2.7769
2.74929
2.7869
2.83552
2.85517
2.84901
2.8366
2.83663
2.8579
2.89431
2.93032
2.954
2.96466
2.97087
2.98356
3.00946
3.04879
3.09635
3.14396
3.1823
3.20166
3.19383
3.15767
3.10662
3.06577
3.0506
3.05076
3.0436
3.01562
2.96801
2.91123
2.85801
2.81702
2.78974
2.77294
2.76335
2.75867
2.75557
2.7513
2.74935
2.75791
2.77855
2.80352
2.82803
2.85619
2.8918
2.93102
2.96615
2.99054
3.00061
2.99957
3.0022
3.02715
3.07572
3.13068
3.17601
3.20476
3.21657
3.21436
3.19903
3.1667
3.11231
3.0347
2.93911
2.83636
2.74002
2.66426
2.62202
2.62075
2.65771
2.71995
2.7894
2.85039
2.89506
2.92373
2.9401
2.94547
2.93813
2.91657
2.88082
2.83313
2.78177
2.74244
2.73035
2.74706
2.77734
2.80143
2.80943
2.80382
2.79161
2.77751
2.76522
2.75959
2.7636
2.77488
2.78722
2.79541
2.79797
2.79748
2.79902
2.80788
2.82664
2.85414
2.88749
2.92475
2.96472
3.00478
3.0402
3.06531
3.0764
3.07468
3.06648
3.05952
3.05781
3.05972
3.06131
3.06083
3.06032
3.0635
3.07249
3.08599
3.09942
3.10659
3.10213
3.08451
3.058
3.03176
3.015
3.01048
3.01247
3.01136
2.99987
2.97675
2.94837
2.92817
2.92676
2.93834
2.94565
2.93717
2.91417
2.88671
2.86555
2.85506
2.85175
2.84933
2.84478
2.84044
2.84123
2.84973
2.86328
2.87552
2.88018
2.87464
2.86221
2.85149
2.85211
2.86835
2.89597
2.92553
2.94915
2.96456
2.97302
2.97494
2.9698
2.95873
2.94381
2.92661
2.91005
2.89886
2.89669
2.90325
2.91481
2.92712
2.93857
2.95182
2.97202
3.00189
3.03742
3.0696
3.09084
3.09957
3.09851
3.08973
3.072
3.04351
3.00587
2.96497
2.92875
2.90415
2.89531
2.90318
2.92583
2.95826
2.99319
3.02398
3.04668
3.05914
3.05969
3.04733
3.02237
2.98578
2.9385
2.88255
2.82251
2.76601
2.72238
2.69889
2.69655
2.71023
2.73231
2.75497
2.77052
2.77296
2.76126
2.74202
2.72849
2.73361
2.76211
2.81003
2.86855
