1.89852
1.89337
1.88421
1.87038
1.85093
1.82456
1.78963
1.74432
1.68693
1.61631
1.53251
1.43759
1.3362
1.23551
1.1439
1.06889
1.01512
0.983574
0.97207
0.976423
0.991664
1.01289
1.03585
1.05723
1.07486
1.08776
1.09603
1.10065
1.10303
1.10453
1.1059
1.10712
1.10745
1.10563
1.10027
1.09027
1.07535
1.05651
1.03587
1.01607
0.999271
0.986512
0.977769
0.972631
0.970912
0.972788
0.978415
0.98745
0.998875
1.0111
1.02232
1.03091
1.03573
1.03619
1.03239
1.02529
1.01656
1.00823
1.00194
0.998377
0.997395
0.99854
1.00142
1.00572
1.01101
1.01652
1.02122
1.02414
1.02486
1.02382
1.02236
1.02212
1.02433
1.02926
1.03617
1.0437
1.05039
1.05528
1.05826
1.05995
1.06121
1.06239
1.06311
1.06253
1.06029
1.05695
1.05361
1.05128
1.05046
1.05118
1.05325
1.05626
1.0597
1.06288
1.06503
1.0655
1.0638
1.05967
1.05307
1.0441
1.03299
1.02
1.00541
0.989666
0.973678
0.958955
0.94741
0.940813
0.9403
0.946289
0.958368
0.975061
0.993872
1.012
1.02716
1.03793
1.0438
1.04494
1.04216
1.03669
1.03008
1.02379
1.01868
1.01472
1.01128
1.00779
1.00443
1.00221
1.00237
1.00581
1.0127
1.02268
1.03506
1.04901
1.06347
1.07716
1.08874
1.09703
1.10147
1.10245
1.10139
1.10018
1.10021
1.10144
1.10252
1.1018
1.09835
1.09246
1.08578
1.08059
1.07855
1.07974
1.08273
1.08542
1.08597
1.08314
1.07643
1.06599
1.05273
1.03864
1.02706
1.02177
1.0245
1.03302
1.04263
1.04957
1.05298
1.05444
1.05635
1.06029
1.06651
1.07432
1.08273
1.09089
1.09845
1.10571
1.11308
1.12007
1.12489
1.12527
1.11973
1.10845
1.09355
1.07877
1.06828
1.0647
1.06785
1.07523
1.0838
1.09148
1.09744
1.10158
1.10386
1.10383
1.10069
1.09363
1.08239
1.0675
1.0501
1.03148
1.01259
0.994193
0.977443
0.96406
0.955697
0.953079
0.955964
0.963811
0.976294
0.99323
1.01415
1.038
1.06314
1.08758
1.10942
1.12705
1.13945
1.14622
1.14766
1.14451
1.1378
1.12858
1.11771
1.10592
1.09381
1.08204
1.07132
1.06243
1.05611
1.05297
1.05345
1.05775
1.0657
1.07659
1.08925
1.10214
1.11368
1.12248
1.12763
1.12887
1.12646
1.12109
1.11371
1.10557
1.09829
1.09389
1.09401
1.09907
1.10795
1.11883
1.12999
1.14009
1.14786
1.15197
1.15133
1.14559
1.13561
1.12324
1.11041
1.09809
1.08618
1.07423
1.06208
1.05011
1.03896
1.02928
1.02157
1.01618
1.01335
1.01306
1.01484
1.01767
1.02018
1.02089
1.01863
1.01285
1.00386
0.992925
0.982193
0.974432
0.972408
0.978009
0.991463
1.01101
1.0333
1.05431
1.0705
1.0796
1.08087
1.07512
1.0645
1.05218
1.04175
1.03616
1.03671
1.04271
1.05205
1.06236
1.07187
1.07951
1.08458
1.08652
1.08489
1.07968
1.0716
1.06199
1.05218
1.04293
1.0342
1.02595
1.01908
1.01576
1.01847
1.02826
1.04378
1.06168
1.07804
1.08971
1.09485
1.09309
1.08532
1.07361
1.0608
1.05002
1.04376
1.04307
1.04715
1.05384
1.06034
1.06408
1.06316
1.05663
1.04473
1.02894
1.01166
0.995526
0.982789
0.974904
0.972513
0.975598
0.983629
0.995586
1.0099
1.02449
1.03702
1.04538
1.04813
1.04514
1.03783
1.02919
1.0228
1.0213
1.025
1.03184
1.0389
1.0441
1.04699
1.04855
1.05032
1.05354
1.0586
1.065
1.0717
1.07767
1.08226
1.0853
1.08696
1.08749
1.08713
1.08617
1.08506
1.08441
1.08474
1.08625
1.08863
1.09123
1.09331
1.09432
1.09406
1.09266
1.09053
1.08808
1.08566
1.08359
1.08202
1.08088
1.07986
1.07844
1.07612
1.07265
1.06814
1.06317
1.05858
1.05523
1.05359
1.05339
1.05367
1.0533
1.05189
1.0503
1.05018
1.05275
1.05787
1.06433
1.07074
1.07609
1.07988
1.08202
1.08292
1.08337
1.08449
1.08721
1.09199
1.0986
1.10619
1.11365
1.11986
1.12384
1.12483
1.12234
1.1163
1.10709
1.09555
1.08296
1.0708
1.06045
1.05304
1.04916
1.04883
1.05145
1.05593
1.06093
1.06522
1.06797
1.06894
1.06848
1.0674
1.06672
1.06732
1.06952
1.07278
1.07566
1.07608
1.07206
1.06265
1.04871
1.03321
1.02034
1.01378
1.01495
1.02304
1.03618
1.05267
1.07134
1.09135
1.11184
1.13179
1.15004
1.16553
1.17743
1.18522
1.1886
1.18738
1.18138
1.17056
1.15521
1.13604
1.11436
1.09201
1.07118
1.05395
1.04157
1.03404
1.03052
1.03028
1.03332
1.04027
1.05162
1.06683
1.08384
1.09935
1.10984
1.11287
1.10837
1.09935
1.091
1.08805
1.09224
1.10224
1.11496
1.12691
1.13498
1.13724
1.13318
1.12361
1.11026
1.0954
1.08149
1.07075
1.06469
1.06374
1.0671
1.07311
1.07974
1.08517
1.0881
1.08797
1.08457
1.07763
1.06691
1.05274
1.03682
1.02225
1.01272
1.01105
1.01814
1.03294
1.05322
1.07627
1.09936
1.12033
1.13808
1.15258
1.16452
1.17472
1.18351
1.19051
1.19472
1.1949
1.19011
1.17992
1.16467
1.14532
1.12321
1.09979
1.07657
1.05502
1.03658
1.02252
1.01358
1.00963
1.00968
1.01236
1.01645
1.02137
1.02717
1.03437
1.04342
1.05395
1.06453
1.07303
1.07742
1.07646
1.07003
1.0591
1.0455
1.03149
1.01887
1.0083
0.999324
0.99113
0.983398
0.976773
0.97284
0.973657
0.980698
0.993894
1.01155
1.03109
1.05006
1.06646
1.07877
1.08583
1.08709
1.08299
1.07501
1.06538
1.05642
1.04978
1.04591
1.04403
1.04262
1.04017
1.0357
1.02896
1.02016
1.00963
0.997677
0.984804
0.972228
0.962167
0.957396
0.959945
0.969674
0.98407
0.999717
1.014
1.02589
1.0358
1.04481
1.0538
1.06296
1.07177
1.07932
1.0848
1.08785
1.08858
1.08743
1.08499
1.08173
1.07792
1.07348
1.06807
1.06135
1.05338
1.04492
1.03733
1.03231
1.03127
1.03484
1.04248
1.05264
1.06294
1.07077
1.07359
1.06949
1.05763
1.03877
1.01564
0.99234
0.972969
0.959801
0.952784
0.950446
0.951325
0.954727
0.960732
0.969745
0.981993
0.997148
1.01429
1.03214
1.04942
1.06505
1.07803
1.0872
1.09108
1.08837
1.07875
1.06346
1.04542
1.02865
1.01721
1.01385
1.01941
1.03291
1.05215
1.07418
1.0958
1.11397
1.1263
1.13151
1.12963
1.12177
1.10987
1.09637
1.08402
1.07543
1.07227
1.07449
1.08026
1.08686
1.09204
1.09507
1.09677
1.09876
1.10195
1.1056
1.10749
1.10518
1.09717
1.08352
1.06582
1.04688
1.03004
1.01841
1.01402
1.01721
1.02668
1.04006
1.05466
1.06792
1.07774
1.08266
1.08207
1.07639
1.06703
1.05627
1.0468
1.04106
1.04066
1.04603
1.0564
1.07022
1.08556
1.10042
1.11304
1.12194
1.12598
1.1245
1.11741
1.10519
1.0888
1.0694
1.04826
1.02685
1.0069
0.990279
0.978648
0.972737
0.971936
0.974513
0.978411
0.982143
0.98525
0.988287
0.99239
0.99852
1.00652
1.01482
1.02148
1.02582
1.02922
1.03444
1.04379
1.05756
1.07365
1.08868
1.09925
1.1029
1.09843
1.08614
1.06789
1.04711
1.02842
1.01642
1.01412
1.02197
1.03786
1.05832
1.07976
1.09943
1.11572
1.12819
1.13732
1.14401
1.14901
1.15244
1.15375
1.15202
1.14629
1.13578
1.11995
1.09858
1.07206
1.0418
1.01032
0.981005
0.957297
0.941565
0.93418
0.933547
0.937085
0.942436
0.948153
0.953923
0.960323
0.96851
0.979792
0.995154
1.0147
1.03736
1.06111
1.08361
1.10284
1.11742
1.12662
1.13021
1.1283
1.12123
1.10963
1.0946
1.07793
1.06165
1.04734
1.03547
1.02543
1.01622
1.0073
0.999001
0.992398
0.988553
0.987895
0.98998
0.993778
0.998161
1.00213
1.00486
1.00582
1.0052
1.0044
1.00585
1.012
1.02368
1.03926
1.0557
1.07033
1.08193
1.09055
1.0968
1.10128
1.10434
1.10618
1.10703
1.10718
1.10709
1.10732
1.10835
1.11034
1.11296
1.1156
1.11752
1.11817
1.11732
1.11524
1.11268
1.11066
1.10998
1.1109
1.11311
1.11602
1.11893
1.12107
1.12158
1.11961
1.11454
1.1062
1.09515
1.08252
1.06959
1.05718
1.04517
1.03289
1.02033
1.00928
1.00331
1.00552
1.01572
1.03037
1.04545
1.05876
1.06996
1.07931
1.08679
1.09202
1.09455
1.09413
1.09077
1.08447
1.07526
1.06322
1.0488
1.03317
1.0185
1.00765
1.00313
1.00555
1.01303
1.02189
1.02843
1.03014
1.02617
1.01731
1.00561
0.993663
0.983759
0.977189
0.97444
0.975929
0.982527
0.995085
1.01366
1.03704
1.06294
1.08859
1.11134
1.1293
1.14161
1.14836
1.15021
1.14764
1.14069
1.12912
1.11298
1.09312
1.0712
1.04938
1.02963
1.01333
1.00127
0.993966
0.991542
0.993408
0.998341
1.00502
1.01252
1.02043
1.0285
1.0365
1.04423
1.05164
1.05891
1.06626
1.07358
1.08011
1.08448
1.08535
1.0821
1.07567
1.06854
1.0641
1.06498
1.07148
1.08132
1.09091
1.09688
1.09724
1.09184
1.08192
1.0693
1.05559
1.04211
1.03042
1.02281
1.02182
1.029
1.04363
1.06256
1.08152
1.09667
1.10554
1.10725
1.10213
1.09129
1.07603
1.05746
1.03628
1.01315
0.989086
0.965757
0.945215
0.929244
0.918641
0.913092
0.911814
0.914325
0.920535
0.930021
0.94145
0.953085
0.963916
0.974066
0.984158
0.994486
1.00478
1.01467
1.02413
1.03338
1.04243
1.05049
1.05597
1.05705
1.05249
1.04233
1.02829
1.01364
1.0025
0.998277
1.002
1.01184
1.02423
1.03567
1.04419
1.04996
1.05466
1.06002
1.06665
1.07356
1.07889
1.08083
