1.07854
1.07159
1.06091
1.04803
1.03501
1.02405
1.01697
1.01465
1.01675
1.02191
1.02828
1.03405
1.03782
1.03877
1.03675
1.03234
1.02676
1.02157
1.01803
1.01672
1.01736
1.01906
1.02085
1.02202
1.02245
1.02258
1.02322
1.02521
1.0287
1.0327
1.03521
1.03399
1.02758
1.01585
1.00006
0.982406
0.965423
0.951309
0.941495
0.936498
0.936088
0.939649
0.946426
0.955624
0.966392
0.977903
0.989491
1.00071
1.01122
1.02068
1.02875
1.03525
1.04027
1.04415
1.04721
1.04943
1.05056
1.0505
1.0498
1.04961
1.051
1.05421
1.05829
1.06148
1.06177
1.05757
1.04822
1.03431
1.0177
1.00118
0.987681
0.979146
0.975806
0.976248
0.978298
0.979965
0.979962
0.977687
0.972904
0.965739
0.956936
0.948156
0.941688
0.939606
0.942953
0.951393
0.963479
0.977191
0.990534
1.00193
1.01037
1.0155
1.01752
1.01721
1.01581
1.01478
1.01534
1.01823
1.02358
1.03108
1.04021
1.0503
1.06069
1.07081
1.08024
1.0887
1.09573
1.10073
1.10307
1.10242
1.09895
1.09339
1.08668
1.07971
1.07301
1.06668
1.0605
1.0541
1.04716
1.03964
1.03185
1.02446
1.01844
1.0148
1.01425
1.01691
1.02216
1.029
1.03634
1.04338
1.04971
1.05529
1.06033
1.06507
1.06948
1.07318
1.07572
1.07709
1.07787
1.07886
1.08056
1.08313
1.08658
1.091
1.09648
1.1028
1.10907
1.11393
1.11596
1.11408
1.10783
1.09734
1.08333
1.06716
1.0508
1.03664
1.027
1.02361
1.0273
1.03773
1.05358
1.07283
1.09315
1.11228
1.12815
1.139
1.14366
1.14163
1.13313
1.11891
1.10006
1.07786
1.05394
1.03042
1.00999
0.99552
0.989166
0.991594
1.00186
1.01793
1.03725
1.05708
1.07487
1.08859
1.09722
1.10081
1.10031
1.09716
1.09272
1.08811
1.08398
1.08047
1.0771
1.07285
1.06652
1.05732
1.04515
1.03068
1.01511
1.00006
0.987361
0.978676
0.975054
0.97652
0.9821
0.990255
0.999496
1.00892
1.01829
1.0278
1.03767
1.04781
1.05765
1.06608
1.07179
1.07382
1.07194
1.06688
1.05999
1.05258
1.04525
1.03763
1.02877
1.01821
1.00703
0.998197
0.995648
1.00197
1.01647
1.03535
1.05357
1.0665
1.07076
1.06503
1.05073
1.03217
1.01421
0.998968
0.985713
0.973804
0.964211
0.958224
0.956013
0.956593
0.958572
0.960848
0.962906
0.964629
0.96591
0.96633
0.965235
0.962298
0.958189
0.954858
0.95467
0.958849
0.966729
0.976453
0.986374
0.995712
1.00431
1.01209
1.01883
1.0244
1.02922
1.03426
1.04069
1.04913
1.0593
1.07013
1.08014
1.08792
1.09236
1.09276
1.08892
1.081
1.06935
1.0544
1.03674
1.01725
0.997153
0.977882
0.960866
0.947289
0.937971
0.933221
0.932839
0.936109
0.941943
0.94909
0.956351
0.962748
0.967593
0.970634
0.972027
0.972201
0.971638
0.970693
0.969719
0.969291
0.970228
0.973159
0.9781
0.984386
0.991032
0.997181
1.0024
1.00673
1.01045
1.01382
1.01692
1.01943
1.02063
1.01965
1.01588
1.00932
1.00053
0.990529
0.980491
0.971723
0.965593
0.963165
0.964746
0.96969
0.976748
0.984779
0.99322
1.00211
1.01165
1.0217
1.03141
1.03936
1.04427
1.04559
1.04381
1.0403
1.03663
1.03412
1.03357
1.03533
1.03912
1.04365
1.04688
1.04686
1.04298
1.03635
1.0293
1.02428
1.02286
1.0252
1.03032
1.03674
1.04307
1.04823
1.05148
1.05258
1.05228
1.05252
1.05571
1.06336
1.07501
1.08852
1.10105
1.10995
1.11304
1.10889
1.09698
1.07799
1.05414
1.02932
1.0085
0.99572
0.991895
0.994609
1.00023
1.0061
1.01119
1.01579
1.02091
1.02773
1.03711
1.04937
1.06411
1.08024
1.09605
1.10945
1.11819
1.12043
1.11507
1.1022
1.08332
1.0613
1.04007
1.02348
1.01378
1.01055
1.01138
1.01388
1.01721
1.02191
1.02837
1.03594
1.04345
1.05024
1.05626
1.0614
1.06497
1.06574
1.06235
1.05391
1.04046
1.0232
1.00439
0.986854
0.973255
0.965533
0.964492
0.969652
0.979274
0.990713
1.00123
1.00891
1.01323
1.01492
1.0154
1.01622
1.0186
1.02328
1.03012
1.03797
1.04474
1.0481
1.04631
1.03891
1.02706
1.01347
1.00157
0.994189
0.992591
0.996192
1.00336
1.01237
1.02197
1.03135
1.0397
1.04603
1.04929
1.04877
1.04418
1.03576
1.02421
1.0106
0.9962
0.982388
0.970624
0.962398
0.958964
0.960957
0.968002
0.97867
0.990999
1.00337
1.01512
1.02664
1.03915
1.0541
1.07239
1.0939
1.11718
1.13977
1.15869
1.17118
1.1752
1.16968
1.15467
1.1312
1.10101
1.06645
1.03096
0.999744
0.978976
0.972165
0.976857
0.98673
0.996381
1.00354
1.00861
1.01331
1.01937
1.02744
1.03679
1.04567
1.05222
1.05526
1.05477
1.05203
1.04908
1.0479
1.04962
1.05415
1.06065
1.06819
1.07634
1.08498
1.09363
1.101
1.10556
1.10646
1.10371
1.0973
1.08686
1.07223
1.05444
1.03576
1.01885
1.00553
0.996438
0.991594
0.991138
0.995453
1.00467
1.0181
1.03429
1.05151
1.06826
1.08354
1.09664
1.10686
1.11342
1.11557
1.11292
1.10576
1.09526
1.08336
1.07219
1.06355
1.05843
1.05722
1.05986
1.06585
1.07413
1.08314
1.09121
1.09688
1.09921
1.09788
1.09298
1.08495
1.07451
1.06265
1.0507
1.04009
1.03206
1.02751
1.02707
1.03107
1.03934
1.05091
1.06413
1.07709
1.08803
1.09566
1.09919
1.09834
1.0938
1.08809
1.08587
1.09187
1.1067
1.12529
1.14046
1.14714
1.14364
1.13085
1.1111
1.08741
1.06296
1.04074
1.02325
1.01216
1.00805
1.01048
1.0183
1.02985
1.04301
1.05513
1.06343
1.06554
1.06016
1.04747
1.02938
1.00942
0.992156
0.981715
0.980088
0.986515
0.998423
1.01305
1.02835
1.0429
1.05532
1.06412
1.06806
1.06676
1.06103
1.05267
1.04382
1.03624
1.03067
1.0268
1.02363
1.02006
1.01536
1.00946
1.00302
0.99739
0.99436
0.995683
1.00243
1.01442
1.03033
1.04826
1.06645
1.0837
1.09936
1.11308
1.12472
1.13422
1.14161
1.14697
1.1505
1.15252
1.15344
1.15368
1.15357
1.15324
1.15265
1.15155
1.14962
1.14671
1.14285
1.13842
1.13388
1.12949
1.12507
1.12016
1.1141
1.10622
1.09595
1.08283
1.06676
1.04797
1.02716
1.00562
0.985433
0.969427
0.960546
0.960455
0.968433
0.981663
0.996758
1.01107
1.02312
1.03254
1.03976
1.04574
1.05149
1.05758
1.06387
1.06966
1.07409
1.07653
1.07678
1.07496
1.07128
1.06583
1.05876
1.05052
1.04198
1.03449
1.02968
1.02938
1.03509
1.04723
1.06464
1.08468
1.10411
1.12006
1.13054
1.13444
1.13125
1.12123
1.10599
1.08879
1.07354
1.06262
1.0559
1.05189
1.04945
1.0483
1.0484
1.04945
1.05083
1.05208
1.05322
1.0548
1.05776
1.06311
1.07157
1.08311
1.09684
1.11121
1.12448
1.13523
1.14271
1.14695
1.14848
1.14802
1.14614
1.14327
1.13979
1.13608
1.13246
1.12913
1.12619
1.12371
1.12165
1.11972
1.11745
1.11427
1.10968
1.10348
1.0958
1.0872
1.0785
1.07055
1.06387
1.05842
1.05362
1.04862
1.04285
1.03633
1.02971
1.02394
1.01976
1.01728
1.01601
1.01527
1.01478
1.01491
1.01636
1.01969
1.02491
1.03143
1.03833
1.04471
1.04981
1.053
1.05382
1.05186
1.0468
1.03843
1.02689
1.01284
0.997479
0.982585
0.9702
0.962237
0.959894
0.96313
0.970394
0.979016
0.986241
0.990422
0.99134
0.989775
0.986747
0.982967
0.978721
0.974076
0.96919
0.964493
0.960685
0.958563
0.958844
0.962002
0.968193
0.977255
0.988637
1.00135
1.01422
1.02626
1.03689
1.04608
1.05421
1.06179
1.0692
1.07643
1.08315
1.08886
1.09315
1.09582
1.09678
1.09605
1.09369
1.0899
1.08504
1.07974
1.07501
1.07206
1.07188
1.07462
1.07917
1.08355
1.08552
1.08347
1.07681
1.06625
1.05357
1.04113
1.03109
1.02457
1.0214
1.02041
1.02033
1.02038
1.02048
1.02093
1.02209
1.0243
1.02801
1.03397
1.04283
1.05448
1.06754
1.07964
1.08817
1.09111
1.08766
1.07842
1.06522
1.05078
1.03797
1.02901
1.0249
1.0252
1.02829
1.03214
1.03521
1.03696
1.03791
1.03889
1.04041
1.04232
1.04408
1.04512
1.04518
1.04436
1.04316
1.04225
1.04225
1.04361
1.04643
1.05049
1.05552
1.06145
1.06849
1.07693
1.08659
1.09638
1.1042
1.10755
1.10433
1.09345
1.07514
1.05091
1.02355
0.996614
0.973742
0.957594
0.9493
0.948546
0.954125
0.964388
0.977463
0.991401
1.00447
1.01556
1.02443
1.03135
1.03633
1.03861
1.03689
1.03017
1.01841
1.0024
0.983394
0.963106
0.944264
0.931031
0.928101
0.938546
0.961835
0.99386
1.02884
1.06154
1.08833
1.10734
1.11813
1.12145
1.11899
1.11276
1.10441
1.09487
1.08464
1.07415
1.06392
1.05423
1.04488
1.03555
1.02639
1.01831
1.01251
1.00953
1.00901
1.01014
1.01232
1.01514
1.01818
1.021
1.02351
1.02639
1.03097
1.03863
1.05001
1.06455
1.08066
1.09632
1.10988
1.12044
1.12785
1.13238
1.13435
1.13382
1.13052
1.12396
1.11376
1.09983
1.08283
1.0643
1.04665
1.03272
1.02507
1.02501
1.03205
1.04413
1.05845
1.07222
1.08297
1.08865
1.08777
1.07959
1.06438
1.04369
1.0204
0.998192
0.980579
0.969743
0.965944
0.967881
0.97342
0.980374
0.986998
0.992175
0.995457
0.996907
0.996962
0.996247
0.99543
0.995039
0.99527
0.995897
0.996528
0.996964
0.997392
0.998303
1.00011
1.00283
1.00586
1.0082
1.00868
1.00632
1.00075
0.99251
0.98317
0.975097
0.970792
0.972163
0.979996
0.993773
