1.87235
1.85505
1.839
1.82668
1.81935
1.81717
1.81959
1.8254
1.83242
1.83835
1.84205
1.84375
1.84504
1.85054
1.8682
1.90219
1.94467
1.98007
1.99705
1.99395
1.97596
1.95011
1.92242
1.89773
1.88071
1.87604
1.88668
1.91174
1.94594
1.98188
2.0134
2.03743
2.05375
2.06345
2.06694
2.06283
2.04879
2.02412
1.99103
1.95313
1.91396
1.87883
1.8555
1.85014
1.86303
1.88908
1.92123
1.95257
1.97722
1.99159
1.99566
1.9926
1.9862
1.97813
1.96679
1.94893
1.92326
1.89307
1.86648
1.85306
1.85796
1.87884
1.90821
1.93802
1.96234
1.97797
1.98453
1.98369
1.97676
1.96281
1.9405
1.91232
1.88683
1.87514
1.88342
1.90932
1.94443
1.97698
1.99506
1.99161
1.96907
1.93991
1.92097
1.92281
1.94364
1.97378
2.00338
2.02633
2.04073
2.04671
2.04445
2.03421
2.01673
1.99287
1.96653
1.94899
1.95362
1.98137
2.01831
2.04998
2.07241
2.09023
2.10956
2.13276
2.15752
2.17909
2.1921
2.1917
2.17453
2.13957
2.0884
2.02563
1.96009
1.90397
1.86622
1.84936
1.8568
1.88958
1.93455
1.97224
1.99302
1.99941
1.99831
1.9947
1.99123
1.99026
1.99518
2.01041
2.03861
2.07646
2.11464
2.14292
2.15559
2.1529
2.13869
2.11735
2.09167
2.06209
2.02728
1.98622
1.94032
1.89472
1.85806
1.8405
1.84736
1.87265
1.90223
1.92405
1.93407
1.93534
1.93437
1.93731
1.94716
1.96301
1.98111
1.99712
2.00797
2.01296
2.01389
2.01426
2.01789
2.02748
2.04373
2.06538
2.0904
2.11656
2.14054
2.15717
2.16084
2.14808
2.1189
2.07673
2.02732
1.97752
1.93409
1.90183
1.88139
1.87011
1.86626
1.8713
1.88745
1.91403
1.94696
1.98126
2.01307
2.03929
2.05612
2.05876
2.04365
2.01334
1.9798
1.95884
1.95757
1.97008
1.9854
1.99443
1.99102
1.97218
1.93858
1.89447
1.84967
1.82439
1.8422
1.90191
1.97422
2.03268
2.06784
2.08133
2.07932
2.07026
2.06366
2.06665
2.0795
2.09556
2.10646
2.10803
2.10249
2.09561
2.09069
2.08627
2.07952
2.06968
2.05741
2.04312
2.02654
2.00708
1.98404
1.95678
1.92575
1.89393
1.86738
1.85251
1.85204
1.86455
1.88709
1.91631
1.94772
1.97568
1.99454
2.0005
1.99293
1.97517
1.95393
1.93693
1.92901
1.92959
1.93399
1.93755
1.93839
1.93684
1.9337
1.93052
1.93117
1.93976
1.95566
1.97392
1.99054
2.00389
2.01228
2.01192
1.9981
1.96837
1.92541
1.87736
1.8355
1.81015
1.80696
1.82462
1.85494
1.88641
1.90973
1.92222
1.92749
1.92987
1.92928
1.92262
1.90894
1.89133
1.87542
1.86749
1.87243
1.89087
1.91787
1.94498
1.96483
1.97409
1.973
1.96393
1.95085
1.93775
1.92529
1.91021
1.88897
1.86167
1.83279
1.80909
1.79679
1.8001
1.81949
1.85011
1.88315
1.90985
1.92501
1.92863
1.92526
1.92103
1.91918
1.91911
1.92023
1.92382
1.9297
1.9343
1.93319
1.92318
1.90269
1.87248
1.83697
1.80349
1.77845
1.76556
1.76828
1.78853
1.82206
1.86031
1.89641
1.92725
1.95219
1.9717
1.98581
1.99276
1.99031
1.9787
1.96138
1.94256
1.92506
1.91109
1.9031
1.90275
1.90982
1.92245
1.93782
1.95317
1.96691
1.97836
1.98633
1.98865
1.98403
1.97457
1.96585
1.96437
1.97354
1.9914
2.01208
2.02914
2.03752
2.0341
2.01834
1.99333
1.96552
1.94232
1.92881
1.92592
1.93106
1.93866
1.94088
1.93075
1.90677
1.8754
1.8491
1.83833
1.84225
1.8497
1.84937
1.83759
1.81976
1.80696
1.80828
1.82409
1.84784
1.87434
1.90361
1.93747
1.97527
2.0127
2.04407
2.06596
2.0797
2.09014
2.10174
2.11557
2.12973
2.14167
2.14937
2.15041
2.14112
2.1176
2.0785
2.02794
1.97586
1.93353
1.90667
1.89197
1.88081
1.86673
1.85021
1.83704
1.8333
1.84155
1.86057
1.88735
1.91861
1.95108
1.98114
2.00541
2.02275
2.03472
2.04386
2.05242
2.0625
2.07589
2.09376
2.11554
2.1372
2.15146
2.15242
2.14055
2.12243
2.10572
2.09412
2.08639
2.07874
2.06705
2.04831
2.02138
1.98772
1.95163
1.91936
1.89701
1.88765
1.8904
1.90271
1.92349
1.9537
1.994
2.04188
2.09126
2.13502
2.16775
2.18694
2.19284
2.1876
2.17442
2.15661
2.13675
2.11562
2.09183
2.06265
2.02602
1.98316
1.94023
1.90663
1.8894
1.8893
1.90285
1.92613
1.95574
1.98893
2.02403
2.05867
2.08762
2.10366
2.10124
2.07946
2.04307
2.0017
1.96586
1.94056
1.92345
1.90998
1.89807
1.88757
1.87774
1.86771
1.85805
1.84906
1.83847
1.82369
1.80577
1.7893
1.77942
1.77986
1.79315
1.82063
1.86152
1.91294
1.96961
2.0232
2.06444
2.08647
2.08659
2.06547
2.02567
1.97057
1.90546
1.84044
1.79068
1.76805
1.77171
1.7905
1.8118
1.82799
1.83881
1.84902
1.86326
1.8823
1.90366
1.92456
1.94349
1.9598
1.97339
1.98603
2.00169
2.02334
2.04933
2.07443
2.09344
2.10245
2.09768
2.07521
2.03282
1.97372
1.90952
1.8571
1.82748
1.81875
1.82216
1.83072
1.84256
1.85931
1.8806
1.90062
1.91199
1.91141
1.90193
1.89115
1.88659
1.89085
1.90047
1.90909
1.91164
1.90754
1.90133
1.89971
1.90623
1.91791
1.92702
1.92677
1.91614
1.90066
1.8889
1.88657
1.89384
1.9072
1.92234
1.93546
1.94397
1.94688
1.94435
1.93703
1.92548
1.91076
1.89522
1.88276
1.87743
1.88098
1.89148
1.90575
1.92257
1.94143
1.95894
1.96978
1.97058
1.96124
1.94433
1.92512
1.91164
1.91339
1.93682
1.98026
2.03392
2.08568
2.12629
2.15085
2.15802
2.14833
2.12293
2.08479
2.04119
2.00262
1.97652
1.96306
1.95697
1.95163
1.94175
1.9266
1.91402
1.91909
1.94991
1.99724
2.04369
2.07749
2.09695
2.10629
2.10858
2.10318
2.08821
2.06296
2.02769
1.9826
1.92705
1.8605
1.78584
1.71481
1.67173
1.68103
1.74026
1.81906
1.88777
1.93332
1.95512
1.95767
1.94697
1.92949
1.91115
1.89628
1.88696
1.88264
1.88001
1.87416
1.86084
1.83921
1.81423
1.79623
1.79473
1.81058
1.83649
1.86439
1.89011
1.913
1.93403
1.95507
1.97949
2.01097
2.0492
2.08824
2.12066
2.14189
2.15099
2.15002
2.14366
2.13736
2.13402
2.13223
2.12745
2.11469
2.09069
2.05524
2.01229
1.96969
1.93646
1.91763
1.91115
1.91024
1.90868
1.90337
1.89251
1.87492
1.85317
1.83654
1.83629
1.85636
1.89092
1.92984
1.96486
1.99259
2.01332
2.02762
2.03438
2.0318
2.01986
2.00178
1.98301
1.96882
1.96277
1.96707
1.98275
2.00835
2.03836
2.06399
2.07662
2.07241
2.05491
2.03368
2.01854
2.01362
2.01608
2.0193
2.01718
2.0064
1.98641
1.95877
1.92753
1.89962
1.88293
1.88234
1.8977
1.92526
1.96014
1.99757
2.03277
2.06069
2.07663
2.07827
2.06696
2.04653
2.02122
1.9951
1.97289
1.95901
1.95463
1.95616
1.9574
1.95331
1.9421
1.92496
1.90532
1.88837
1.87985
1.8832
1.89696
1.91511
1.92983
1.93469
1.92693
1.90932
1.88977
1.87635
1.87
1.86534
1.85778
1.84609
1.82984
1.80845
1.78335
1.76036
1.74998
1.76348
1.80545
1.86902
1.93933
2.00235
2.05085
2.08443
2.10536
2.11449
2.11046
2.09179
2.05916
2.01638
1.97078
1.93459
1.92123
1.93333
1.95837
1.98101
1.99294
1.99199
1.97779
1.94826
1.9017
1.85127
1.83286
1.85793
1.89035
1.90345
1.89934
1.89107
1.89109
1.90527
1.92954
1.95355
1.96933
1.97644
1.98058
1.98904
2.00631
2.03253
2.06423
2.09597
2.12153
2.13444
2.12922
2.10512
2.07108
2.04385
2.03374
2.03384
2.02907
2.01042
1.97867
1.94082
1.90534
1.87801
1.85983
1.84863
1.84223
1.83911
1.83705
1.8342
1.8329
1.8386
1.85237
1.86902
1.88535
1.90413
1.92786
1.95401
1.97743
1.99369
2.00041
1.99971
2.00146
2.0181
2.05048
2.08712
2.11734
2.13651
2.14438
2.1429
2.13269
2.11113
2.07488
2.02313
1.95941
1.89091
1.82668
1.77617
1.74801
1.74717
1.77181
1.8133
1.8596
1.90026
1.93004
1.94915
1.96007
1.96365
1.95875
1.94438
1.92055
1.88875
1.85452
1.82829
1.82023
1.83138
1.85156
1.86762
1.87295
1.86921
1.86107
1.85168
1.84348
1.83973
1.8424
1.84992
1.85815
1.8636
1.86531
1.86499
1.86601
1.87192
1.88443
1.90276
1.92499
1.94983
1.97648
2.00319
2.0268
2.04354
2.05093
2.04979
2.04432
2.03968
2.03854
2.03981
2.04087
2.04055
2.04021
2.04233
2.04833
2.05732
2.06628
2.07106
2.06809
2.05634
2.03866
2.02117
2.01
2.00699
2.00832
2.00757
1.99991
1.9845
1.96558
1.95211
1.95117
1.95889
1.96377
1.95811
1.94278
1.92447
1.91037
1.90337
1.90116
1.89956
1.89652
1.89362
1.89416
1.89982
1.90885
1.91701
1.92012
1.91643
1.90814
1.90099
1.9014
1.91224
1.93065
1.95035
1.9661
1.97637
1.98201
1.98329
1.97986
1.97249
1.96254
1.95108
1.94003
1.93257
1.93113
1.9355
1.9432
1.95141
1.95905
1.96788
1.98135
2.00126
2.02495
2.0464
2.06056
2.06638
2.06567
2.05982
2.048
2.02901
2.00391
1.97665
1.9525
1.9361
1.9302
1.93545
1.95055
1.97217
1.99546
2.01599
2.03112
2.03943
2.03979
2.03155
2.01491
1.99052
1.959
1.9217
1.88167
1.84401
1.81492
1.79926
1.7977
1.80682
1.82154
1.83665
1.84702
1.84864
1.84084
1.82801
1.819
1.8224
1.8414
1.87335
1.91237
