0
0.000651874
0.000492163
0.00124098
0.000801055
0.000565013
0.000421343
0.000322884
0.000283909
0.000270974
0.000536593
0.000454497
0.000402172
0.00043752
0.000404768
0.000356636
0.000371333
0.000332565
0.000299815
0.00027081
0.000245636
0.000250356
0.000230247
0.000218282
0.000202622
0.000187419
0.000186195
0.000178115
0.000167129
0.00017146
0.000162825
0.00016139
0.000155376
0.000146839
0.000138689
0.000132397
0.000127303
0.000130681
0.000127972
0.000131642
0.00013044
0.000126126
0.000134046
0.000128099
0.00012693
0.000128411
0.000123014
0.000118304
0.000120469
0.000115956
0.000114571
0.000111813
0.000110573
0.00010998
0.000107192
0.000104227
0.000100982
9.83315e-05
9.503e-05
9.66164e-05
9.34788e-05
9.29362e-05
9.61152e-05
9.39093e-05
9.38204e-05
9.43756e-05
9.43493e-05
9.28219e-05
9.02103e-05
8.80748e-05
8.64056e-05
8.41368e-05
8.25708e-05
8.06838e-05
7.92527e-05
8.0752e-05
8.04136e-05
7.83697e-05
7.72705e-05
7.59141e-05
7.54869e-05
7.50876e-05
7.35072e-05
7.39294e-05
7.28209e-05
7.13461e-05
7.11411e-05
7.08962e-05
6.93178e-05
6.86826e-05
6.79987e-05
6.65398e-05
6.54691e-05
6.42268e-05
6.28831e-05
6.16726e-05
6.06574e-05
5.96259e-05
5.93451e-05
5.93861e-05
