1.83454
1.87064
1.88807
1.92392
1.921
1.92424
1.92693
1.92751
1.9332
1.93995
1.9585
1.95651
1.96053
1.97042
1.96539
1.96636
1.97403
1.97284
1.97402
1.97353
1.97348
1.97875
1.97987
1.9772
1.97597
1.97568
1.97209
1.96981
1.96875
1.96478
1.96325
1.96028
1.95834
1.95765
1.958
1.95916
1.95774
1.95454
1.95654
1.95974
1.95744
1.95881
1.96256
1.96284
1.96498
1.96764
1.96754
1.96815
1.96548
1.96497
1.96319
1.96191
1.96364
1.96176
1.96067
1.95975
1.95912
1.95822
1.95816
1.96035
1.96029
1.96187
1.95938
1.95849
1.95681
1.95866
1.96034
1.95922
1.95947
1.96012
1.96102
1.96068
1.96154
1.96096
1.96011
1.95821
1.95954
1.95947
1.95853
1.95929
1.96049
1.95929
1.95882
1.9603
1.9595
1.95904
1.95784
1.95667
1.95675
1.9577
1.95861
1.95871
1.95812
1.95774
1.95777
1.95808
1.95858
1.95903
1.95807
1.95696
