0
7.00811e-09
2.12347e-08
5.43354e-08
4.34481e-08
3.70741e-08
3.65434e-08
2.98519e-08
2.36211e-08
1.91794e-08
1.64775e-08
1.93033e-08
1.66733e-08
1.47463e-08
1.43606e-08
1.26348e-08
1.12961e-08
1.31737e-08
1.36647e-08
1.23602e-08
1.12124e-08
1.02164e-08
1.02651e-08
9.49582e-09
8.7589e-09
1.04195e-08
9.7358e-09
9.15458e-09
8.94805e-09
8.76747e-09
8.24244e-09
8.23304e-09
8.04173e-09
7.57565e-09
7.60679e-09
7.22747e-09
6.84207e-09
6.92478e-09
7.14812e-09
7.09549e-09
7.00207e-09
6.80523e-09
6.59596e-09
6.32967e-09
6.09139e-09
6.20627e-09
5.94723e-09
5.71019e-09
5.54462e-09
5.34149e-09
5.13409e-09
5.0086e-09
4.86264e-09
4.78524e-09
4.61379e-09
4.91357e-09
4.87964e-09
4.82185e-09
4.6609e-09
4.58396e-09
4.44884e-09
4.46822e-09
4.37079e-09
4.33666e-09
4.24868e-09
4.12209e-09
4.00012e-09
3.89019e-09
3.78908e-09
3.75986e-09
3.65493e-09
3.55484e-09
3.46041e-09
3.63791e-09
3.64782e-09
3.58364e-09
3.51357e-09
3.50144e-09
3.52655e-09
3.50948e-09
3.43679e-09
3.37269e-09
3.29355e-09
3.21676e-09
3.15434e-09
3.15388e-09
3.10281e-09
3.06026e-09
3.0357e-09
2.96977e-09
3.01599e-09
3.1291e-09
3.08329e-09
3.04134e-09
2.98384e-09
3.01309e-09
3.20655e-09
3.16178e-09
3.13181e-09
3.06995e-09
