0.0159486
0.0158302
0.0156653
0.0159031
0.0160072
0.0160982
0.0162024
0.0162487
0.0162425
0.0162353
0.016209
0.0161319
0.0161162
0.0161362
0.0161765
0.0161802
0.0161907
0.016248
0.0162039
0.0161985
0.0161973
0.0161971
0.0162281
0.0162196
0.0162168
0.0162659
0.0162747
0.016285
0.0163057
0.0163262
0.0163205
0.0162978
0.0162802
0.0162801
0.0162584
0.0162522
0.0162522
0.016231
0.0162068
0.0161892
0.0162052
0.0162168
0.0162271
0.0162327
0.0162263
0.0162067
0.0162051
0.016208
0.0162162
0.0162203
0.0162201
0.0162117
0.0162182
0.0162283
0.0162273
0.0162056
0.0161938
0.0161833
0.0161822
0.0161911
0.0161948
0.016182
0.0161886
0.0161988
0.0161921
0.016191
0.0161906
0.0161932
0.0161965
0.0161876
0.0161881
0.016189
0.0161874
0.0161709
0.0161605
0.0161661
0.0161709
0.016162
0.0161513
0.0161429
0.0161466
0.0161422
0.0161409
0.0161398
0.0161362
0.0161447
0.0161401
0.0161454
0.0161521
0.0161531
0.0161637
0.0161772
0.0161818
0.0161866
0.0161841
0.0161746
0.0161585
0.016154
0.0161481
0.0161474
