0.0165412
0.016682
0.0168719
0.0169884
0.0170334
0.0171364
0.0172253
0.0173143
0.017393
0.0174641
0.0175351
0.0175975
0.0176419
0.0176784
0.0177194
0.0177608
0.0177731
0.0178114
0.0178503
0.0178866
0.0179031
0.0179179
0.0179332
0.017949
0.0179636
0.0179765
0.0179843
0.0179799
0.017985
0.0179894
0.0179942
0.0179946
0.018
0.0180056
0.0180099
0.0180138
0.0180189
0.0180225
0.0180313
0.0180334
0.0180372
0.0180488
0.0180623
0.018075
0.018088
0.0180914
0.0180976
0.0181087
0.0181177
0.0181233
0.0181309
0.0181371
0.0181462
0.0181524
0.0181546
0.0181619
0.018171
0.0181845
0.0181955
0.0181981
0.0182055
0.0182175
0.0182264
0.0182312
0.0182369
0.0182447
0.0182498
0.0182543
0.0182597
0.0182679
0.0182769
0.0182856
0.0182951
0.0183035
0.0183138
0.0183249
0.0183357
0.0183462
0.0183551
0.0183604
0.0183671
0.018374
0.0183814
0.0183882
0.0183934
0.0183979
0.0184039
0.0184082
0.0184061
0.0184076
0.018412
0.018416
0.0184163
0.0184173
0.0184193
0.0184174
0.0184141
0.0184127
0.0184105
0.0184083
