0
1.08944e-07
4.73078e-07
2.71364e-07
1.94011e-07
1.49459e-07
1.11686e-07
8.56215e-08
6.776e-08
5.56527e-08
4.78423e-08
4.0262e-08
3.52667e-08
3.06823e-08
2.84462e-08
2.87918e-08
2.65511e-08
2.44287e-08
2.19324e-08
2.3183e-08
2.11566e-08
2.10456e-08
2.12096e-08
2.03882e-08
1.87978e-08
1.73811e-08
1.63571e-08
1.55921e-08
1.53143e-08
1.43758e-08
1.3521e-08
1.27976e-08
1.20506e-08
1.14456e-08
1.08337e-08
1.0444e-08
9.91077e-09
1.00599e-08
9.563e-09
9.17259e-09
9.08375e-09
8.67283e-09
8.28248e-09
8.00025e-09
7.72553e-09
7.42781e-09
7.12959e-09
6.8859e-09
6.6468e-09
6.48992e-09
6.24601e-09
6.07209e-09
5.89688e-09
5.85397e-09
5.64616e-09
5.46867e-09
5.38992e-09
5.45624e-09
5.47806e-09
5.4065e-09
5.23347e-09
5.34093e-09
5.18045e-09
5.04457e-09
4.89057e-09
4.79982e-09
4.6607e-09
4.61675e-09
4.48668e-09
4.54411e-09
4.41782e-09
4.36115e-09
4.32194e-09
4.23329e-09
4.14146e-09
4.05363e-09
3.95032e-09
3.85538e-09
3.76064e-09
3.67028e-09
3.58071e-09
3.53539e-09
3.45194e-09
3.37037e-09
3.37678e-09
3.30465e-09
3.2531e-09
3.24397e-09
3.17672e-09
3.10653e-09
3.09919e-09
3.0363e-09
2.97907e-09
2.923e-09
2.86256e-09
2.84434e-09
2.79584e-09
2.74518e-09
2.79446e-09
2.74139e-09
