0
9.91585e-09
2.84552e-08
2.61825e-08
1.83779e-08
2.15969e-08
2.26476e-08
2.42719e-08
2.46741e-08
2.45407e-08
2.48579e-08
2.44612e-08
2.266e-08
2.0781e-08
1.96714e-08
1.88967e-08
1.68804e-08
1.64438e-08
1.61924e-08
1.58654e-08
1.46484e-08
1.35558e-08
1.26284e-08
1.1836e-08
1.11115e-08
1.0433e-08
9.73416e-09
9.06982e-09
8.4802e-09
7.94248e-09
7.46125e-09
7.00231e-09
6.6125e-09
6.26042e-09
5.92569e-09
5.61583e-09
5.34186e-09
5.07653e-09
4.89528e-09
4.65792e-09
4.44763e-09
4.37058e-09
4.34583e-09
4.3082e-09
4.28467e-09
4.11208e-09
3.9764e-09
3.93164e-09
3.85249e-09
3.73096e-09
3.64191e-09
3.54201e-09
3.49014e-09
3.39994e-09
3.28194e-09
3.21906e-09
3.18731e-09
3.25975e-09
3.2678e-09
3.16661e-09
3.11663e-09
3.15858e-09
3.13764e-09
3.06286e-09
3.00108e-09
2.9712e-09
2.90861e-09
2.84434e-09
2.79049e-09
2.77824e-09
2.78111e-09
2.77835e-09
2.79197e-09
2.78551e-09
2.81691e-09
2.86435e-09
2.90551e-09
2.94107e-09
2.94464e-09
2.90009e-09
2.87299e-09
2.85036e-09
2.83663e-09
2.81461e-09
2.77551e-09
2.73166e-09
2.7045e-09
2.66123e-09
2.60588e-09
2.55056e-09
2.51345e-09
2.4754e-09
2.4225e-09
2.37224e-09
2.32649e-09
2.28165e-09
2.24565e-09
2.20197e-09
2.16268e-09
2.12445e-09
