0.0108102
0.011277
0.0120751
0.0121589
0.0119994
0.0118665
0.0119133
0.011902
0.0119131
0.0119423
0.0119873
0.0119792
0.0119469
0.0119641
0.0119212
0.0119848
0.0120181
0.01199
0.0119928
0.0119331
0.0119447
0.0119878
0.012033
0.0120022
0.0119993
0.011998
0.0119823
0.0119623
0.0119907
0.0119825
0.0119902
0.0119797
0.0119755
0.0119853
0.0119795
0.011965
0.0119601
0.0119862
0.0119826
0.0119918
0.0119727
0.0119769
0.0119739
0.0119643
0.0119732
0.0119791
0.011983
0.0119902
0.0119838
0.0119943
0.0119914
0.0119833
0.011976
0.0119893
0.0119876
0.0119828
0.0119934
0.0119775
0.0119919
0.0120025
0.0120008
0.0119841
0.0119869
0.0119919
0.011992
0.0119845
0.0119827
0.0119924
0.0119907
0.011977
0.0119779
0.011986
0.0119771
0.0119823
0.0119869
0.0119914
0.0119903
0.0119879
0.0119864
0.0119846
0.0119853
0.0119918
0.0119907
0.0119911
0.0119818
0.0119793
0.0119842
0.0119923
0.0119946
0.0119945
0.0119867
0.0119887
0.0119915
0.0119888
0.0119897
0.0119962
0.011993
0.0119905
0.0119803
0.0119819
