0
9.9225e-09
2.84588e-08
2.61804e-08
1.83786e-08
2.16001e-08
2.26549e-08
2.4285e-08
2.46912e-08
2.45578e-08
2.48756e-08
2.4479e-08
2.26775e-08
2.07977e-08
1.96877e-08
1.89127e-08
1.68953e-08
1.64594e-08
1.62087e-08
1.58816e-08
1.4664e-08
1.3571e-08
1.2643e-08
1.18501e-08
1.11249e-08
1.04459e-08
9.74643e-09
9.08108e-09
8.49089e-09
7.95262e-09
7.47087e-09
7.01135e-09
6.62112e-09
6.26874e-09
5.93364e-09
5.62344e-09
5.34925e-09
5.08368e-09
4.90234e-09
4.6647e-09
4.45417e-09
4.37712e-09
4.35249e-09
4.31485e-09
4.29128e-09
4.11846e-09
3.98255e-09
3.93754e-09
3.85819e-09
3.73648e-09
3.64725e-09
3.54716e-09
3.49513e-09
3.40473e-09
3.28654e-09
3.22341e-09
3.19147e-09
3.26383e-09
3.27176e-09
3.17042e-09
3.12029e-09
3.16212e-09
3.14101e-09
3.06613e-09
3.00427e-09
2.9743e-09
2.9116e-09
2.8472e-09
2.79323e-09
2.7808e-09
2.78349e-09
2.7805e-09
2.7939e-09
2.78726e-09
2.81853e-09
2.86588e-09
2.90695e-09
2.9424e-09
2.9459e-09
2.90131e-09
2.87416e-09
2.85149e-09
2.83769e-09
2.8156e-09
2.77644e-09
2.73254e-09
2.70533e-09
2.66201e-09
2.60665e-09
2.55132e-09
2.51421e-09
2.47615e-09
2.42324e-09
2.37298e-09
2.32723e-09
2.28236e-09
2.2463e-09
2.20259e-09
2.16325e-09
2.12496e-09
