0
6.28328e-09
2.05689e-08
5.36817e-08
4.34024e-08
3.7665e-08
3.6969e-08
3.02479e-08
2.39324e-08
1.94741e-08
1.68638e-08
1.98714e-08
1.71929e-08
1.51834e-08
1.46503e-08
1.28869e-08
1.15282e-08
1.35336e-08
1.39616e-08
1.26343e-08
1.14605e-08
1.04424e-08
1.05218e-08
9.71065e-09
8.954e-09
1.07052e-08
1.00309e-08
9.44684e-09
9.24406e-09
9.04658e-09
8.49974e-09
8.49032e-09
8.27309e-09
7.79365e-09
7.80246e-09
7.41274e-09
7.01746e-09
7.09004e-09
7.29847e-09
7.23228e-09
7.13285e-09
6.93376e-09
6.70845e-09
6.42946e-09
6.19926e-09
6.34022e-09
6.07887e-09
5.83249e-09
5.65335e-09
5.44145e-09
5.23052e-09
5.10369e-09
4.95305e-09
4.87139e-09
4.69718e-09
4.9993e-09
4.95767e-09
4.89494e-09
4.73134e-09
4.65222e-09
4.51488e-09
4.53396e-09
4.43664e-09
4.40459e-09
4.31635e-09
4.18783e-09
4.06391e-09
3.95233e-09
3.85072e-09
3.81574e-09
3.70939e-09
3.60789e-09
3.5128e-09
3.69475e-09
3.70866e-09
3.63922e-09
3.56623e-09
3.55464e-09
3.57745e-09
3.55548e-09
3.48327e-09
3.41545e-09
3.33501e-09
3.25782e-09
3.19667e-09
3.19008e-09
3.14214e-09
3.09584e-09
3.07092e-09
3.00451e-09
3.05382e-09
3.16912e-09
3.12255e-09
3.08211e-09
3.02276e-09
3.05029e-09
3.24186e-09
3.19806e-09
3.17214e-09
3.10996e-09
