-0.0597155
-0.0601859
-0.0609827
-0.0610605
-0.0609005
-0.0607612
-0.0608067
-0.0607997
-0.0608149
-0.0608473
-0.0608924
-0.0608858
-0.0608542
-0.0608725
-0.0608309
-0.0608955
-0.0609308
-0.0609033
-0.0609046
-0.0608446
-0.0608559
-0.0608996
-0.0609446
-0.0609149
-0.0609124
-0.0609117
-0.0608971
-0.0608775
-0.060906
-0.0608976
-0.0609049
-0.0608934
-0.060889
-0.0608992
-0.0608937
-0.0608792
-0.060874
-0.0608998
-0.0608961
-0.0609057
-0.060886
-0.0608897
-0.0608862
-0.0608766
-0.060886
-0.0608925
-0.0608962
-0.0609036
-0.0608971
-0.0609073
-0.0609047
-0.0608971
-0.0608898
-0.0609034
-0.0609019
-0.0608966
-0.0609071
-0.060891
-0.0609057
-0.0609161
-0.060914
-0.0608973
-0.0608995
-0.0609047
-0.0609049
-0.0608977
-0.0608956
-0.060905
-0.0609033
-0.0608899
-0.0608912
-0.0608999
-0.0608907
-0.060896
-0.0609012
-0.0609062
-0.0609051
-0.0609023
-0.0609002
-0.0608983
-0.060899
-0.0609055
-0.0609039
-0.060904
-0.0608947
-0.0608921
-0.0608972
-0.0609057
-0.0609082
-0.0609083
-0.0609005
-0.0609026
-0.0609055
-0.0609025
-0.0609032
-0.0609096
-0.0609065
-0.0609042
-0.0608939
-0.0608953
