0
1.10635e-07
4.72447e-07
2.70292e-07
1.93465e-07
1.50535e-07
1.12376e-07
8.60811e-08
6.82215e-08
5.61994e-08
4.83004e-08
4.06264e-08
3.55385e-08
3.09536e-08
2.85748e-08
2.90216e-08
2.68855e-08
2.46999e-08
2.21702e-08
2.3434e-08
2.1378e-08
2.13001e-08
2.14254e-08
2.05238e-08
1.89208e-08
1.74938e-08
1.64298e-08
1.56467e-08
1.53736e-08
1.44353e-08
1.35711e-08
1.28631e-08
1.21145e-08
1.15139e-08
1.08953e-08
1.0501e-08
9.96806e-09
1.01015e-08
9.60359e-09
9.21964e-09
9.15707e-09
8.73994e-09
8.35025e-09
8.06466e-09
7.79718e-09
7.50268e-09
7.20018e-09
6.95674e-09
6.71719e-09
6.55284e-09
6.30477e-09
6.12134e-09
5.94506e-09
5.90976e-09
5.69924e-09
5.5248e-09
5.44151e-09
5.50988e-09
5.53692e-09
5.45965e-09
5.28633e-09
5.39158e-09
5.22635e-09
5.09101e-09
4.93563e-09
4.83923e-09
4.70019e-09
4.65017e-09
4.5191e-09
4.56656e-09
4.44027e-09
4.39348e-09
4.3569e-09
4.26698e-09
4.18083e-09
4.09616e-09
3.99168e-09
3.89766e-09
3.80386e-09
3.7129e-09
3.62226e-09
3.57624e-09
3.49307e-09
3.4104e-09
3.41654e-09
3.34411e-09
3.29317e-09
3.28959e-09
3.22269e-09
3.15148e-09
3.14277e-09
3.0794e-09
3.0218e-09
2.96671e-09
2.90499e-09
2.886e-09
2.83632e-09
2.78405e-09
2.83411e-09
2.77972e-09
