-0.00108731
-0.00122818
-0.00141811
-0.00153457
-0.00157962
-0.0016826
-0.00177157
-0.00186063
-0.00193931
-0.00201047
-0.00208145
-0.00214392
-0.00218832
-0.00222492
-0.00226594
-0.00230737
-0.00231966
-0.00235801
-0.00239695
-0.00243327
-0.00244976
-0.00246458
-0.00247997
-0.00249575
-0.00251033
-0.00252324
-0.00253113
-0.00252676
-0.00253188
-0.00253624
-0.00254112
-0.00254145
-0.00254685
-0.00255253
-0.00255684
-0.00256075
-0.00256589
-0.00256943
-0.00257827
-0.0025804
-0.00258422
-0.00259587
-0.00260931
-0.00262203
-0.00263506
-0.00263852
-0.00264471
-0.00265574
-0.00266477
-0.0026704
-0.00267794
-0.00268424
-0.0026933
-0.00269951
-0.00270165
-0.00270901
-0.00271804
-0.00273163
-0.00274257
-0.0027452
-0.00275254
-0.00276454
-0.00277347
-0.00277825
-0.00278393
-0.00279176
-0.00279684
-0.00280141
-0.00280674
-0.00281497
-0.00282401
-0.00283266
-0.00284216
-0.00285048
-0.0028608
-0.00287188
-0.00288267
-0.00289321
-0.00290207
-0.00290745
-0.00291413
-0.00292103
-0.00292845
-0.00293521
-0.0029404
-0.00294494
-0.00295091
-0.00295515
-0.00295311
-0.00295463
-0.00295897
-0.00296303
-0.00296326
-0.00296428
-0.00296627
-0.00296443
-0.00296113
-0.00295975
-0.00295752
-0.00295533
