-0.0457054
-0.0455933
-0.04543
-0.045667
-0.0457733
-0.0458683
-0.0459725
-0.0460196
-0.0460135
-0.0460036
-0.0459745
-0.0458956
-0.0458788
-0.0458985
-0.0459375
-0.0459409
-0.0459519
-0.0460105
-0.0459668
-0.0459608
-0.0459598
-0.04596
-0.0459918
-0.0459848
-0.0459826
-0.0460328
-0.0460432
-0.0460544
-0.0460756
-0.0460962
-0.0460909
-0.0460679
-0.0460506
-0.0460508
-0.0460293
-0.0460231
-0.0460231
-0.0460019
-0.0459777
-0.0459604
-0.0459764
-0.0459882
-0.045998
-0.0460028
-0.0459954
-0.045975
-0.0459726
-0.0459747
-0.0459823
-0.0459858
-0.0459852
-0.0459766
-0.045983
-0.0459931
-0.0459919
-0.0459701
-0.0459585
-0.0459481
-0.0459471
-0.045956
-0.0459597
-0.0459469
-0.0459536
-0.045964
-0.0459571
-0.045956
-0.0459556
-0.0459583
-0.0459618
-0.0459531
-0.0459537
-0.0459547
-0.0459529
-0.0459362
-0.0459255
-0.0459308
-0.0459354
-0.0459264
-0.0459158
-0.0459075
-0.0459114
-0.0459073
-0.0459062
-0.0459048
-0.0459009
-0.0459092
-0.0459042
-0.0459092
-0.0459158
-0.0459171
-0.0459278
-0.0459414
-0.045946
-0.0459511
-0.0459488
-0.0459393
-0.0459232
-0.0459185
-0.0459123
-0.0459113
