0.0154539
0.0154538
0.0154538
0.0154538
0.0154538
0.0154538
0.0154537
0.0154537
0.0154537
0.0154536
0.0154536
0.0154536
0.0154535
0.0154535
0.0154535
0.0154535
0.0154534
0.0154534
0.0154534
0.0154534
0.0154533
0.0154533
0.0154533
0.0154533
0.0154532
0.0154532
0.0154532
0.0154532
0.0154532
0.0154531
0.0154531
0.0154531
0.0154531
0.0154531
0.0154531
0.0154531
0.015453
0.015453
0.015453
0.015453
0.015453
0.015453
0.0154529
0.0154529
0.0154529
0.0154529
0.0154529
0.0154529
0.0154529
0.0154529
0.0154529
0.0154529
0.0154529
0.0154529
0.0154529
0.0154529
0.0154529
0.0154529
0.0154529
0.0154529
0.0154529
0.0154529
0.0154529
0.0154529
0.0154529
0.0154529
0.0154529
0.0154529
0.0154529
0.0154529
0.0154529
0.015453
0.015453
0.015453
0.015453
0.015453
0.015453
0.015453
0.015453
0.015453
0.015453
0.015453
0.015453
0.015453
0.015453
0.015453
0.015453
0.015453
0.015453
0.015453
0.015453
0.015453
0.015453
0.015453
0.015453
0.015453
0.015453
0.015453
0.015453
0.0154529
