0
6.5123e-12
4.02159e-12
2.84898e-11
1.84737e-11
4.70793e-11
3.59823e-11
4.33746e-11
5.00021e-11
4.92787e-11
4.07315e-11
3.63201e-11
3.1345e-11
2.81938e-11
2.63004e-11
2.40014e-11
2.51094e-11
2.26461e-11
2.22349e-11
2.0164e-11
1.83672e-11
1.71242e-11
1.57051e-11
1.55407e-11
1.44552e-11
1.37189e-11
1.38493e-11
1.29897e-11
1.21321e-11
1.13958e-11
1.08153e-11
1.08786e-11
1.02994e-11
9.87181e-12
9.37645e-12
8.86468e-12
8.49917e-12
8.11862e-12
7.72831e-12
7.55511e-12
7.7455e-12
7.50814e-12
7.51081e-12
7.17358e-12
7.16848e-12
7.1242e-12
6.84719e-12
6.61294e-12
6.38194e-12
6.18177e-12
6.04458e-12
6.03367e-12
5.81103e-12
5.7211e-12
5.5584e-12
5.60626e-12
5.42637e-12
5.25519e-12
5.1377e-12
5.00063e-12
4.98591e-12
4.82662e-12
5.08488e-12
4.96438e-12
4.81952e-12
4.75963e-12
4.72492e-12
4.65444e-12
4.52062e-12
4.50617e-12
4.46968e-12
4.73824e-12
4.64727e-12
4.52353e-12
4.86449e-12
4.93218e-12
4.80587e-12
4.82948e-12
5.02365e-12
4.91585e-12
4.7954e-12
4.67972e-12
4.78786e-12
4.76371e-12
4.65357e-12
4.56147e-12
4.48043e-12
4.53329e-12
4.51215e-12
4.44051e-12
4.3441e-12
4.26287e-12
4.18128e-12
4.20578e-12
4.17909e-12
4.09256e-12
4.01121e-12
3.9573e-12
3.88354e-12
3.83714e-12
