-0.0297568
-0.0297631
-0.0297647
-0.0297639
-0.0297661
-0.0297701
-0.0297701
-0.0297709
-0.0297711
-0.0297683
-0.0297655
-0.0297638
-0.0297626
-0.0297623
-0.0297611
-0.0297607
-0.0297611
-0.0297625
-0.0297628
-0.0297623
-0.0297625
-0.0297629
-0.0297638
-0.0297652
-0.0297658
-0.0297669
-0.0297685
-0.0297694
-0.02977
-0.02977
-0.0297704
-0.02977
-0.0297704
-0.0297707
-0.0297709
-0.0297709
-0.0297708
-0.0297709
-0.029771
-0.0297712
-0.0297712
-0.0297714
-0.0297708
-0.0297701
-0.0297692
-0.0297684
-0.0297675
-0.0297667
-0.0297661
-0.0297655
-0.0297651
-0.0297649
-0.0297648
-0.0297648
-0.0297646
-0.0297645
-0.0297647
-0.0297648
-0.0297649
-0.0297649
-0.0297649
-0.0297648
-0.029765
-0.0297652
-0.0297651
-0.029765
-0.029765
-0.0297651
-0.0297653
-0.0297655
-0.0297656
-0.0297657
-0.0297654
-0.0297653
-0.029765
-0.0297647
-0.0297645
-0.0297644
-0.0297644
-0.0297647
-0.0297649
-0.0297652
-0.0297653
-0.0297651
-0.0297648
-0.0297644
-0.029764
-0.0297637
-0.0297638
-0.0297639
-0.0297641
-0.0297642
-0.0297642
-0.0297645
-0.0297647
-0.0297647
-0.0297648
-0.0297646
-0.0297642
-0.0297639
