-0.0489053
-0.0489089
-0.0489076
-0.0489016
-0.0489011
-0.0488947
-0.0488934
-0.0488977
-0.0489019
-0.048905
-0.0489051
-0.0489066
-0.0489072
-0.0489084
-0.0489097
-0.0489107
-0.0489127
-0.0489132
-0.0489118
-0.0489115
-0.0489112
-0.0489118
-0.0489117
-0.0489127
-0.0489131
-0.0489137
-0.0489148
-0.0489151
-0.0489153
-0.048915
-0.0489147
-0.0489138
-0.0489135
-0.0489139
-0.0489142
-0.0489142
-0.0489139
-0.0489136
-0.0489135
-0.048914
-0.0489132
-0.0489129
-0.0489123
-0.0489123
-0.0489128
-0.0489134
-0.0489132
-0.0489134
-0.0489132
-0.048913
-0.0489133
-0.0489138
-0.0489137
-0.0489141
-0.0489143
-0.0489138
-0.0489137
-0.0489136
-0.0489138
-0.0489136
-0.0489132
-0.0489133
-0.0489126
-0.0489128
-0.0489129
-0.0489132
-0.0489128
-0.0489126
-0.0489126
-0.0489129
-0.0489132
-0.0489139
-0.0489137
-0.0489136
-0.0489143
-0.0489148
-0.0489148
-0.0489144
-0.0489139
-0.0489137
-0.0489137
-0.0489137
-0.0489133
-0.048913
-0.0489129
-0.0489128
-0.0489129
-0.0489133
-0.0489136
-0.0489138
-0.0489138
-0.0489139
-0.048914
-0.0489137
-0.0489134
-0.0489135
-0.0489135
-0.0489137
-0.0489136
-0.0489134
