0
1.97788e-11
1.04353e-11
6.3311e-12
7.96995e-12
1.89778e-11
1.39448e-11
1.13208e-11
8.96187e-12
1.40996e-11
1.89691e-11
1.85957e-11
1.71525e-11
1.48723e-11
1.43659e-11
1.2759e-11
1.14779e-11
1.20787e-11
1.09332e-11
1.01625e-11
9.27316e-12
8.62474e-12
8.55044e-12
9.75251e-12
9.33359e-12
9.79841e-12
1.16534e-11
1.15601e-11
1.11028e-11
1.03788e-11
9.86262e-12
9.37962e-12
8.9145e-12
8.4993e-12
8.07634e-12
7.63456e-12
7.2323e-12
6.85725e-12
6.52888e-12
6.23824e-12
5.93798e-12
5.68698e-12
5.68625e-12
5.98969e-12
6.57321e-12
6.89204e-12
7.3424e-12
7.6696e-12
7.66566e-12
7.71602e-12
7.63822e-12
7.36657e-12
7.09912e-12
6.84082e-12
6.62159e-12
6.40219e-12
6.22079e-12
6.0202e-12
5.82681e-12
5.63427e-12
5.45105e-12
5.28168e-12
5.14192e-12
5.0238e-12
4.88849e-12
4.74326e-12
4.60273e-12
4.47008e-12
4.37742e-12
4.30601e-12
4.2033e-12
4.08991e-12
4.03443e-12
3.95768e-12
3.92223e-12
3.93445e-12
3.8587e-12
3.77179e-12
3.67898e-12
3.63581e-12
3.59265e-12
3.59999e-12
3.52572e-12
3.50022e-12
3.50781e-12
3.5216e-12
3.61163e-12
3.60846e-12
3.52889e-12
3.46881e-12
3.42568e-12
3.36416e-12
3.29232e-12
3.27878e-12
3.25363e-12
3.1885e-12
3.12433e-12
3.09431e-12
3.19119e-12
3.20886e-12
