0
1.11404e-15
4.99989e-16
7.01723e-16
1.10659e-15
9.78041e-16
1.60113e-15
3.29613e-15
4.63087e-15
4.30912e-15
4.30492e-15
4.19268e-15
4.3506e-15
4.27742e-15
4.15904e-15
4.11529e-15
4.60463e-15
5.07302e-15
5.44494e-15
5.36968e-15
5.67729e-15
6.22006e-15
6.22808e-15
6.29175e-15
6.09333e-15
5.97662e-15
5.84715e-15
5.7595e-15
5.77537e-15
5.68114e-15
5.48653e-15
5.27549e-15
5.08853e-15
5.13783e-15
4.98533e-15
4.86197e-15
4.93421e-15
5.08978e-15
5.07732e-15
5.13612e-15
5.02563e-15
4.96285e-15
4.98683e-15
4.89195e-15
4.77348e-15
4.6264e-15
4.44496e-15
4.26169e-15
4.0934e-15
3.95239e-15
3.80259e-15
3.66011e-15
3.52646e-15
3.39997e-15
3.30331e-15
3.21214e-15
3.10597e-15
3.00433e-15
2.90364e-15
2.81198e-15
2.72462e-15
2.63748e-15
2.56142e-15
2.48201e-15
2.40797e-15
2.33565e-15
2.26998e-15
2.22073e-15
2.17466e-15
2.14627e-15
2.12914e-15
2.15647e-15
2.16448e-15
2.17105e-15
2.13118e-15
2.08087e-15
2.03209e-15
1.99338e-15
1.94758e-15
1.89964e-15
1.85439e-15
1.81085e-15
1.77671e-15
1.74562e-15
1.71386e-15
1.68306e-15
1.65467e-15
1.62674e-15
1.59294e-15
1.55919e-15
1.52717e-15
1.50118e-15
1.49213e-15
1.47887e-15
1.46989e-15
1.46666e-15
1.48759e-15
1.49703e-15
1.52617e-15
1.60392e-15
