0.800914
0.801315
0.799055
0.793399
0.784752
0.774535
0.764784
0.757467
0.753676
0.753478
0.756727
0.763987
0.776397
0.794815
0.81904
0.847696
0.878848
0.910434
0.940484
0.967119
0.98872
1.00402
1.01225
1.0133
1.00772
0.996585
0.98142
0.963968
0.946081
0.929329
0.914997
0.903982
0.896701
0.892974
0.891964
0.892164
0.89178
0.88935
0.884312
0.877002
0.868186
0.858463
0.848014
0.836778
0.824707
0.811998
0.79918
0.787101
0.776775
0.769178
0.765099
0.765035
0.769284
0.778026
0.791053
0.807431
0.825283
0.842249
0.856125
0.865674
0.870988
0.87325
0.874195
0.875283
0.877229
0.879842
0.882302
0.883606
0.882984
0.880225
0.875709
0.870215
0.864531
0.859038
0.853684
0.848229
0.84261
0.837089
0.832305
0.829122
0.828386
0.83075
0.836437
0.845119
0.855991
0.868029
0.88011
0.891074
0.899822
0.90532
0.906874
0.904295
0.897985
0.888934
0.878636
0.868896
0.861474
0.857713
0.858563
0.864228
0.874114
0.886642
0.899502
0.910156
0.916326
0.916511
0.910154
0.89779
0.881193
0.863158
0.846942
0.835536
0.830888
0.833445
0.842033
0.854356
0.867509
0.878583
0.885193
0.885811
0.879985
0.868358
0.852673
0.835555
0.819991
0.808783
0.804026
0.806647
0.816165
0.830875
0.848446
0.866399
0.882485
0.89477
0.901662
0.901989
0.895239
0.881675
0.862453
0.839744
0.816658
0.796786
0.783536
0.779185
0.784221
0.797323
0.815958
0.83737
0.859333
0.880357
0.899401
0.915651
0.928345
0.936811
0.940776
0.940781
0.93843
0.936336
0.937174
0.942037
0.949385
0.955569
0.956478
0.949273
0.933237
0.90991
0.882621
0.855439
0.831765
0.813586
0.801593
0.796021
0.796911
0.803806
0.815381
0.829591
0.844177
0.857341
0.868057
0.875992
0.881054
0.883225
0.882612
0.87953
0.874599
0.868571
0.861979
0.854914
0.847046
0.837731
0.826296
0.812409
0.796507
0.779867
0.764562
0.753177
0.74819
0.751244
0.762415
0.780091
0.8015
0.823898
0.845518
0.865724
0.884226
0.900109
0.911432
0.916077
0.913428
0.905852
0.898179
0.894981
0.897892
0.9059
0.917267
0.930439
0.943902
0.95609
0.965661
0.971722
0.973813
0.971723
0.9656
0.956301
0.94512
0.933563
0.922772
0.913107
0.903911
0.893814
0.88122
0.864983
0.844952
0.822431
0.800344
0.782693
0.773272
0.774143
0.784822
0.802616
0.823608
0.844003
0.860916
0.872535
0.878092
0.877704
0.872208
0.863215
0.853028
0.844159
0.838794
0.838224
0.842458
0.850254
0.859644
0.868694
0.875921
0.880505
0.881908
0.879713
0.873658
0.863966
0.851542
0.838033
0.82553
0.816118
0.811304
0.811598
0.816345
0.823857
0.831745
0.837597
0.8395
0.836507
0.829102
0.819175
0.809654
0.80392
0.804793
0.81372
0.830454
0.853201
0.879169
0.905297
0.928867
0.947897
0.961217
0.968296
0.968862
0.96271
0.949775
0.9302
0.904617
0.874424
0.842301
0.812275
0.789235
0.777573
0.779789
0.79537
0.820642
0.849787
0.876757
0.896751
0.907292
0.908182
0.901347
0.890232
0.878767
0.869944
0.864748
0.862189
0.860244
0.856947
0.850958
0.841838
0.830154
0.817401
0.806002
0.798709
0.797883
0.804455
0.817453
0.834319
0.851942
0.867617
0.879752
0.887794
0.891993
0.892987
0.891619
0.88889
0.88579
0.883202
0.881748
0.881779
0.883258
0.885808
0.888835
0.891605
0.893311
0.89308
0.889959
0.882892
0.870947
0.853845
0.832415
0.808963
0.787067
0.770623
0.762732
0.764769
0.776111
0.794525
0.816875
0.839706
0.859713
0.874149
0.881183
0.880151
0.87176
0.858043
0.842171
0.82804
0.819662
0.819946
0.829725
0.847603
0.87073
0.895687
0.919377
0.939352
0.953939
0.961934
0.962487
0.955253
0.940733
0.92056
0.897405
0.874609
0.855442
0.842231
0.835872
0.835851
0.840675
0.848413
0.857156
0.865354
0.872002
0.876775
0.880095
0.883025
0.886791
0.892004
0.897919
0.902384
0.902749
0.89695
0.884151
0.865141
0.842233
0.818788
0.798591
0.784794
0.779208
0.782022
0.792001
0.807073
0.824826
0.842903
0.859211
0.872144
0.880801
0.885075
0.885509
0.883043
0.878599
0.872946
0.866744
0.860621
0.8552
0.850991
0.848325
0.847241
0.847631
0.849276
0.852084
0.855986
0.860668
0.865464
0.869173
0.870027
0.866174
0.856297
0.840654
0.821912
0.804904
0.794546
0.793262
0.800317
0.81356
0.830955
0.850794
0.871474
0.891276
0.908657
0.922544
0.932504
0.938636
0.941251
0.940474
0.936023
0.927261
0.913584
0.895229
0.873794
0.852321
0.834512
0.823493
0.820755
0.825939
0.837473
0.853026
0.869859
0.885057
0.895939
0.900944
0.90021
0.89584
0.890954
0.888283
0.888768
0.891459
0.894543
0.896432
0.896142
0.893061
0.886693
0.876705
0.86332
0.847588
0.831459
0.817423
0.808383
0.807055
0.815274
0.832885
0.857332
0.884201
0.908454
0.925883
0.934247
0.933492
0.925447
0.912846
0.898386
0.884176
0.871698
0.861882
0.855303
0.852086
0.851826
0.853754
0.856802
0.859626
0.860805
0.859106
0.85399
0.845902
0.8364
0.827646
0.821622
0.81944
0.821229
0.826373
0.833665
0.841286
0.846921
0.848408
0.844754
0.836838
0.827221
0.819212
0.815483
0.817086
0.823516
0.833415
0.845509
0.859048
0.873496
0.888149
0.902022
0.913871
0.922636
0.927704
0.928905
0.92635
0.920226
0.910887
0.898892
0.885231
0.871299
0.858708
0.849074
0.843622
0.842736
0.845665
0.850667
0.855671
0.858968
0.859496
0.856889
0.851515
0.844524
0.837573
0.83249
0.830854
0.833541
0.840577
0.85118
0.863961
0.877474
0.890576
0.90258
0.913039
0.921455
0.927059
0.92871
0.925019
0.914828
0.897565
0.873696
0.844673
0.813102
0.782597
0.757445
0.741837
0.73869
0.748705
0.77014
0.799712
0.83373
0.868902
0.902483
0.932322
0.956888
0.975177
0.986729
0.991543
0.990042
0.982897
0.970906
0.95513
0.936881
0.917583
0.898343
0.879915
0.862928
0.848252
0.837247
0.831499
0.832098
0.838844
0.849989
0.862505
0.873055
0.878794
0.877847
0.869419
0.853881
0.832788
0.80887
0.785822
0.76772
0.75792
0.758048
0.767582
0.78427
0.804953
0.826384
0.845812
0.861403
0.872412
0.879037
0.882085
0.882747
0.88233
0.882044
0.882813
0.884927
0.888076
0.891294
0.893399
0.893355
0.890761
0.886127
0.880994
0.877649
0.877933
0.882026
0.887926
0.892159
0.891555
0.884726
0.872813
0.858842
0.846347
0.837902
0.834333
0.834707
0.836959
0.838757
0.838493
0.835789
0.831385
0.826403
0.8217
0.817648
0.814583
0.813186
0.814359
0.818696
0.826045
0.835495
0.845931
0.856787
0.868024
0.879967
0.892669
0.905454
0.916903
0.925365
0.929517
0.928816
0.923654
0.915192
0.904966
0.894475
0.884919
0.877165
0.87182
0.869157
0.868785
0.869393
0.868964
0.865387
0.857206
0.844152
0.827361
0.808936
0.791446
0.7772
0.767882
0.764608
0.768004
0.778089
0.793943
0.813627
0.834537
0.854048
0.869998
0.88084
0.885771
0.884842
0.87894
0.869717
0.859376
0.850363
0.845025
0.845065
0.851104
0.862457
0.877355
0.893619
0.909201
0.922322
0.931512
0.935703
0.934438
0.927877
0.916525
0.900914
0.881214
0.857297
0.82922
0.798265
0.767864
0.743373
0.730469
0.733051
0.75204
0.785056
0.826728
0.870196
0.908988
0.93857
0.956674
0.96285
0.958142
0.944903
0.926704
0.907794
0.892049
0.881844
0.877421
0.877228
0.878723
0.879388
0.877602
0.873455
0.868907
0.866954
0.869718
0.877109
0.886879
0.896049
0.902378
0.905055
0.90458
0.901951
0.89799
0.892764
0.885692
0.876097
0.863971
0.850252
0.836841
0.826074
0.820149
0.820443
0.826844
0.837654
0.849961
0.860429
0.86628
0.86612
0.860497
0.851675
0.842633
0.835957
0.833002
0.833878
0.837861
0.843845
0.850714
0.857667
0.864211
0.870123
0.87518
0.878911
0.880649
0.879688
0.875608
0.868482
0.859029
0.848451
0.838236
0.829918
0.824854
0.823775
0.826734
0.833014
0.841329
0.850479
0.859986
0.870013
0.880815
0.892081
0.903019
0.912789
0.920574
0.925474
0.926717
0.923934
0.917337
0.907546
0.89518
0.880784
0.865084
0.849397
0.835821
0.826994
0.824999
0.830375
0.841829
0.856791
0.872318
0.885669
0.894696
0.898061
0.895505
0.887972
0.877573
0.867051
0.859018
0.854917
0.854318
0.855071
0.854308
0.849806
0.840823
0.828254
0.814176
0.80117
0.79148
0.786688
0.787459
0.793562
0.804082
0.817465
0.831731
0.844723
0.854489
0.859683
0.859837
0.855591
0.848773
0.842124
0.838501
0.839585
0.845392
0.854588
0.865454
0.87676
0.888173
0.899812
0.911609
0.922765
0.93183
0.937259
0.938065
0.934322
0.927177
0.918525
0.9104
0.904385
0.901298
0.900916
0.90207
0.902795
0.901086
0.895847
0.887393
0.877391
0.868249
0.862307
0.861222
0.865687
0.875141
0.887603
0.900086
0.909243
0.912383
0.907927
0.895638
0.876304
0.85124
0.822098
0.79114
0.761903
0.73987
0.732087
0.743154
0.770358
0.804533
0.836286
0.860079
0.874538
0.880876
0.881518
0.879156
0.876028
0.873492
0.872106
0.871901
0.872726
0.874578
0.877535
0.88159
0.886332
0.891059
0.895058
0.897696
0.898228
0.895924
0.890238
0.881176
0.869424
0.856364
0.843767
0.833495
0.826992
0.824992
0.827366
0.83338
0.841983
0.852066
0.862492
0.872019
0.879427
0.883676
0.884241
0.881324
0.875822
0.869105
0.862677
0.858024
0.856239
0.857969
0.863439
0.872391
0.884099
0.897241
0.910018
0.920449
0.926858
0.92806
0.923701
0.91425
0.901009
0.885938
0.871029
0.857669
0.846484
0.837434
0.830301
0.824954
0.821474
0.820206
0.821542
0.825698
0.832335
0.840495
0.848736
0.855456
0.859255
0.85919
0.855003
0.847084
0.836355
0.823952
0.810912
0.797987
0.785835
0.775476
0.768655
0.76756
0.773928
0.788095
0.80856
0.832378
0.855977
0.876022
0.890125
0.897049
0.896815
0.89048
0.879856
0.867237
0.855032
1.12036
1.13287
1.14453
1.15412
1.16044
1.1627
1.16084
1.15573
1.14895
1.14246
1.13797
1.13643
1.13767
1.14032
1.14229
1.14146
1.13639
1.12688
1.1139
1.09921
1.0848
1.0726
1.0645
1.06258
1.06889
1.08453
1.10844
1.13725
1.16642
1.19164
1.20983
1.21946
1.22055
1.21438
1.2033
1.1904
1.17927
1.17312
1.17359
1.17986
1.18905
1.19773
1.20317
1.20379
1.19918
1.18991
1.17749
1.16436
1.15335
1.14702
1.14684
1.15291
1.16402
1.17801
1.19237
1.20491
1.21419
1.21984
1.22236
1.22288
1.22266
1.22268
1.2232
1.22356
1.22234
1.21814
1.21043
1.20029
1.19011
1.18244
1.17891
1.17983
1.18444
1.19125
1.19834
1.20375
1.20581
1.20364
1.1975
1.18877
1.17958
1.17197
1.16714
1.16509
1.16475
1.16467
1.16375
1.16193
1.16015
1.15972
1.16119
1.16382
1.16596
1.16618
1.1642
1.16123
1.15941
1.16073
1.166
1.17418
1.18247
1.18732
1.18612
1.17862
1.16649
1.15164
1.13485
1.11647
1.09756
1.07991
1.06559
1.05652
1.05426
1.05972
1.07293
1.09279
1.11692
1.1419
1.16383
1.17937
1.18657
1.18523
1.17676
1.1636
1.14857
1.13438
1.12317
1.11644
1.11501
1.11893
1.12753
1.13946
1.15304
1.16671
1.17943
1.19083
1.20085
1.20941
1.2163
1.22132
1.22427
1.22501
1.22336
1.21917
1.21257
1.20417
1.19518
1.18724
1.18194
1.18024
1.18185
1.18529
1.18833
1.18861
1.18432
1.17497
1.16205
1.14901
1.1397
1.13612
1.13777
1.14298
1.15039
1.15919
1.16878
1.1789
1.18991
1.20247
1.21664
1.23144
1.24517
1.25624
1.26359
1.26646
1.26419
1.25621
1.24245
1.22375
1.20195
1.17957
1.15903
1.14198
1.1288
1.11863
1.10997
1.10148
1.09282
1.08484
1.07934
1.0786
1.08446
1.09745
1.11625
1.13814
1.15994
1.17893
1.19345
1.20303
1.20802
1.20916
1.20711
1.20226
1.19479
1.18482
1.17254
1.15862
1.14451
1.13239
1.12473
1.12323
1.12816
1.13815
1.15064
1.16282
1.17246
1.17847
1.18112
1.18167
1.1818
1.18277
1.18496
1.1882
1.1927
1.19955
1.20991
1.22343
1.23724
1.24703
1.24923
1.24261
1.22871
1.21108
1.19354
1.17803
1.16394
1.14917
1.13203
1.11252
1.09278
1.07654
1.06802
1.07052
1.08495
1.10946
1.14043
1.17396
1.20674
1.23617
1.26015
1.27725
1.28689
1.28945
1.28608
1.2783
1.2677
1.25582
1.24433
1.23484
1.22826
1.22424
1.22128
1.21759
1.21203
1.20426
1.19466
1.18401
1.17347
1.16423
1.15723
1.15293
1.15157
1.15343
1.1589
1.16808
1.18033
1.19448
1.20934
1.22389
1.2371
1.24778
1.25457
1.25617
1.25178
1.2414
1.22611
1.20822
1.19109
1.17841
1.17317
1.17659
1.18748
1.20261
1.21775
1.2292
1.23483
1.23437
1.22918
1.22178
1.21495
1.21061
1.20858
1.20669
1.20206
1.19268
1.17835
1.16063
1.14201
1.12487
1.11089
1.10076
1.09475
1.09299
1.09565
1.1026
1.11301
1.12537
1.13785
1.14871
1.15668
1.1609
1.16084
1.15631
1.14765
1.13613
1.12403
1.11436
1.11002
1.11254
1.12119
1.13338
1.146
1.15673
1.16466
1.17021
1.17449
1.17851
1.18231
1.1847
1.18384
1.17831
1.16792
1.15388
1.13822
1.12295
1.10964
1.09944
1.09326
1.09177
1.0951
1.10242
1.11219
1.12265
1.13257
1.14156
1.15001
1.15857
1.1677
1.17738
1.18703
1.19563
1.20191
1.2047
1.20319
1.19719
1.18704
1.17348
1.1576
1.14083
1.12486
1.1113
1.10148
1.09611
1.09527
1.09841
1.10445
1.11204
1.11985
1.12678
1.13202
1.13487
1.13474
1.13122
1.12427
1.11455
1.10334
1.0924
1.08328
1.07686
1.07305
1.07113
1.07064
1.07204
1.0766
1.08539
1.09839
1.11466
1.13295
1.15212
1.17121
1.18942
1.20595
1.21981
1.22976
1.23459
1.23359
1.22694
1.21566
1.20147
1.18649
1.17309
1.16369
1.16022
1.16376
1.17407
1.18951
1.20739
1.22468
1.23867
1.24755
1.25065
1.24843
1.24211
1.23311
1.22226
1.2096
1.19502
1.17928
1.16438
1.15305
1.14768
1.14931
1.15738
1.16991
1.18399
1.19636
1.20419
1.206
1.20262
1.19707
1.19256
1.18981
1.18663
1.18021
1.16949
1.15553
1.14068
1.12733
1.11694
1.10963
1.10429
1.09926
1.09319
1.08608
1.07976
1.07766
1.08304
1.09681
1.11693
1.13956
1.16058
1.17651
1.18526
1.18636
1.18094
1.17118
1.1597
1.14884
1.1403
1.13504
1.13333
1.13508
1.14029
1.14918
1.16153
1.17585
1.18935
1.19945
1.205
1.2065
1.20535
1.20293
1.20014
1.19743
1.19501
1.19313
1.19209
1.19209
1.19308
1.19474
1.19676
1.19874
1.2
1.19955
1.19636
1.18997
1.1811
1.17178
1.16449
1.16076
1.16037
1.16172
1.16331
1.16448
1.1654
1.16661
1.1685
1.17083
1.17252
1.17205
1.16816
1.16044
1.14967
1.13767
1.12695
1.11999
1.11846
1.12263
1.13128
1.14215
1.15282
1.16149
1.16743
1.17106
1.17367
1.17712
1.18352
1.19459
1.21083
1.23051
1.24968
1.26351
1.26805
1.26156
1.24488
1.22128
1.19549
1.17224
1.15492
1.14534
1.14429
1.15141
1.16446
1.17925
1.1909
1.19544
1.19079
1.17696
1.15603
1.13163
1.10813
1.08901
1.07585
1.06831
1.06527
1.06589
1.06996
1.07745
1.08768
1.09905
1.10968
1.11832
1.12454
1.12838
1.12979
1.1285
1.12434
1.11776
1.11008
1.10314
1.09863
1.09749
1.09982
1.10517
1.11277
1.1216
1.13016
1.13673
1.13993
1.13949
1.13653
1.13332
1.13258
1.13632
1.14487
1.15664
1.16862
1.17765
1.18248
1.1851
1.1892
1.19592
1.20226
1.20472
1.2029
1.19938
1.19742
1.199
1.20406
1.21092
1.21722
1.22087
1.22063
1.21623
1.20809
1.197
1.18365
1.16858
1.15234
1.1357
1.11978
1.10588
1.09521
1.08869
1.08681
1.08965
1.09692
1.10809
1.12233
1.13864
1.15572
1.1721
1.18629
1.19705
1.20366
1.20607
1.20486
1.20119
1.19658
1.19278
1.19134
1.19322
1.19839
1.20572
1.21334
1.21943
1.22294
1.22362
1.22154
1.21664
1.20863
1.19726
1.18272
1.16602
1.14894
1.13329
1.12013
1.1095
1.10112
1.09552
1.09424
1.09907
1.11067
1.12766
1.14694
1.16511
1.17976
1.18983
1.19528
1.1967
1.19508
1.19162
1.18732
1.1825
1.17687
1.16995
1.16159
1.15242
1.14375
1.13737
1.13486
1.13681
1.14252
1.15041
1.15909
1.16828
1.17873
1.19128
1.20574
1.22049
1.233
1.24079
1.24209
1.23608
1.223
1.20405
1.18118
1.1567
1.13293
1.1119
1.09513
1.08366
1.07804
1.0784
1.0847
1.0969
1.11474
1.13691
1.16057
1.18176
1.19673
1.20327
1.20116
1.19213
1.17907
1.16522
1.15339
1.14559
1.14288
1.14535
1.15217
1.16168
1.17189
1.18078
1.18658
1.18782
1.18359
1.17403
1.16125
1.14941
1.14299
1.1436
1.14918
1.15633
1.1627
1.16718
1.16911
1.16782
1.16284
1.15421
1.14278
1.12977
1.11623
1.10249
1.0883
1.0738
1.06033
1.05038
1.04631
1.04877
1.0565
1.06747
1.07997
1.09264
1.104
1.11263
1.1179
1.12064
1.12305
1.12776
1.13654
1.14957
1.16551
1.18213
1.19702
1.20809
1.21406
1.21466
1.21083
1.20427
1.19698
1.19063
1.18635
1.18473
1.18581
1.18901
1.19304
1.19621
1.19695
1.19407
1.18699
1.17573
1.16094
1.14379
1.12574
1.10841
1.09376
1.08397
1.08058
1.08326
1.08967
1.09668
1.10195
1.10457
1.10492
1.10406
1.1032
1.103
1.10332
1.1034
1.10254
1.10076
1.09899
1.09849
1.10013
1.10405
1.1099
1.11734
1.12633
1.13696
1.14916
1.16252
1.17619
1.18879
1.19855
1.20362
1.20279
1.19601
1.18442
1.17
1.15499
1.14154
1.13149
1.12613
1.1258
1.1295
1.13512
1.14032
1.14362
1.14516
1.14641
1.149
1.15335
1.15836
1.16215
1.16334
1.16165
1.15769
1.1524
1.1466
1.14097
1.13628
1.13352
1.13391
1.13845
1.14716
1.15857
1.17003
1.17852
1.18159
1.17781
1.16687
1.15001
1.13047
1.11353
1.1051
1.1088
1.12377
1.14543
1.16825
1.18796
1.20243
1.21161
1.2169
1.22004
1.22198
1.22239
1.22037
1.21588
1.21047
1.20618
1.20331
1.19932
1.19031
1.17346
1.14858
1.1188
1.09041
1.07078
1.06531
1.07507
1.0966
1.12408
1.1522
1.17784
1.19995
1.21847
1.23343
1.2447
1.25218
1.25602
1.25653
1.25386
1.24762
1.23701
1.22131
1.20089
1.1786
1.15984
1.14919
1.14648
1.14798
1.15104
1.15574
1.16253
1.17009
1.17624
1.17995
1.18208
1.18461
1.18913
1.1961
1.20482
1.2141
1.22285
1.23058
1.23739
1.24388
1.25071
1.2582
1.26616
1.27378
1.2799
1.28317
1.28226
1.27615
1.2644
1.24746
1.22699
1.20582
1.18737
1.17477
1.16985
1.17261
1.1813
1.19303
1.20456
1.21327
1.21759
1.21717
1.21281
1.20612
1.19921
1.19393
1.19133
1.19155
1.19395
1.19748
1.20091
1.20286
1.20198
1.19723
1.18826
1.17567
1.16105
1.14659
1.13431
1.1254
1.12001
1.11752
1.11717
1.1183
1.12028
1.12213
1.12235
1.11927
1.11154
1.0986
1.08078
1.05938
1.03681
1.01656
1.00264
0.998238
1.00463
1.02086
1.04431
1.07163
1.09921
1.12366
1.14231
1.15378
1.15803
1.15601
1.14919
1.13926
1.12799
1.11713
1.10829
1.10285
1.10173
1.10474
1.11014
1.11523
1.11798
1.11828
1.11795
1.1196
1.12535
1.13597
1.15046
1.16649
1.18108
1.19126
1.19461
1.18967
1.17624
1.15568
1.1309
1.10597
1.08514
1.19962
1.19765
1.19503
1.19203
1.18908
1.18671
1.18544
1.18568
1.18754
1.19086
1.19525
1.20018
1.2051
1.20951
1.21303
1.21551
1.21703
1.21792
1.21875
1.22015
1.22263
1.22641
1.23129
1.23679
1.24227
1.24714
1.25099
1.2536
1.25496
1.25518
1.25451
1.25324
1.25168
1.25008
1.24859
1.24726
1.24609
1.245
1.24395
1.24285
1.24167
1.24034
1.23889
1.23745
1.23632
1.23589
1.23655
1.23853
1.24182
1.24624
1.25144
1.25703
1.26263
1.26786
1.27243
1.27612
1.2788
1.28045
1.28113
1.28098
1.28023
1.27913
1.27797
1.27701
1.2765
1.27658
1.27731
1.27865
1.28047
1.28261
1.28487
1.28707
1.28905
1.29073
1.29206
1.29306
1.29379
1.29433
1.29477
1.29518
1.2956
1.29604
1.29648
1.2969
1.29731
1.29771
1.29814
1.29864
1.2992
1.29985
1.30054
1.30125
1.30194
1.3026
1.3032
1.30379
1.30438
1.30502
1.30577
1.30664
1.30767
1.30885
1.31017
1.3116
1.31306
1.31452
1.3159
1.31714
1.31818
1.31897
1.31944
1.31957
1.31934
1.31874
1.3178
1.31659
1.31522
1.31383
1.31258
1.31159
1.31095
1.31063
1.31054
1.3105
1.31031
1.30974
1.30866
1.307
1.30482
1.30235
1.29997
1.2982
1.29756
1.29847
1.30104
1.30508
1.31009
1.31543
1.32045
1.32458
1.32736
1.32843
1.32756
1.32472
1.32017
1.31466
1.30943
1.30593
1.30528
1.30774
1.31259
1.31853
1.32426
1.32875
1.33138
1.33182
1.32995
1.32584
1.31974
1.31213
1.30373
1.29556
1.28871
1.28423
1.28281
1.2846
1.28917
1.29567
1.30304
1.31033
1.31683
1.32217
1.32625
1.32916
1.33112
1.33238
1.33318
1.3337
1.33409
1.3344
1.33468
1.33494
1.33517
1.33537
1.33555
1.33572
1.3359
1.3361
1.33635
1.33666
1.33703
1.33746
1.33791
1.33834
1.33866
1.33877
1.33853
1.33779
1.33637
1.33408
1.3308
1.3265
1.32135
1.31578
1.31047
1.30623
1.30365
1.30296
1.30384
1.30568
1.30784
1.30982
1.31137
1.31243
1.31308
1.31346
1.31371
1.31394
1.31424
1.31462
1.31506
1.3155
1.31586
1.31609
1.31614
1.316
1.31569
1.3153
1.31492
1.31469
1.31472
1.31508
1.31578
1.31677
1.31794
1.31915
1.32024
1.3211
1.32165
1.32185
1.3217
1.32124
1.32053
1.31967
1.31874
1.31785
1.31708
1.31648
1.31608
1.3159
1.31591
1.31609
1.3164
1.31681
1.31728
1.31776
1.31823
1.31863
1.31893
1.31906
1.31897
1.31856
1.31774
1.31637
1.3143
1.3114
1.30755
1.30274
1.29718
1.2913
1.28577
1.28142
1.27891
1.27855
1.28021
1.28334
1.28726
1.29134
1.29513
1.29838
1.30102
1.30308
1.30461
1.30568
1.30634
1.30665
1.30667
1.30646
1.30606
1.30546
1.30466
1.30371
1.30274
1.30199
1.30175
1.30225
1.30352
1.30538
1.30749
1.30946
1.31096
1.31175
1.31174
1.31089
1.30926
1.30698
1.30423
1.30123
1.29828
1.29568
1.29369
1.29251
1.2922
1.29273
1.29395
1.29565
1.29764
1.2997
1.30169
1.30349
1.30505
1.30635
1.30739
1.30819
1.30879
1.30923
1.30954
1.30974
1.30987
1.30994
1.30997
1.30998
1.30998
1.30996
1.30994
1.30991
1.30986
1.3098
1.3097
1.30956
1.30937
1.3091
1.30875
1.3083
1.30776
1.30714
1.30645
1.30574
1.30508
1.30453
1.30419
1.30411
1.30433
1.30488
1.3057
1.30674
1.3079
1.30907
1.31016
1.31109
1.31179
1.31223
1.31237
1.31222
1.31179
1.31111
1.31024
1.30924
1.30818
1.30714
1.30621
1.30546
1.30496
1.30478
1.30498
1.30562
1.30674
1.30834
1.31036
1.3127
1.31519
1.31768
1.32002
1.32207
1.32373
1.32491
1.32557
1.32565
1.32509
1.32384
1.32185
1.31908
1.31552
1.31122
1.30637
1.30127
1.29642
1.29242
1.28988
1.28925
1.29064
1.29381
1.29822
1.30326
1.30836
1.31314
1.31738
1.32102
1.32406
1.32657
1.32864
1.33034
1.33175
1.33293
1.33393
1.3348
1.33557
1.33627
1.33693
1.33757
1.33821
1.33885
1.33951
1.34019
1.34088
1.34156
1.34221
1.34279
1.34324
1.34351
1.34352
1.34323
1.34262
1.34171
1.34063
1.33956
1.33876
1.33846
1.33884
1.33988
1.34143
1.34317
1.34479
1.34598
1.34653
1.34632
1.34531
1.34353
1.34101
1.33782
1.33405
1.32975
1.32502
1.31999
1.31481
1.30975
1.30517
1.3015
1.29918
1.29858
1.29991
1.3031
1.30788
1.3138
1.32035
1.32702
1.33335
1.339
1.34364
1.34707
1.34913
1.34975
1.34895
1.34687
1.3438
1.34017
1.33656
1.33358
1.33169
1.3311
1.3317
1.33312
1.33489
1.33657
1.33781
1.33839
1.3382
1.33721
1.33546
1.33309
1.3303
1.32737
1.32468
1.32258
1.32139
1.32125
1.32212
1.32375
1.32583
1.32801
1.33001
1.33166
1.33286
1.3336
1.33392
1.33387
1.33352
1.33294
1.33218
1.3313
1.33035
1.32939
1.3285
1.32779
1.32736
1.32735
1.32783
1.32882
1.33028
1.3321
1.33411
1.33616
1.3381
1.33983
1.34126
1.34236
1.34308
1.34342
1.34333
1.34281
1.34181
1.34032
1.33833
1.33585
1.33295
1.32976
1.32644
1.32322
1.32028
1.31781
1.31587
1.31449
1.31359
1.31314
1.31311
1.31355
1.31454
1.31619
1.31855
1.32163
1.32537
1.32955
1.33379
1.33762
1.34052
1.3421
1.34219
1.34099
1.33902
1.33709
1.33599
1.33624
1.33784
1.34038
1.34329
1.34613
1.34868
1.35092
1.35297
1.35495
1.35696
1.35902
1.36111
1.36317
1.36511
1.36685
1.36832
1.36943
1.37013
1.37035
1.37
1.369
1.36727
1.36471
1.36124
1.35683
1.35153
1.34548
1.33899
1.33248
1.32647
1.32148
1.31793
1.31608
1.31596
1.31738
1.31996
1.32317
1.3265
1.32959
1.33224
1.33448
1.3365
1.3385
1.34065
1.34305
1.34568
1.34848
1.35133
1.35412
1.35677
1.3592
1.36137
1.36327
1.3649
1.36625
1.36732
1.36805
1.36836
1.36811
1.36718
1.36543
1.36278
1.35925
1.35501
1.35037
1.34576
1.34164
1.33835
1.33601
1.33451
1.33364
1.33318
1.33301
1.3331
1.33347
1.33415
1.33507
1.33611
1.3371
1.33789
1.33838
1.33856
1.33852
1.33843
1.33847
1.33882
1.33961
1.34089
1.34259
1.3446
1.34673
1.34879
1.35057
1.35193
1.35275
1.35298
1.35259
1.3516
1.35005
1.34802
1.34562
1.34299
1.34029
1.33772
1.33547
1.33374
1.33266
1.33227
1.33254
1.33335
1.3345
1.33576
1.33692
1.33778
1.33819
1.33808
1.33747
1.3365
1.33541
1.33453
1.33421
1.33469
1.33606
1.33819
1.34082
1.34362
1.34633
1.34874
1.35077
1.3524
1.35368
1.35468
1.35548
1.35614
1.35674
1.35733
1.35793
1.35856
1.35923
1.35991
1.36057
1.36119
1.3617
1.36207
1.36227
1.36227
1.36208
1.36173
1.36127
1.36078
1.36033
1.35998
1.35981
1.35985
1.36012
1.36064
1.36137
1.36226
1.3632
1.36409
1.36482
1.36538
1.36582
1.36622
1.36671
1.36731
1.36796
1.3685
1.36871
1.3684
1.36745
1.36585
1.36376
1.36143
1.35923
1.35755
1.35679
1.35718
1.3588
1.3615
1.36491
1.36858
1.37208
1.37503
1.37725
1.37866
1.37935
1.37946
1.37922
1.37885
1.37853
1.37838
1.37847
1.37875
1.37916
1.37959
1.37995
1.38016
1.38021
1.38009
1.37986
1.37956
1.37927
1.37902
1.37887
1.37883
1.37888
1.37899
1.37914
1.37927
1.37937
1.37941
1.3794
1.37934
1.37929
1.37925
1.37927
1.37934
1.37942
1.37943
1.37926
1.37874
1.37771
1.37599
1.37341
1.36986
1.36528
1.35982
1.35387
1.3482
1.34389
1.34203
1.34318
1.34696
1.3522
1.35749
1.36175
1.36444
1.36549
1.36518
1.36394
1.36227
1.36061
1.35933
1.35863
1.35858
1.35913
1.36011
1.3613
1.36249
1.36344
1.36403
1.3642
1.36397
1.36348
1.36291
1.36245
1.36225
1.36242
1.36296
1.36382
1.3649
1.36609
1.36726
1.36834
1.36925
1.36993
1.37034
1.37044
1.37021
1.36961
1.36865
1.36734
1.36574
1.36392
1.36202
1.36016
1.3585
1.35717
1.35625
1.35575
1.35561
1.35572
1.35594
1.35612
1.35615
1.35595
1.35549
1.3548
1.35394
1.35303
1.35217
1.3515
1.35111
1.35109
1.35144
1.35215
1.35317
1.35442
1.35583
1.35732
1.35883
1.36033
1.36178
1.36315
1.36441
1.36553
1.36645
1.36711
1.3674
1.36718
1.36624
1.36431
1.36109
1.35621
1.34935
1.3404
1.32967
1.31816
1.30756
1.29988
1.29658
1.29796
1.30303
1.31018
1.31781
1.32481
1.33055
1.3348
1.33749
1.3387
1.33854
1.33727
1.33528
1.33316
1.33159
1.33118
1.33231
1.33495
1.33873
1.3431
1.34752
1.35157
1.35501
1.35774
1.35974
1.36104
1.3617
1.3618
1.36137
1.36047
1.35912
1.35735
1.35517
1.35262
1.34973
1.34656
1.34322
1.3398
1.33645
1.33328
1.33044
1.32802
1.32609
1.32469
1.32386
1.32358
1.32383
1.32457
1.32572
1.32718
1.32884
1.33058
1.33232
1.33398
1.3355
1.33686
1.33806
1.33908
1.33994
1.34063
1.34114
1.34142
1.34143
1.34109
1.34032
1.33903
1.33713
1.33458
1.33137
1.32758
1.32337
1.31897
1.31463
1.31052
1.30673
1.30328
1.30017
1.29751
1.29554
1.29459
1.29491
1.29658
1.29938
1.30293
1.30671
1.31027
1.31329
1.31561
1.31717
1.31804
1.3183
1.31805
1.31741
1.31648
1.31538
1.3142
1.31302
1.31193
1.311
1.31027
1.30975
1.30946
1.30934
1.30936
1.30945
1.30956
1.30963
1.30964
1.30958
1.30946
1.30931
1.30918
1.30913
1.30921
1.30946
1.30989
1.3105
1.31128
