1.20137
1.20197
1.19858
1.1901
1.17713
1.1618
1.14718
1.1362
1.13051
1.13022
1.13509
1.14598
1.1646
1.19222
1.22856
1.27154
1.31827
1.36565
1.41073
1.45068
1.48308
1.50603
1.51837
1.51995
1.51158
1.49488
1.47213
1.44595
1.41912
1.39399
1.3725
1.35597
1.34505
1.33946
1.33795
1.33825
1.33767
1.33402
1.32647
1.3155
1.30228
1.28769
1.27202
1.25517
1.23706
1.218
1.19877
1.18065
1.16516
1.15377
1.14765
1.14755
1.15393
1.16704
1.18658
1.21115
1.23792
1.26337
1.28419
1.29851
1.30648
1.30987
1.31129
1.31292
1.31584
1.31976
1.32345
1.32541
1.32448
1.32034
1.31356
1.30532
1.2968
1.28856
1.28053
1.27234
1.26392
1.25563
1.24846
1.24368
1.24258
1.24612
1.25466
1.26768
1.28399
1.30204
1.32016
1.33661
1.34973
1.35798
1.36031
1.35644
1.34698
1.3334
1.31795
1.30334
1.29221
1.28657
1.28785
1.29634
1.31117
1.32996
1.34925
1.36523
1.37449
1.37477
1.36523
1.34668
1.32179
1.29474
1.27041
1.2533
1.24633
1.25017
1.26305
1.28153
1.30126
1.31788
1.32779
1.32872
1.31998
1.30254
1.27901
1.25333
1.22999
1.21317
1.20604
1.20997
1.22425
1.24631
1.27267
1.2996
1.32373
1.34215
1.35249
1.35298
1.34286
1.32251
1.29368
1.25962
1.22499
1.19518
1.1753
1.16878
1.17633
1.19598
1.22394
1.25605
1.289
1.32054
1.3491
1.37348
1.39252
1.40522
1.41116
1.41117
1.40764
1.4045
1.40576
1.41306
1.42408
1.43335
1.43472
1.42391
1.39986
1.36486
1.32393
1.28316
1.24765
1.22038
1.20239
1.19403
1.19537
1.20571
1.22307
1.24439
1.26627
1.28601
1.30209
1.31399
1.32158
1.32484
1.32392
1.31929
1.3119
1.30286
1.29297
1.28237
1.27057
1.2566
1.23944
1.21861
1.19476
1.1698
1.14684
1.12977
1.12229
1.12687
1.14362
1.17014
1.20225
1.23585
1.26828
1.29859
1.32634
1.35016
1.36715
1.37411
1.37014
1.35878
1.34727
1.34247
1.34684
1.35885
1.3759
1.39566
1.41585
1.43413
1.44849
1.45758
1.46072
1.45758
1.4484
1.43445
1.41768
1.40034
1.38416
1.36966
1.35587
1.34072
1.32183
1.29747
1.26743
1.23365
1.20052
1.17404
1.15991
1.16122
1.17723
1.20392
1.23541
1.266
1.29137
1.3088
1.31714
1.31656
1.30831
1.29482
1.27954
1.26624
1.25819
1.25734
1.26369
1.27538
1.28947
1.30304
1.31388
1.32076
1.32286
1.31957
1.31049
1.29595
1.27731
1.25705
1.23829
1.22418
1.21696
1.2174
1.22452
1.23578
1.24762
1.2564
1.25925
1.25476
1.24365
1.22876
1.21448
1.20588
1.20719
1.22058
1.24568
1.2798
1.31875
1.35795
1.3933
1.42185
1.44183
1.45244
1.45329
1.44407
1.42466
1.3953
1.35693
1.31164
1.26345
1.21841
1.18385
1.16636
1.16968
1.19305
1.23096
1.27468
1.31514
1.34513
1.36094
1.36227
1.35202
1.33535
1.31815
1.30492
1.29712
1.29328
1.29037
1.28542
1.27644
1.26276
1.24523
1.2261
1.209
1.19806
1.19682
1.20668
1.22618
1.25148
1.27791
1.30142
1.31963
1.33169
1.33799
1.33948
1.33743
1.33333
1.32868
1.3248
1.32262
1.32267
1.32489
1.32871
1.33325
1.33741
1.33997
1.33962
1.33494
1.32434
1.30642
1.28077
1.24862
1.21344
1.1806
1.15593
1.1441
1.14715
1.16417
1.19179
1.22531
1.25956
1.28957
1.31122
1.32178
1.32023
1.30764
1.28706
1.26326
1.24206
1.22949
1.22992
1.24459
1.2714
1.3061
1.34353
1.37907
1.40903
1.43091
1.4429
1.44373
1.43288
1.4111
1.38084
1.34611
1.31191
1.28316
1.26335
1.25381
1.25378
1.26101
1.27262
1.28573
1.29803
1.308
1.31516
1.32014
1.32454
1.33019
1.33801
1.34688
1.35358
1.35412
1.34542
1.32623
1.29771
1.26335
1.22818
1.19789
1.17719
1.16881
1.17303
1.188
1.21061
1.23724
1.26436
1.28882
1.30822
1.3212
1.32761
1.32826
1.32456
1.3179
1.30942
1.30012
1.29093
1.2828
1.27649
1.27249
1.27086
1.27145
1.27391
1.27813
1.28398
1.291
1.2982
1.30376
1.30504
1.29926
1.28445
1.26098
1.23287
1.20736
1.19182
1.18989
1.20048
1.22034
1.24643
1.27619
1.30721
1.33691
1.36299
1.38382
1.39876
1.40795
1.41188
1.41071
1.40403
1.39089
1.37038
1.34284
1.31069
1.27848
1.25177
1.23524
1.23113
1.23891
1.25621
1.27954
1.30479
1.32758
1.34391
1.35142
1.35032
1.34376
1.33643
1.33243
1.33315
1.33719
1.34182
1.34465
1.34421
1.33959
1.33004
1.31506
1.29498
1.27138
1.24719
1.22613
1.21257
1.21058
1.22291
1.24933
1.286
1.3263
1.36268
1.38882
1.40137
1.40024
1.38817
1.36927
1.34758
1.32626
1.30755
1.29282
1.28295
1.27813
1.27774
1.28063
1.2852
1.28944
1.29121
1.28866
1.28099
1.26885
1.2546
1.24147
1.23243
1.22916
1.23184
1.23956
1.2505
1.26193
1.27038
1.27261
1.26713
1.25526
1.24083
1.22882
1.22322
1.22563
1.23527
1.25012
1.26826
1.28857
1.31024
1.33222
1.35303
1.37081
1.38395
1.39156
1.39336
1.38952
1.38034
1.36633
1.34834
1.32785
1.30695
1.28806
1.27361
1.26543
1.2641
1.2685
1.276
1.28351
1.28845
1.28924
1.28533
1.27727
1.26679
1.25636
1.24873
1.24628
1.25031
1.26087
1.27677
1.29594
1.31621
1.33586
1.35387
1.36956
1.38218
1.39059
1.39306
1.38753
1.37224
1.34635
1.31054
1.26701
1.21965
1.1739
1.13617
1.11276
1.10803
1.12306
1.15521
1.19957
1.2506
1.30335
1.35372
1.39848
1.43533
1.46276
1.48009
1.48731
1.48506
1.47435
1.45636
1.43269
1.40532
1.37637
1.34751
1.31987
1.29439
1.27238
1.25587
1.24725
1.24815
1.25827
1.27498
1.29376
1.30958
1.31819
1.31677
1.30413
1.28082
1.24918
1.21331
1.17873
1.15158
1.13688
1.13707
1.15137
1.1764
1.20743
1.23958
1.26872
1.2921
1.30862
1.31856
1.32313
1.32412
1.3235
1.32307
1.32422
1.32739
1.33211
1.33694
1.3401
1.34003
1.33614
1.32919
1.32149
1.31647
1.3169
1.32304
1.33189
1.33824
1.33733
1.32709
1.30922
1.28826
1.26952
1.25685
1.2515
1.25206
1.25544
1.25814
1.25774
1.25368
1.24708
1.2396
1.23255
1.22647
1.22187
1.21978
1.22154
1.22804
1.23907
1.25324
1.2689
1.28518
1.30204
1.31995
1.339
1.35818
1.37535
1.38805
1.39428
1.39322
1.38548
1.37279
1.35745
1.34171
1.32738
1.31575
1.30773
1.30374
1.30318
1.30409
1.30345
1.29808
1.28581
1.26623
1.24104
1.2134
1.18717
1.1658
1.15182
1.14691
1.15201
1.16713
1.19091
1.22044
1.25181
1.28107
1.305
1.32126
1.32866
1.32726
1.31841
1.30458
1.28906
1.27554
1.26754
1.2676
1.27666
1.29369
1.31603
1.34043
1.3638
1.38348
1.39727
1.40355
1.40166
1.39181
1.37479
1.35137
1.32182
1.28595
1.24383
1.1974
1.1518
1.11506
1.0957
1.09958
1.12806
1.17758
1.24009
1.30529
1.36348
1.40786
1.43501
1.44427
1.43721
1.41735
1.39006
1.36169
1.33807
1.32277
1.31613
1.31584
1.31808
1.31908
1.3164
1.31018
1.30336
1.30043
1.30458
1.31566
1.33032
1.34407
1.35357
1.35758
1.35687
1.35293
1.34698
1.33915
1.32854
1.31415
1.29596
1.27538
1.25526
1.23911
1.23022
1.23066
1.24027
1.25648
1.27494
1.29064
1.29942
1.29918
1.29075
1.27751
1.26395
1.25394
1.2495
1.25082
1.25679
1.26577
1.27607
1.2865
1.29632
1.30518
1.31277
1.31837
1.32097
1.31953
1.31341
1.30272
1.28854
1.27268
1.25735
1.24488
1.23728
1.23566
1.2401
1.24952
1.26199
1.27572
1.28998
1.30502
1.32122
1.33812
1.35453
1.36918
1.38086
1.38821
1.39008
1.3859
1.37601
1.36132
1.34277
1.32118
1.29763
1.2741
1.25373
1.24049
1.2375
1.24556
1.26274
1.28519
1.30848
1.3285
1.34204
1.34709
1.34326
1.33196
1.31636
1.30058
1.28853
1.28238
1.28148
1.28261
1.28146
1.27471
1.26123
1.24238
1.22126
1.20176
1.18722
1.18003
1.18119
1.19034
1.20612
1.2262
1.2476
1.26708
1.28173
1.28952
1.28976
1.28339
1.27316
1.26319
1.25775
1.25938
1.26809
1.28188
1.29818
1.31514
1.33226
1.34972
1.36741
1.38415
1.39775
1.40589
1.4071
1.40148
1.39077
1.37779
1.3656
1.35658
1.35195
1.35137
1.3531
1.35419
1.35163
1.34377
1.33109
1.31609
1.30237
1.29346
1.29183
1.29853
1.31271
1.3314
1.35013
1.36386
1.36857
1.36189
1.34346
1.31446
1.27686
1.23315
1.18671
1.14285
1.10981
1.09813
1.11473
1.15554
1.2068
1.25443
1.29012
1.31181
1.32131
1.32228
1.31873
1.31404
1.31024
1.30816
1.30785
1.30909
1.31187
1.3163
1.32239
1.3295
1.33659
1.34259
1.34654
1.34734
1.34389
1.33536
1.32176
1.30414
1.28455
1.26565
1.25024
1.24049
1.23749
1.24105
1.25007
1.26297
1.2781
1.29374
1.30803
1.31914
1.32551
1.32636
1.32199
1.31373
1.30366
1.29402
1.28704
1.28436
1.28695
1.29516
1.30859
1.32615
1.34586
1.36503
1.38067
1.39029
1.39209
1.38555
1.37138
1.35151
1.32891
1.30654
1.2865
1.26973
1.25615
1.24545
1.23743
1.23221
1.23031
1.23231
1.23855
1.2485
1.26074
1.2731
1.28318
1.28888
1.28879
1.2825
1.27063
1.25453
1.23593
1.21637
1.19698
1.17875
1.16321
1.15298
1.15134
1.16089
1.18214
1.21284
1.24857
1.28396
1.31403
1.33519
1.34557
1.34522
1.33572
1.31978
1.30086
1.28255
1.68053
1.6993
1.7168
1.73117
1.74066
1.74405
1.74126
1.73359
1.72343
1.71369
1.70695
1.70464
1.7065
1.71048
1.71343
1.71218
1.70459
1.69032
1.67085
1.64881
1.6272
1.60889
1.59675
1.59387
1.60333
1.62679
1.66265
1.70588
1.74963
1.78746
1.81474
1.82919
1.83082
1.82157
1.80495
1.7856
1.7689
1.75968
1.76038
1.76978
1.78358
1.7966
1.80475
1.80569
1.79877
1.78486
1.76624
1.74654
1.73003
1.72053
1.72026
1.72937
1.74603
1.76701
1.78856
1.80736
1.82129
1.82976
1.83355
1.83432
1.83399
1.83402
1.8348
1.83533
1.83352
1.82721
1.81564
1.80044
1.78516
1.77365
1.76837
1.76975
1.77666
1.78687
1.79751
1.80563
1.80871
1.80547
1.79625
1.78316
1.76937
1.75796
1.75071
1.74763
1.74712
1.747
1.74563
1.74289
1.74023
1.73958
1.74179
1.74573
1.74894
1.74927
1.7463
1.74184
1.73911
1.74109
1.74901
1.76127
1.77371
1.78097
1.77918
1.76792
1.74974
1.72746
1.70227
1.67471
1.64634
1.61986
1.59838
1.58479
1.58139
1.58958
1.6094
1.63918
1.67538
1.71284
1.74575
1.76905
1.77985
1.77784
1.76514
1.7454
1.72286
1.70157
1.68475
1.67466
1.67251
1.6784
1.69129
1.70919
1.72956
1.75006
1.76915
1.78625
1.80127
1.81411
1.82446
1.83198
1.83641
1.83752
1.83504
1.82875
1.81885
1.80626
1.79278
1.78086
1.77292
1.77036
1.77277
1.77794
1.7825
1.78291
1.77648
1.76246
1.74308
1.72352
1.70954
1.70417
1.70665
1.71447
1.72559
1.73878
1.75317
1.76835
1.78487
1.8037
1.82496
1.84716
1.86775
1.88437
1.89538
1.89969
1.89629
1.88432
1.86367
1.83562
1.80293
1.76935
1.73854
1.71297
1.6932
1.67795
1.66495
1.65222
1.63923
1.62726
1.61902
1.6179
1.6267
1.64617
1.67438
1.70722
1.73991
1.7684
1.79018
1.80454
1.81202
1.81373
1.81067
1.8034
1.79219
1.77722
1.7588
1.73793
1.71676
1.69859
1.68709
1.68485
1.69224
1.70722
1.72597
1.74424
1.75868
1.76771
1.77168
1.77251
1.7727
1.77416
1.77745
1.78231
1.78906
1.79932
1.81487
1.83514
1.85586
1.87055
1.87385
1.86391
1.84306
1.81663
1.7903
1.76704
1.74591
1.72376
1.69804
1.66878
1.63917
1.6148
1.60202
1.60577
1.62742
1.6642
1.71065
1.76093
1.81011
1.85425
1.89023
1.91588
1.93033
1.93417
1.92911
1.91744
1.90155
1.88374
1.8665
1.85226
1.84239
1.83636
1.83191
1.82639
1.81804
1.80639
1.79199
1.77602
1.76021
1.74635
1.73584
1.7294
1.72735
1.73014
1.73836
1.75212
1.77049
1.79172
1.81402
1.83583
1.85565
1.87167
1.88185
1.88425
1.87767
1.8621
1.83917
1.81234
1.78664
1.76762
1.75976
1.76488
1.78122
1.80392
1.82662
1.8438
1.85225
1.85156
1.84378
1.83267
1.82243
1.81591
1.81287
1.81003
1.80308
1.78902
1.76753
1.74095
1.71302
1.68731
1.66633
1.65114
1.64212
1.63948
1.64348
1.6539
1.66951
1.68806
1.70678
1.72307
1.73502
1.74135
1.74125
1.73446
1.72148
1.7042
1.68604
1.67154
1.66503
1.6688
1.68178
1.70007
1.71901
1.73509
1.74699
1.75531
1.76174
1.76776
1.77347
1.77706
1.77577
1.76746
1.75187
1.73083
1.70733
1.68442
1.66446
1.64916
1.63989
1.63766
1.64265
1.65363
1.66828
1.68397
1.69885
1.71235
1.72502
1.73785
1.75155
1.76606
1.78054
1.79344
1.80287
1.80705
1.80478
1.79578
1.78056
1.76022
1.7364
1.71125
1.68729
1.66696
1.65222
1.64417
1.64291
1.64761
1.65667
1.66805
1.67977
1.69018
1.69803
1.70231
1.70212
1.69682
1.68641
1.67182
1.65502
1.6386
1.62492
1.61529
1.60958
1.6067
1.60595
1.60805
1.6149
1.62808
1.64759
1.67199
1.69943
1.72818
1.75682
1.78413
1.80892
1.82971
1.84464
1.85188
1.85038
1.84041
1.82349
1.8022
1.77973
1.75964
1.74553
1.74032
1.74564
1.7611
1.78427
1.81109
1.83702
1.858
1.87133
1.87598
1.87264
1.86317
1.84967
1.83339
1.8144
1.79253
1.76892
1.74657
1.72957
1.72152
1.72397
1.73608
1.75487
1.77598
1.79454
1.80628
1.80901
1.80393
1.79561
1.78884
1.78472
1.77994
1.77031
1.75424
1.7333
1.71102
1.69099
1.6754
1.66444
1.65644
1.64889
1.63979
1.62912
1.61964
1.61649
1.62456
1.64521
1.67539
1.70935
1.74087
1.76477
1.77789
1.77954
1.77141
1.75677
1.73955
1.72326
1.71045
1.70256
1.69999
1.70263
1.71044
1.72376
1.7423
1.76377
1.78403
1.79917
1.80749
1.80975
1.80802
1.80439
1.80022
1.79615
1.79252
1.78969
1.78813
1.78814
1.78961
1.79212
1.79515
1.79811
1.8
1.79933
1.79454
1.78495
1.77165
1.75767
1.74673
1.74115
1.74055
1.74259
1.74497
1.74671
1.74809
1.74991
1.75276
1.75625
1.75878
1.75808
1.75224
1.74067
1.7245
1.7065
1.69042
1.67998
1.67768
1.68394
1.69691
1.71322
1.72923
1.74223
1.75115
1.75659
1.76051
1.76569
1.77527
1.79189
1.81624
1.84576
1.87453
1.89526
1.90207
1.89233
1.86732
1.83191
1.79323
1.75836
1.73238
1.71801
1.71643
1.72711
1.74669
1.76888
1.78635
1.79317
1.78619
1.76544
1.73404
1.69745
1.66219
1.63351
1.61377
1.60246
1.5979
1.59884
1.60494
1.61617
1.63153
1.64858
1.66452
1.67747
1.68681
1.69257
1.69469
1.69275
1.68651
1.67664
1.66511
1.65471
1.64794
1.64623
1.64974
1.65776
1.66916
1.6824
1.69524
1.70509
1.7099
1.70923
1.70479
1.69997
1.69887
1.70447
1.71731
1.73496
1.75292
1.76648
1.77372
1.77764
1.78379
1.79389
1.80339
1.80707
1.80435
1.79908
1.79613
1.7985
1.80609
1.81638
1.82583
1.8313
1.83095
1.82434
1.81214
1.7955
1.77548
1.75288
1.72851
1.70354
1.67968
1.65883
1.64282
1.63303
1.63021
1.63447
1.64539
1.66213
1.6835
1.70795
1.73358
1.75814
1.77943
1.79558
1.8055
1.80911
1.80729
1.80179
1.79488
1.78917
1.787
1.78983
1.79758
1.80858
1.82001
1.82914
1.83442
1.83544
1.83231
1.82495
1.81294
1.79589
1.77408
1.74903
1.72342
1.69994
1.6802
1.66424
1.65168
1.64328
1.64135
1.6486
1.666
1.69149
1.72041
1.74766
1.76963
1.78474
1.79292
1.79505
1.79262
1.78744
1.78098
1.77375
1.76531
1.75492
1.74239
1.72863
1.71562
1.70606
1.70229
1.70522
1.71379
1.72561
1.73864
1.75242
1.76809
1.78692
1.80862
1.83073
1.84949
1.86118
1.86313
1.85412
1.8345
1.80607
1.77177
1.73505
1.6994
1.66785
1.6427
1.62549
1.61706
1.6176
1.62705
1.64536
1.67211
1.70537
1.74086
1.77264
1.7951
1.8049
1.80175
1.78819
1.7686
1.74782
1.73009
1.71838
1.71431
1.71803
1.72825
1.74253
1.75784
1.77117
1.77987
1.78174
1.77539
1.76105
1.74187
1.72411
1.71448
1.71541
1.72377
1.7345
1.74405
1.75077
1.75367
1.75174
1.74425
1.73132
1.71416
1.69466
1.67435
1.65373
1.63246
1.6107
1.59049
1.57556
1.56946
1.57315
1.58475
1.6012
1.61996
1.63895
1.656
1.66895
1.67686
1.68096
1.68457
1.69163
1.70481
1.72436
1.74826
1.7732
1.79553
1.81214
1.82108
1.822
1.81624
1.80641
1.79548
1.78595
1.77953
1.77709
1.77871
1.78352
1.78956
1.79432
1.79543
1.79111
1.78049
1.7636
1.74141
1.71569
1.68861
1.66261
1.64063
1.62595
1.62086
1.62489
1.6345
1.64502
1.65293
1.65686
1.65737
1.6561
1.6548
1.6545
1.65497
1.6551
1.65381
1.65114
1.64848
1.64774
1.6502
1.65607
1.66484
1.67602
1.6895
1.70544
1.72374
1.74378
1.76428
1.78319
1.79782
1.80542
1.80418
1.79401
1.77664
1.75501
1.73249
1.71231
1.69724
1.6892
1.6887
1.69425
1.70268
1.71048
1.71543
1.71774
1.71962
1.7235
1.73003
1.73754
1.74322
1.74501
1.74247
1.73653
1.7286
1.7199
1.71146
1.70441
1.70028
1.70087
1.70768
1.72074
1.73786
1.75504
1.76778
1.77239
1.76672
1.75031
1.72502
1.69571
1.6703
1.65766
1.6632
1.68566
1.71814
1.75237
1.78193
1.80364
1.81742
1.82535
1.83006
1.83297
1.83359
1.83056
1.82383
1.8157
1.80927
1.80497
1.79897
1.78547
1.76019
1.72286
1.67821
1.63561
1.60617
1.59797
1.6126
1.64489
1.68611
1.7283
1.76677
1.79992
1.8277
1.85014
1.86705
1.87827
1.88403
1.8848
1.88078
1.87142
1.85552
1.83197
1.80134
1.7679
1.73976
1.72378
1.71972
1.72197
1.72656
1.73361
1.74379
1.75514
1.76436
1.76992
1.77312
1.77691
1.78369
1.79415
1.80724
1.82114
1.83428
1.84587
1.85609
1.86582
1.87606
1.88731
1.89924
1.91066
1.91985
1.92476
1.9234
1.91423
1.89659
1.87119
1.84049
1.80873
1.78105
1.76215
1.75478
1.75891
1.77194
1.78954
1.80685
1.8199
1.82638
1.82576
1.81921
1.80918
1.79882
1.79089
1.787
1.78733
1.79093
1.79622
1.80136
1.80429
1.80296
1.79584
1.78239
1.7635
1.74158
1.71988
1.70146
1.68811
1.68001
1.67628
1.67575
1.67744
1.68042
1.68319
1.68353
1.6789
1.6673
1.6479
1.62117
1.58908
1.55521
1.52485
1.50396
1.49736
1.50695
1.53129
1.56647
1.60745
1.64882
1.68548
1.71347
1.73067
1.73704
1.73401
1.72378
1.70889
1.69199
1.67569
1.66243
1.65428
1.6526
1.65712
1.66521
1.67285
1.67697
1.67743
1.67692
1.67939
1.68803
1.70396
1.72569
1.74973
1.77162
1.78689
1.79192
1.7845
1.76436
1.73352
1.69635
1.65895
1.62771
1.79942
1.79647
1.79255
1.78805
1.78362
1.78006
1.77817
1.77852
1.78131
1.78629
1.79287
1.80027
1.80765
1.81426
1.81955
1.82327
1.82554
1.82688
1.82812
1.83022
1.83395
1.83961
1.84694
1.85519
1.86341
1.87072
1.87649
1.88041
1.88243
1.88277
1.88176
1.87986
1.87752
1.87512
1.87288
1.8709
1.86913
1.86751
1.86592
1.86428
1.86251
1.86052
1.85834
1.85618
1.85448
1.85384
1.85483
1.85779
1.86273
1.86936
1.87716
1.88555
1.89394
1.90178
1.90864
1.91417
1.9182
1.92067
1.92169
1.92148
1.92035
1.9187
1.91695
1.91552
1.91475
1.91486
1.91596
1.91797
1.92071
1.92392
1.92731
1.9306
1.93358
1.9361
1.9381
1.9396
1.94069
1.94149
1.94215
1.94277
1.9434
1.94406
1.94472
1.94535
1.94596
1.94657
1.94722
1.94795
1.94881
1.94977
1.95081
1.95188
1.95291
1.95389
1.95481
1.95568
1.95657
1.95754
1.95865
1.95996
1.9615
1.96328
1.96526
1.96739
1.9696
1.97178
1.97385
1.97572
1.97728
1.97845
1.97916
1.97936
1.97901
1.9781
1.9767
1.97489
1.97283
1.97075
1.96887
1.96739
1.96642
1.96594
1.96581
1.96576
1.96546
1.96461
1.96299
1.9605
1.95723
1.95352
1.94996
1.9473
1.94634
1.9477
1.95156
1.95762
1.96513
1.97315
1.98068
1.98687
1.99104
1.99265
1.99134
1.98707
1.98025
1.97199
1.96414
1.95889
1.95792
1.96161
1.96888
1.9778
1.98639
1.99313
1.99708
1.99773
1.99493
1.98877
1.97961
1.96819
1.9556
1.94333
1.93307
1.92635
1.92421
1.9269
1.93376
1.9435
1.95456
1.96549
1.97525
1.98326
1.98937
1.99373
1.99667
1.99857
1.99977
2.00055
2.00113
2.0016
2.00203
2.00241
2.00276
2.00306
2.00333
2.00358
2.00385
2.00415
2.00453
2.00499
2.00555
2.00619
2.00687
2.00751
2.00799
2.00816
2.0078
2.00669
2.00455
2.00112
1.99619
1.98975
1.98202
1.97367
1.96571
1.95934
1.95548
1.95444
1.95576
1.95852
1.96175
1.96472
1.96705
1.96865
1.96962
1.97019
1.97056
1.97091
1.97136
1.97194
1.97259
1.97325
1.9738
1.97414
1.97421
1.97399
1.97354
1.97295
1.97238
1.97204
1.97208
1.97262
1.97367
1.97516
1.97692
1.97872
1.98036
1.98165
1.98248
1.98278
1.98255
1.98186
1.9808
1.9795
1.97812
1.97678
1.97562
1.97472
1.97412
1.97384
1.97386
1.97414
1.97461
1.97522
1.97592
1.97664
1.97734
1.97794
1.97839
1.97859
1.97845
1.97784
1.97661
1.97455
1.97145
1.9671
1.96132
1.95412
1.94577
1.93694
1.92866
1.92213
1.91836
1.91783
1.92031
1.92501
1.93089
1.93701
1.94269
1.94757
1.95153
1.95462
1.95692
1.95852
1.95951
1.95997
1.96001
1.95969
1.95908
1.95818
1.95699
1.95557
1.95411
1.95299
1.95263
1.95337
1.95527
1.95807
1.96124
1.96419
1.96644
1.96763
1.96761
1.96633
1.9639
1.96048
1.95634
1.95184
1.94742
1.94352
1.94054
1.93876
1.93831
1.93909
1.94092
1.94348
1.94646
1.94955
1.95254
1.95524
1.95758
1.95952
1.96108
1.96229
1.96319
1.96385
1.9643
1.96461
1.9648
1.96491
1.96496
1.96498
1.96497
1.96495
1.96491
1.96486
1.9648
1.9647
1.96455
1.96434
1.96405
1.96365
1.96312
1.96246
1.96164
1.9607
1.95967
1.95861
1.95762
1.9568
1.95628
1.95616
1.9565
1.95732
1.95856
1.96011
1.96185
1.9636
1.96524
1.96663
1.96769
1.96834
1.96855
1.96833
1.96768
1.96667
1.96536
1.96385
1.96227
1.96071
1.95932
1.95819
1.95744
1.95717
1.95747
1.95843
1.96012
1.96252
1.96555
1.96904
1.97278
1.97652
1.98003
1.9831
1.98559
1.98737
1.98836
1.98847
1.98764
1.98577
1.98278
1.97862
1.97328
1.96684
1.95955
1.95191
1.94463
1.93863
1.93482
1.93387
1.93596
1.94071
1.94734
1.95489
1.96255
1.96971
1.97608
1.98153
1.98609
1.98986
1.99296
1.99551
1.99762
1.99939
2.00089
2.0022
2.00335
2.0044
2.0054
2.00636
2.00731
2.00828
2.00927
2.01028
2.01132
2.01234
2.01332
2.01418
2.01486
2.01526
2.01528
2.01485
2.01393
2.01257
2.01095
2.00934
2.00814
2.0077
2.00826
2.00982
2.01214
2.01476
2.01719
2.01897
2.0198
2.01948
2.01797
2.01529
2.01151
2.00674
2.00107
1.99462
1.98754
1.97998
1.97222
1.96463
1.95776
1.95224
1.94876
1.94788
1.94986
1.95465
1.96182
1.9707
1.98052
1.99052
2.00003
2.00849
2.01546
2.02061
2.0237
2.02463
2.02343
2.02031
2.01569
2.01025
2.00484
2.00037
1.99753
1.99665
1.99755
1.99968
2.00234
2.00486
2.00672
2.00759
2.0073
2.00581
2.00319
1.99963
1.99544
1.99106
1.98702
1.98388
1.98209
1.98188
1.98317
1.98563
1.98875
1.99201
1.99502
1.99749
1.99929
2.00041
2.00088
2.00081
2.00028
1.99941
1.99827
1.99695
1.99553
1.99409
1.99276
1.99168
1.99104
1.99102
1.99174
1.99323
1.99542
1.99815
2.00117
2.00424
2.00715
2.00974
2.0119
2.01354
2.01463
2.01512
2.015
2.01421
2.01272
2.01048
2.00749
2.00377
1.99943
1.99464
1.98967
1.98482
1.98042
1.97671
1.97381
1.97173
1.97039
1.96971
1.96966
1.97032
1.97181
1.97428
1.97782
1.98245
1.98806
1.99432
2.00069
2.00643
2.01079
2.01315
2.01329
2.01148
2.00853
2.00563
2.00399
2.00436
2.00676
2.01057
2.01494
2.0192
2.02302
2.02639
2.02946
2.03243
2.03544
2.03853
2.04167
2.04475
2.04766
2.05028
2.05247
2.05415
2.0552
2.05552
2.055
2.05351
2.0509
2.04706
2.04186
2.03525
2.02729
2.01823
2.00849
1.99872
1.98971
1.98222
1.9769
1.97412
1.97394
1.97608
1.97994
1.98475
1.98976
1.99438
1.99836
2.00173
2.00475
2.00774
2.01098
2.01458
2.01853
2.02272
2.02699
2.03119
2.03516
2.0388
2.04206
2.0449
2.04734
2.04938
2.05098
2.05208
2.05254
2.05217
2.05076
2.04814
2.04417
2.03888
2.03252
2.02555
2.01863
2.01246
2.00753
2.00401
2.00177
2.00047
1.99977
1.99951
1.99964
2.00021
2.00122
2.0026
2.00417
2.00565
2.00684
2.00757
2.00784
2.00778
2.00764
2.0077
2.00823
2.00942
2.01133
2.01389
2.0169
2.0201
2.02318
2.02586
2.02789
2.02913
2.02947
2.02888
2.02739
2.02507
2.02203
2.01844
2.01448
2.01043
2.00658
2.00321
2.00062
1.99899
1.99841
1.99881
2.00002
2.00174
2.00364
2.00538
2.00666
2.00728
2.00712
2.00621
2.00475
2.00312
2.0018
2.00131
2.00203
2.00408
2.00728
2.01122
2.01544
2.01949
2.02311
2.02615
2.02861
2.03053
2.03203
2.03322
2.03421
2.03511
2.03599
2.03689
2.03784
2.03884
2.03986
2.04086
2.04178
2.04255
2.04311
2.0434
2.04341
2.04312
2.0426
2.04191
2.04117
2.04049
2.03997
2.03971
2.03977
2.04018
2.04096
2.04206
2.04339
2.0448
2.04613
2.04723
2.04808
2.04873
2.04934
2.05006
2.05096
2.05194
2.05275
2.05307
2.0526
2.05117
2.04878
2.04564
2.04215
2.03884
2.03633
2.03518
2.03577
2.03821
2.04225
2.04736
2.05287
2.05811
2.06255
2.06587
2.06799
2.06902
2.06919
2.06883
2.06827
2.06779
2.06757
2.0677
2.06813
2.06874
2.06939
2.06992
2.07025
2.07032
2.07014
2.06979
2.06934
2.0689
2.06854
2.06831
2.06824
2.06831
2.06849
2.06871
2.06891
2.06906
2.06912
2.0691
2.06902
2.06893
2.06888
2.06891
2.06901
2.06913
2.06915
2.06888
2.06811
2.06657
2.06398
2.06012
2.05478
2.04793
2.03974
2.03081
2.0223
2.01583
2.01305
2.01477
2.02044
2.0283
2.03624
2.04263
2.04666
2.04823
2.04776
2.04591
2.0434
2.04092
2.03899
2.03794
2.03787
2.03869
2.04016
2.04196
2.04373
2.04517
2.04605
2.04629
2.04596
2.04522
2.04437
2.04367
2.04338
2.04363
2.04444
2.04573
2.04735
2.04913
2.05089
2.05251
2.05387
2.05489
2.05551
2.05566
2.05531
2.05442
2.05297
2.05101
2.04861
2.04588
2.04302
2.04024
2.03775
2.03576
2.03438
2.03362
2.03341
2.03358
2.03391
2.03418
2.03423
2.03393
2.03324
2.0322
2.03091
2.02954
2.02825
2.02725
2.02667
2.02663
2.02716
2.02823
2.02976
2.03163
2.03374
2.03597
2.03825
2.0405
2.04267
2.04472
2.04662
2.04829
2.04968
2.05067
2.05111
2.05077
2.04935
2.04647
2.04164
2.03431
2.02402
2.0106
1.99451
1.97724
1.96135
1.94981
1.94487
1.94694
1.95455
1.96526
1.97671
1.98721
1.99583
2.00219
2.00624
2.00805
2.00782
2.00591
2.00293
1.99974
1.99738
1.99677
1.99847
2.00243
2.0081
2.01465
2.02128
2.02736
2.03252
2.03661
2.0396
2.04155
2.04256
2.0427
2.04206
2.04071
2.03868
2.03602
2.03276
2.02893
2.02459
2.01985
2.01483
2.0097
2.00467
1.99993
1.99566
1.99203
1.98913
1.98704
1.98578
1.98536
1.98575
1.98686
1.98858
1.99077
1.99325
1.99587
1.99848
2.00097
2.00325
2.00529
2.00709
2.00863
2.00992
2.01095
2.01171
2.01213
2.01214
2.01163
2.01048
2.00854
2.0057
2.00187
1.99705
1.99136
1.98505
1.97845
1.97194
1.96578
1.9601
1.95492
1.95025
1.94626
1.94331
1.94189
1.94237
1.94486
1.94908
1.95439
1.96006
1.9654
1.96994
1.97341
1.97576
1.97706
1.97744
1.97707
1.97611
1.97473
1.97307
1.9713
1.96953
1.9679
1.9665
1.9654
1.96463
1.96419
1.96402
1.96404
1.96418
1.96434
1.96445
1.96446
1.96437
1.96418
1.96396
1.96377
1.9637
1.96381
1.96418
1.96483
1.96575
1.96691
