-6.48405
-6.48562
-6.48255
-6.47439
-6.46013
-6.44447
-6.42758
-6.41564
-6.40898
-6.40933
-6.4142
-6.42768
-6.44694
-6.47457
-6.51318
-6.55616
-6.60257
-6.64671
-6.69276
-6.73401
-6.76544
-6.7871
-6.80008
-6.80101
-6.79328
-6.77561
-6.7548
-6.7283
-6.70147
-6.67536
-6.65419
-6.63508
-6.6248
-6.61921
-6.6164
-6.61606
-6.61613
-6.61443
-6.60784
-6.59332
-6.58139
-6.57004
-6.55404
-6.53719
-6.51746
-6.49937
-6.48144
-6.46073
-6.44621
-6.43352
-6.42643
-6.42568
-6.43206
-6.44388
-6.46439
-6.48734
-6.51477
-6.53925
-6.56006
-6.57568
-6.58333
-6.58802
-6.58814
-6.59107
-6.59431
-6.5992
-6.60516
-6.60841
-6.60683
-6.60204
-6.59365
-6.58411
-6.57817
-6.57123
-6.56547
-6.5589
-6.55209
-6.54478
-6.53502
-6.527
-6.52525
-6.52945
-6.53927
-6.55456
-6.57022
-6.5886
-6.60672
-6.6209
-6.63564
-6.6413
-6.6446
-6.64106
-6.63127
-6.61899
-6.60289
-6.58958
-6.57779
-6.57118
-6.57245
-6.57933
-6.59449
-6.61231
-6.62966
-6.64531
-6.65587
-6.65712
-6.64758
-6.62709
-6.60446
-6.57773
-6.55373
-6.53726
-6.52997
-6.53445
-6.54798
-6.56518
-6.58491
-6.60217
-6.61079
-6.61107
-6.60233
-6.58521
-6.56136
-6.53536
-6.51104
-6.49519
-6.48968
-6.49458
-6.50918
-6.52898
-6.55502
-6.58227
-6.60575
-6.62386
-6.63614
-6.63728
-6.62715
-6.60648
-6.57991
-6.5452
-6.51057
-6.4814
-6.45958
-6.45209
-6.4577
-6.48091
-6.5079
-6.54002
-6.57296
-6.60612
-6.63533
-6.65776
-6.67648
-6.68951
-6.69578
-6.69384
-6.69031
-6.68587
-6.68907
-6.69896
-6.70966
-6.71862
-6.71998
-6.70853
-6.68447
-6.65077
-6.61145
-6.57036
-6.53484
-6.5079
-6.48894
-6.47993
-6.48094
-6.48967
-6.508
-6.52867
-6.54861
-6.56803
-6.58184
-6.59439
-6.60198
-6.60491
-6.60529
-6.60034
-6.59132
-6.58098
-6.57109
-6.56082
-6.55161
-6.5357
-6.51855
-6.50095
-6.47581
-6.45182
-6.4295
-6.41339
-6.40397
-6.40887
-6.42596
-6.45118
-6.48297
-6.51722
-6.54803
-6.57931
-6.60803
-6.63089
-6.65014
-6.65582
-6.65508
-6.64209
-6.6309
-6.62707
-6.63274
-6.6441
-6.66083
-6.67994
-6.69981
-6.71777
-6.73116
-6.73798
-6.7408
-6.73701
-6.72977
-6.71518
-6.6984
-6.68204
-6.66488
-6.65459
-6.6408
-6.62598
-6.60482
-6.58274
-6.55495
-6.52085
-6.48739
-6.45994
-6.44484
-6.44647
-6.46055
-6.48724
-6.51808
-6.54965
-6.57534
-6.59277
-6.60143
-6.60085
-6.59228
-6.57717
-6.56286
-6.54955
-6.54118
-6.54292
-6.54959
-6.56064
-6.57473
-6.58798
-6.59752
-6.60408
-6.60521
-6.60353
-6.59413
-6.58185
-6.56386
-6.54392
-6.52387
-6.51007
-6.50447
-6.50394
-6.50977
-6.52039
-6.53126
-6.53939
-6.5416
-6.53646
-6.52567
-6.5124
-6.49811
-6.49113
-6.49405
-6.5068
-6.53061
-6.56376
-6.60077
-6.64061
-6.67629
-6.70516
-6.72482
-6.73706
-6.73596
-6.72706
-6.70766
-6.67765
-6.63798
-6.59528
-6.54709
-6.50108
-6.46554
-6.44707
-6.4504
-6.47409
-6.51298
-6.5567
-6.59781
-6.62878
-6.64394
-6.64301
-6.6321
-6.6151
-6.59984
-6.58467
-6.57558
-6.57045
-6.56785
-6.56518
-6.55684
-6.54284
-6.52596
-6.50844
-6.49102
-6.47749
-6.47528
-6.48611
-6.5069
-6.53188
-6.55994
-6.58475
-6.6023
-6.61275
-6.62196
-6.62474
-6.62236
-6.61859
-6.61395
-6.60942
-6.60724
-6.6089
-6.60886
-6.61138
-6.61528
-6.61976
-6.62232
-6.62165
-6.61794
-6.60896
-6.5891
-6.56313
-6.53195
-6.49806
-6.46716
-6.44087
-6.42806
-6.43079
-6.44781
-6.47349
-6.50702
-6.54256
-6.5716
-6.59358
-6.60511
-6.60388
-6.59032
-6.56974
-6.54496
-6.52246
-6.50925
-6.51194
-6.52564
-6.55181
-6.58715
-6.62588
-6.66174
-6.68912
-6.71197
-6.72461
-6.72576
-6.71459
-6.69086
-6.66255
-6.62911
-6.59491
-6.56616
-6.54699
-6.53357
-6.53353
-6.54207
-6.55433
-6.56744
-6.58006
-6.5923
-6.59881
-6.60444
-6.60819
-6.6161
-6.6236
-6.63312
-6.6395
-6.6394
-6.63038
-6.60956
-6.5791
-6.54344
-6.50535
-6.4757
-6.455
-6.44954
-6.45279
-6.46646
-6.4894
-6.5183
-6.54638
-6.57052
-6.5896
-6.60129
-6.60737
-6.60835
-6.60465
-6.59766
-6.58982
-6.58311
-6.57457
-6.56709
-6.55948
-6.55289
-6.55094
-6.5499
-6.55107
-6.55593
-6.56341
-6.56946
-6.5773
-6.58254
-6.58415
-6.57999
-6.5668
-6.54398
-6.51683
-6.49423
-6.47545
-6.47385
-6.48411
-6.50366
-6.52878
-6.56113
-6.59215
-6.61991
-6.64792
-6.66973
-6.68661
-6.69613
-6.69909
-6.69889
-6.69254
-6.68005
-6.65921
-6.62941
-6.59498
-6.56115
-6.53282
-6.51726
-6.51153
-6.51866
-6.53759
-6.56124
-6.58617
-6.61059
-6.62529
-6.63345
-6.6317
-6.62643
-6.6204
-6.61672
-6.61712
-6.62051
-6.62481
-6.62732
-6.62689
-6.62162
-6.61498
-6.60097
-6.57992
-6.55438
-6.53018
-6.50815
-6.49394
-6.49098
-6.50655
-6.5307
-6.5677
-6.60606
-6.64277
-6.66794
-6.68308
-6.68097
-6.66955
-6.65097
-6.62928
-6.60796
-6.58924
-6.57517
-6.56465
-6.56145
-6.563
-6.56427
-6.56723
-6.57114
-6.57388
-6.57231
-6.56787
-6.55606
-6.54213
-6.52899
-6.52028
-6.51539
-6.51807
-6.52611
-6.53641
-6.54687
-6.55403
-6.554
-6.54981
-6.53923
-6.52318
-6.51051
-6.50557
-6.50926
-6.51794
-6.53117
-6.54996
-6.57157
-6.59162
-6.61587
-6.63798
-6.6551
-6.6689
-6.67747
-6.67992
-6.67609
-6.66528
-6.64869
-6.63167
-6.60988
-6.59027
-6.57171
-6.55823
-6.55102
-6.5484
-6.55182
-6.55965
-6.56748
-6.57372
-6.57225
-6.56737
-6.55865
-6.54558
-6.53515
-6.52817
-6.52539
-6.52812
-6.53868
-6.55588
-6.5757
-6.59856
-6.61821
-6.63557
-6.64996
-6.66226
-6.67229
-6.67574
-6.67215
-6.65589
-6.62773
-6.5929
-6.54806
-6.49973
-6.45494
-6.41624
-6.39412
-6.39134
-6.40734
-6.43949
-6.48353
-6.53391
-6.58764
-6.63769
-6.68245
-6.72189
-6.749
-6.76406
-6.76999
-6.76839
-6.7554
-6.73839
-6.71505
-6.68767
-6.65937
-6.62889
-6.6019
-6.57707
-6.55181
-6.53466
-6.5283
-6.52726
-6.5364
-6.55377
-6.57384
-6.58935
-6.59828
-6.59751
-6.58551
-6.56285
-6.53186
-6.49663
-6.46302
-6.43425
-6.42181
-6.42006
-6.43436
-6.46069
-6.48816
-6.51804
-6.54719
-6.5696
-6.58903
-6.59605
-6.59965
-6.60064
-6.60066
-6.60153
-6.60398
-6.60747
-6.61446
-6.61962
-6.62277
-6.62368
-6.62011
-6.61316
-6.60773
-6.60109
-6.60087
-6.60798
-6.61651
-6.62157
-6.61937
-6.61009
-6.59222
-6.57062
-6.55349
-6.5392
-6.5345
-6.53603
-6.53974
-6.54405
-6.54366
-6.53798
-6.533
-6.52487
-6.5162
-6.51012
-6.50649
-6.5031
-6.50518
-6.51007
-6.51948
-6.53398
-6.55125
-6.56591
-6.5818
-6.59874
-6.61617
-6.63503
-6.65285
-6.66716
-6.67404
-6.67428
-6.66589
-6.65514
-6.63753
-6.62309
-6.6094
-6.59874
-6.59105
-6.58705
-6.58747
-6.58806
-6.58677
-6.57979
-6.56784
-6.54858
-6.52242
-6.49413
-6.46984
-6.44879
-6.43579
-6.43023
-6.43726
-6.45401
-6.47714
-6.50667
-6.53869
-6.56796
-6.59091
-6.60588
-6.61263
-6.61059
-6.60335
-6.58952
-6.574
-6.56081
-6.5528
-6.5535
-6.56515
-6.58186
-6.60453
-6.6299
-6.65198
-6.67167
-6.68513
-6.69077
-6.68692
-6.67579
-6.65811
-6.63437
-6.60418
-6.56798
-6.52651
-6.47781
-6.43123
-6.39416
-6.37448
-6.37997
-6.40814
-6.45702
-6.5205
-6.58636
-6.64455
-6.68957
-6.71899
-6.7289
-6.72313
-6.70327
-6.67694
-6.65084
-6.62819
-6.61223
-6.60495
-6.60369
-6.60659
-6.60791
-6.60264
-6.59642
-6.59024
-6.58795
-6.59243
-6.60384
-6.61785
-6.62998
-6.63883
-6.6422
-6.64181
-6.63819
-6.63127
-6.62376
-6.6125
-6.59714
-6.57927
-6.55902
-6.53696
-6.5208
-6.51191
-6.51332
-6.52131
-6.53753
-6.55664
-6.5704
-6.57918
-6.57797
-6.56985
-6.55532
-6.54208
-6.53239
-6.52763
-6.52927
-6.53459
-6.5426
-6.55387
-6.56495
-6.5738
-6.58137
-6.59219
-6.59714
-6.6004
-6.59993
-6.59414
-6.58474
-6.56991
-6.55663
-6.54034
-6.52559
-6.518
-6.51897
-6.52244
-6.53251
-6.54563
-6.55838
-6.5707
-6.58703
-6.60485
-6.6211
-6.63622
-6.65217
-6.6632
-6.67055
-6.67112
-6.6676
-6.66094
-6.6456
-6.62608
-6.60255
-6.58158
-6.55773
-6.53574
-6.51926
-6.51432
-6.52207
-6.53925
-6.56428
-6.5879
-6.60696
-6.62018
-6.62587
-6.62139
-6.60976
-6.59448
-6.57935
-6.5673
-6.56276
-6.56122
-6.56462
-6.56412
-6.55737
-6.5439
-6.52504
-6.5036
-6.48506
-6.46987
-6.46398
-6.46352
-6.47203
-6.48587
-6.50756
-6.52799
-6.54813
-6.56375
-6.5709
-6.57016
-6.56378
-6.55388
-6.54552
-6.54073
-6.54204
-6.5514
-6.56616
-6.58214
-6.59715
-6.61427
-6.6327
-6.65267
-6.66843
-6.683
-6.69276
-6.69365
-6.68771
-6.67763
-6.66401
-6.65085
-6.64118
-6.63946
-6.63727
-6.64062
-6.64106
-6.63883
-6.62967
-6.61828
-6.60425
-6.58892
-6.57773
-6.57546
-6.58313
-6.59601
-6.61439
-6.63505
-6.6475
-6.65156
-6.64552
-6.62936
-6.60035
-6.56114
-6.51807
-6.46937
-6.42712
-6.39309
-6.38206
-6.3964
-6.43851
-6.48946
-6.53676
-6.57537
-6.59609
-6.60268
-6.60396
-6.60203
-6.59734
-6.59224
-6.59049
-6.59115
-6.59433
-6.59679
-6.6009
-6.60698
-6.6141
-6.62119
-6.62654
-6.62888
-6.63259
-6.63011
-6.62126
-6.60539
-6.58679
-6.56591
-6.54669
-6.5303
-6.5199
-6.51528
-6.52014
-6.52851
-6.54271
-6.55719
-6.57315
-6.58777
-6.59921
-6.60526
-6.60545
-6.6027
-6.59347
-6.58339
-6.5731
-6.56677
-6.56571
-6.5683
-6.57586
-6.58961
-6.60717
-6.62786
-6.64832
-6.663
-6.67132
-6.67441
-6.67046
-6.65564
-6.63675
-6.61252
-6.59177
-6.57108
-6.55334
-6.54041
-6.52874
-6.52137
-6.51485
-6.51165
-6.51171
-6.51957
-6.53017
-6.54338
-6.55704
-6.56972
-6.57509
-6.57337
-6.56904
-6.55651
-6.53976
-6.52019
-6.49933
-6.478
-6.4601
-6.4452
-6.43627
-6.43365
-6.44255
-6.46283
-6.49191
-6.52894
-6.56369
-6.59506
-6.61427
-6.6253
-6.62592
-6.6148
-6.6021
-6.58381
-6.56518
-4.89438
-4.91285
-4.93095
-4.94472
-4.9542
-4.95774
-4.95404
-4.94773
-4.93772
-4.92753
-4.92124
-4.91969
-4.92139
-4.92538
-4.92894
-4.92754
-4.91964
-4.90568
-4.88605
-4.86416
-4.84149
-4.82318
-4.81088
-4.80831
-4.81762
-4.84228
-4.87906
-4.92214
-4.96468
-5.00206
-5.02904
-5.04304
-5.04467
-5.03496
-5.01909
-4.99974
-4.98273
-4.97457
-4.97512
-4.98513
-4.99817
-5.01286
-5.02011
-5.02134
-5.01382
-4.99946
-4.98234
-4.96309
-4.94658
-4.93678
-4.93696
-4.94472
-4.96364
-4.98462
-5.00587
-5.02482
-5.03921
-5.04828
-5.05131
-5.05148
-5.05161
-5.05027
-5.0503
-5.04993
-5.04766
-5.0412
-5.02994
-5.01534
-5.00006
-4.98885
-4.98462
-4.9854
-4.99277
-5.00267
-5.01332
-5.02038
-5.02391
-5.02097
-5.01281
-5.00063
-4.98653
-4.97603
-4.96712
-4.96343
-4.96247
-4.9625
-4.96037
-4.95673
-4.95376
-4.95312
-4.95488
-4.95897
-4.96233
-4.9619
-4.95908
-4.95447
-4.95068
-4.95236
-4.95967
-4.973
-4.98438
-4.9918
-4.98956
-4.97905
-4.96116
-4.93934
-4.9134
-4.88704
-4.85912
-4.8334
-4.81222
-4.79862
-4.79492
-4.8019
-4.82097
-4.8509
-4.88771
-4.92533
-4.95779
-4.98004
-4.99129
-4.98928
-4.97687
-4.95834
-4.93534
-4.91465
-4.89814
-4.8882
-4.88651
-4.89254
-4.90665
-4.92424
-4.94461
-4.96466
-4.9833
-5.0004
-5.01542
-5.02781
-5.03649
-5.0428
-5.04769
-5.05031
-5.04738
-5.04019
-5.03149
-5.0186
-5.00511
-4.99456
-4.98555
-4.98224
-4.98541
-4.99088
-4.99529
-4.9951
-4.98928
-4.97601
-4.95662
-4.93887
-4.92444
-4.91892
-4.92125
-4.92816
-4.93973
-4.95369
-4.96837
-4.9831
-4.99947
-5.01936
-5.04002
-5.06402
-5.08432
-5.10169
-5.11316
-5.11792
-5.11407
-5.10119
-5.08024
-5.05219
-5.01904
-4.9847
-4.9542
-4.92999
-4.90931
-4.89346
-4.88001
-4.86667
-4.85247
-4.84095
-4.83376
-4.83234
-4.84084
-4.86031
-4.88792
-4.92091
-4.95361
-4.98089
-5.00282
-5.01688
-5.02466
-5.02622
-5.02391
-5.01725
-5.00634
-4.99213
-4.97462
-4.95344
-4.93272
-4.91424
-4.90229
-4.89929
-4.90714
-4.92317
-4.94208
-4.96035
-4.9748
-4.98307
-4.98582
-4.98756
-4.9873
-4.98951
-4.99235
-4.99751
-5.00486
-5.01543
-5.03158
-5.05231
-5.07258
-5.08758
-5.09103
-5.08169
-5.06129
-5.0347
-5.00883
-4.98587
-4.96444
-4.94259
-4.91642
-4.88641
-4.85709
-4.83121
-4.81812
-4.82248
-4.84398
-4.88
-4.92585
-4.97674
-5.02728
-5.07112
-5.10649
-5.13199
-5.14645
-5.15119
-5.14643
-5.13522
-5.11932
-5.1009
-5.08472
-5.07033
-5.06197
-5.05534
-5.05089
-5.04658
-5.03884
-5.02703
-5.01187
-4.99591
-4.97964
-4.96578
-4.95452
-4.94732
-4.94527
-4.94791
-4.95582
-4.96884
-4.98735
-5.00904
-5.03164
-5.05421
-5.07312
-5.09035
-5.09962
-5.10218
-5.09635
-5.08033
-5.05664
-5.02966
-5.00275
-4.98282
-4.97511
-4.97993
-4.99552
-5.01882
-5.04078
-5.05947
-5.06746
-5.06677
-5.05974
-5.04893
-5.03839
-5.03187
-5.02883
-5.02584
-5.01966
-5.00529
-4.98334
-4.95692
-4.93004
-4.90388
-4.88365
-4.86831
-4.85747
-4.85424
-4.85763
-4.86714
-4.88261
-4.901
-4.92047
-4.93647
-4.94932
-4.95611
-4.95646
-4.94922
-4.93638
-4.91971
-4.90155
-4.8881
-4.88204
-4.88597
-4.89986
-4.91814
-4.93603
-4.95151
-4.9631
-4.97112
-4.978
-4.98357
-4.99064
-4.99423
-4.99249
-4.98282
-4.96799
-4.94649
-4.92284
-4.90038
-4.88057
-4.86617
-4.85721
-4.85452
-4.8583
-4.86884
-4.88455
-4.89978
-4.91436
-4.92755
-4.93977
-4.95275
-4.96585
-4.98126
-4.99574
-5.00789
-5.01702
-5.0215
-5.01923
-5.00978
-4.99486
-4.97422
-4.95145
-4.92751
-4.90385
-4.88351
-4.86802
-4.85997
-4.85901
-4.86326
-4.87142
-4.88325
-4.89452
-4.90523
-4.91323
-4.91751
-4.91823
-4.91308
-4.90206
-4.88717
-4.86962
-4.85395
-4.84133
-4.8317
-4.82629
-4.8222
-4.82161
-4.82401
-4.83145
-4.84434
-4.8637
-4.8878
-4.91553
-4.94444
-4.97263
-5.00009
-5.02412
-5.04552
-5.06015
-5.06739
-5.06589
-5.05546
-5.03884
-5.018
-4.99523
-4.97408
-4.96103
-4.95658
-4.96189
-4.97736
-5.00052
-5.0278
-5.05388
-5.07396
-5.08668
-5.09119
-5.08679
-5.07717
-5.06336
-5.04693
-5.02658
-5.00472
-4.98156
-4.9589
-4.9419
-4.93355
-4.93599
-4.9478
-4.96615
-4.98802
-5.00643
-5.01802
-5.02059
-5.01537
-5.00704
-5.00027
-4.99615
-4.99183
-4.98008
-4.96491
-4.94352
-4.92139
-4.90166
-4.88547
-4.87482
-4.86742
-4.86033
-4.85108
-4.8401
-4.83077
-4.82701
-4.83553
-4.85679
-4.88667
-4.92017
-4.9526
-4.97605
-4.98903
-4.99007
-4.98163
-4.96639
-4.94977
-4.93363
-4.92127
-4.91323
-4.91081
-4.91375
-4.92141
-4.93474
-4.95342
-4.97414
-4.99395
-5.00924
-5.01726
-5.02088
-5.0199
-5.01581
-5.01194
-5.00848
-5.005
-5.00142
-5.00001
-4.99972
-5.00194
-5.00369
-5.00657
-5.01013
-5.01308
-5.01151
-5.00733
-4.99698
-4.98383
-4.96803
-4.95694
-4.95106
-4.95076
-4.95341
-4.95579
-4.95799
-4.95891
-4.96088
-4.96403
-4.96963
-4.97202
-4.97207
-4.96624
-4.95466
-4.93849
-4.92004
-4.90381
-4.89412
-4.89212
-4.89657
-4.91075
-4.92722
-4.94368
-4.95592
-4.96393
-4.97089
-4.97495
-4.97952
-4.98972
-5.00663
-5.03008
-5.06036
-5.08883
-5.10942
-5.11637
-5.10558
-5.08147
-5.04576
-5.00662
-4.97356
-4.94757
-4.9326
-4.93163
-4.94065
-4.95977
-4.98136
-4.9993
-5.00672
-5.0008
-4.98005
-4.94835
-4.91145
-4.87513
-4.84585
-4.82686
-4.81616
-4.81205
-4.81268
-4.81909
-4.83002
-4.84613
-4.86318
-4.87852
-4.89193
-4.90127
-4.90687
-4.91065
-4.90887
-4.90308
-4.89306
-4.88138
-4.87097
-4.86541
-4.86355
-4.86569
-4.87341
-4.88422
-4.89745
-4.90939
-4.91954
-4.92421
-4.92459
-4.9203
-4.91563
-4.91453
-4.92013
-4.93236
-4.95093
-4.96874
-4.98169
-4.98879
-4.9921
-4.99734
-5.00713
-5.01755
-5.02183
-5.0191
-5.01277
-5.01058
-5.0143
-5.02159
-5.03128
-5.04119
-5.04651
-5.04586
-5.0388
-5.02705
-5.00996
-4.99024
-4.96824
-4.94326
-4.91694
-4.89367
-4.87267
-4.85651
-4.84688
-4.8433
-4.84771
-4.85938
-4.87568
-4.8984
-4.92316
-4.94954
-4.97426
-4.99555
-5.01109
-5.02086
-5.02447
-5.02265
-5.01715
-5.01084
-5.00467
-5.00357
-5.00745
-5.01535
-5.02545
-5.03642
-5.0454
-5.05098
-5.0514
-5.04751
-5.0394
-5.02619
-5.00853
-4.98687
-4.96288
-4.93862
-4.91454
-4.89419
-4.87763
-4.86492
-4.85606
-4.8558
-4.86274
-4.8806
-4.90503
-4.9344
-4.96196
-4.98423
-4.99995
-5.00722
-5.00904
-5.00722
-5.00233
-4.99542
-4.9885
-4.98081
-4.97012
-4.95669
-4.94277
-4.92961
-4.9205
-4.91674
-4.91861
-4.92733
-4.93976
-4.95279
-4.96732
-4.98359
-5.00258
-5.02458
-5.04685
-5.06546
-5.07745
-5.0797
-5.07008
-5.05046
-5.02188
-4.98803
-4.95086
-4.91551
-4.8841
-4.8582
-4.84145
-4.83362
-4.83522
-4.84391
-4.86177
-4.88822
-4.92178
-4.95773
-4.9886
-5.01031
-5.02057
-5.01741
-5.0037
-4.98426
-4.96333
-4.94589
-4.93388
-4.93057
-4.93384
-4.94391
-4.95833
-4.97425
-4.98759
-4.99598
-4.9977
-4.99015
-4.9755
-4.95557
-4.9378
-4.92802
-4.92925
-4.93671
-4.94668
-4.95654
-4.96311
-4.966
-4.96483
-4.95735
-4.94411
-4.92725
-4.90881
-4.88804
-4.86773
-4.84585
-4.82409
-4.80328
-4.78835
-4.78239
-4.78609
-4.79708
-4.81323
-4.83259
-4.85129
-4.86773
-4.88098
-4.8895
-4.89345
-4.89736
-4.90442
-4.91835
-4.9382
-4.96135
-4.98493
-5.00666
-5.02282
-5.03146
-5.03312
-5.02767
-5.01844
-5.00826
-4.99919
-4.99337
-4.99078
-4.9918
-4.99661
-5.0025
-5.00726
-5.00867
-5.00405
-4.99388
-4.9773
-4.95481
-4.92878
-4.90139
-4.87524
-4.85387
-4.83888
-4.83485
-4.84024
-4.85001
-4.86007
-4.86874
-4.87161
-4.87182
-4.87039
-4.8691
-4.8697
-4.86987
-4.87015
-4.86946
-4.8668
-4.86504
-4.86384
-4.86706
-4.87308
-4.88216
-4.89288
-4.90636
-4.92154
-4.93909
-4.95838
-4.97903
-4.99809
-5.01287
-5.02199
-5.02075
-5.01163
-4.99471
-4.97323
-4.95086
-4.93038
-4.91485
-4.90681
-4.90677
-4.91322
-4.92091
-4.92689
-4.93108
-4.93385
-4.93633
-4.94006
-4.94674
-4.9544
-4.95933
-4.96127
-4.95828
-4.95113
-4.9432
-4.93419
-4.92591
-4.91796
-4.91352
-4.91426
-4.91986
-4.93156
-4.94974
-4.96662
-4.97966
-4.98579
-4.97936
-4.96265
-4.93675
-4.90683
-4.88127
-4.86847
-4.87416
-4.89723
-4.93078
-4.96516
-4.99563
-5.01734
-5.0296
-5.03829
-5.04315
-5.045
-5.04456
-5.04078
-5.0342
-5.02607
-5.02055
-5.017
-5.0101
-4.99706
-4.96982
-4.93309
-4.88843
-4.84568
-4.81637
-4.80833
-4.82372
-4.85587
-4.89724
-4.93897
-4.97744
-5.0109
-5.03973
-5.06263
-5.07908
-5.09196
-5.09773
-5.09925
-5.09509
-5.08573
-5.07013
-5.04688
-5.01534
-4.98296
-4.95557
-4.93838
-4.93568
-4.93808
-4.94237
-4.94897
-4.95975
-4.9714
-4.98063
-4.98573
-4.98787
-4.99302
-4.99919
-5.0092
-5.02244
-5.03756
-5.05069
-5.06334
-5.07265
-5.08313
-5.09247
-5.10357
-5.11504
-5.12572
-5.13611
-5.14132
-5.13966
-5.13019
-5.11256
-5.087
-5.05584
-5.02332
-4.99564
-4.97629
-4.96816
-4.97214
-4.98594
-5.00474
-5.0219
-5.03541
-5.04174
-5.04127
-5.03426
-5.02378
-5.01432
-5.0076
-5.00431
-5.0054
-5.0099
-5.01399
-5.01914
-5.0207
-5.01938
-5.01301
-5.00092
-4.98097
-4.9592
-4.9372
-4.91848
-4.90361
-4.89612
-4.89178
-4.89065
-4.89265
-4.89532
-4.89795
-4.89874
-4.89457
-4.88357
-4.86356
-4.83623
-4.80277
-4.76966
-4.73959
-4.71855
-4.71164
-4.72139
-4.74573
-4.78122
-4.82325
-4.86493
-4.90099
-4.92837
-4.94588
-4.95119
-4.94785
-4.93687
-4.92228
-4.90432
-4.88787
-4.8734
-4.86495
-4.86326
-4.86778
-4.87588
-4.88307
-4.88809
-4.88779
-4.88743
-4.8896
-4.89733
-4.91386
-4.93559
-4.96085
-4.98168
-4.99816
-5.00334
-4.99578
-4.97609
-4.946
-4.90868
-4.87052
-4.83883
-0.130401
-0.127455
-0.123534
-0.119037
-0.114603
-0.111042
-0.109153
-0.10951
-0.112292
-0.11727
-0.12386
-0.131263
-0.138649
-0.145257
-0.15055
-0.154266
-0.156537
-0.157875
-0.159115
-0.161209
-0.16493
-0.1706
-0.177929
-0.186186
-0.194403
-0.201716
-0.207487
-0.2114
-0.213414
-0.213745
-0.212724
-0.210832
-0.208496
-0.206084
-0.203845
-0.201861
-0.200123
-0.198497
-0.196923
-0.195287
-0.193506
-0.191522
-0.189339
-0.187183
-0.185483
-0.184839
-0.185833
-0.188792
-0.193726
-0.200355
-0.208156
-0.216547
-0.224939
-0.232777
-0.239634
-0.245167
-0.249209
-0.251677
-0.252698
-0.252483
-0.251357
-0.249704
-0.247957
-0.24653
-0.245757
-0.245884
-0.246979
-0.248993
-0.251739
-0.254947
-0.258334
-0.261622
-0.2646
-0.267126
-0.269129
-0.270635
-0.271732
-0.272545
-0.273205
-0.273825
-0.274458
-0.275113
-0.275763
-0.2764
-0.277006
-0.277611
-0.27826
-0.278998
-0.279853
-0.28081
-0.281853
-0.282916
-0.283945
-0.284928
-0.285842
-0.286714
-0.2876
-0.288562
-0.289679
-0.290989
-0.292539
-0.294323
-0.296304
-0.298442
-0.300645
-0.302826
-0.304896
-0.306758
-0.308313
-0.309491
-0.310211
-0.310404
-0.310044
-0.309144
-0.307738
-0.305927
-0.30387
-0.301793
-0.299919
-0.298444
-0.297474
-0.297
-0.296863
-0.296805
-0.296516
-0.295669
-0.294046
-0.291555
-0.288288
-0.284581
-0.281014
-0.27835
-0.277393
-0.278757
-0.282613
-0.288668
-0.296185
-0.3042
-0.31173
-0.317932
-0.322103
-0.323706
-0.322404
-0.318137
-0.311308
-0.303047
-0.29519
-0.289935
-0.288964
-0.292659
-0.299935
-0.308855
-0.317448
-0.324186
-0.328131
-0.328791
-0.325992
-0.31983
-0.310684
-0.29926
-0.28667
-0.274411
-0.264151
-0.257434
-0.255296
-0.25798
-0.264843
-0.274589
-0.285645
-0.296583
-0.306336
-0.314343
-0.320454
-0.32482
-0.327766
-0.329656
-0.33086
-0.331647
-0.332226
-0.3327
-0.333113
-0.333501
-0.333858
-0.33416
-0.334437
-0.334688
-0.334947
-0.335241
-0.335613
-0.336075
-0.336636
-0.337276
-0.337954
-0.338592
-0.339075
-0.339235
-0.338885
-0.337767
-0.335627
-0.332202
-0.327283
-0.320835
-0.313116
-0.304769
-0.296818
-0.290438
-0.286594
-0.285551
-0.28687
-0.289636
-0.292867
-0.295837
-0.298179
-0.299768
-0.300752
-0.301314
-0.30168
-0.30203
-0.302473
-0.303043
-0.303701
-0.304357
-0.304901
-0.305239
-0.305308
-0.305094
-0.304641
-0.304045
-0.303486
-0.303146
-0.303184
-0.303727
-0.304781
-0.306272
-0.308023
-0.309835
-0.311472
-0.312765
-0.313585
-0.313885
-0.313656
-0.312962
-0.311895
-0.310593
-0.3092
-0.307868
-0.306709
-0.305807
-0.30522
-0.304953
-0.304977
-0.305251
-0.305721
-0.306329
-0.307018
-0.30774
-0.308439
-0.309041
-0.309479
-0.30969
-0.309556
-0.308946
-0.307712
-0.305649
-0.302559
-0.298205
-0.292427
-0.285221
-0.276871
-0.268047
-0.259771
-0.253235
-0.249469
-0.248941
-0.251415
-0.256119
-0.262002
-0.268117
-0.273805
-0.278686
-0.282645
-0.285746
-0.288046
-0.289639
-0.290617
-0.291084
-0.291121
-0.290816
-0.290211
-0.289307
-0.288115
-0.286686
-0.285228
-0.284102
-0.283739
-0.284482
-0.286385
-0.289181
-0.292352
-0.295313
-0.297548
-0.298741
-0.298707
-0.297432
-0.295003
-0.291589
-0.287444
-0.282945
-0.278519
-0.274619
-0.271627
-0.269857
-0.269398
-0.270197
-0.272027
-0.27459
-0.277569
-0.280661
-0.28364
-0.286345
-0.28869
-0.290621
-0.292177
-0.29339
-0.294278
-0.294936
-0.295407
-0.295719
-0.295924
-0.296033
-0.296096
-0.296109
-0.296108
-0.296088
-0.296053
-0.295995
-0.295929
-0.295831
-0.295684
-0.295464
-0.295168
-0.29477
-0.294236
-0.293571
-0.292757
-0.291818
-0.290779
-0.289717
-0.288721
-0.287908
-0.287397
-0.28727
-0.287612
-0.288425
-0.289666
-0.291218
-0.292957
-0.294725
-0.296379
-0.297771
-0.298822
-0.29947
-0.299699
-0.299474
-0.29882
-0.297811
-0.296498
-0.294998
-0.293416
-0.291867
-0.290477
-0.289355
-0.288604
-0.288331
-0.288627
-0.289594
-0.291274
-0.293664
-0.296692
-0.300179
-0.303923
-0.307659
-0.31117
-0.314241
-0.316727
-0.318509
-0.319504
-0.319618
-0.318778
-0.316915
-0.313931
-0.309775
-0.304434
-0.297997
-0.290711
-0.283062
-0.275783
-0.269785
-0.265964
-0.265006
-0.267096
-0.271847
-0.278473
-0.286022
-0.29367
-0.30084
-0.307207
-0.312658
-0.31721
-0.32098
-0.324093
-0.326648
-0.328752
-0.330518
-0.332022
-0.333328
-0.334497
-0.33556
-0.336546
-0.337511
-0.338463
-0.339434
-0.340418
-0.341437
-0.342472
-0.343499
-0.344472
-0.345334
-0.346016
-0.346413
-0.346432
-0.345989
-0.345065
-0.343708
-0.342087
-0.340481
-0.339264
-0.338826
-0.33939
-0.340952
-0.343274
-0.345894
-0.348314
-0.350101
-0.350927
-0.350613
-0.349102
-0.346425
-0.342646
-0.337866
-0.332198
-0.325759
-0.318668
-0.311102
-0.303336
-0.295749
-0.288877
-0.283355
-0.279881
-0.278989
-0.28097
-0.285762
-0.292931
-0.301818
-0.31163
-0.321632
-0.331127
-0.339589
-0.346562
-0.351702
-0.354788
-0.35571
-0.354514
-0.35139
-0.346776
-0.341341
-0.335928
-0.331454
-0.328615
-0.327734
-0.328639
-0.330774
-0.333434
-0.335945
-0.337804
-0.338684
-0.338407
-0.336905
-0.334293
-0.330737
-0.326546
-0.322176
-0.318134
-0.314993
-0.313197
-0.31299
-0.314281
-0.316737
-0.319856
-0.323122
-0.32612
-0.32859
-0.330391
-0.331511
-0.331982
-0.331904
-0.331375
-0.330503
-0.329367
-0.328039
-0.32662
-0.325183
-0.323846
-0.322768
-0.322133
-0.322114
-0.322843
-0.324333
-0.326518
-0.329255
-0.332272
-0.335346
-0.338258
-0.34085
-0.342999
-0.344634
-0.345715
-0.346211
-0.346084
-0.345294
-0.343809
-0.341576
-0.338577
-0.334856
-0.330501
-0.325711
-0.320737
-0.315889
-0.311488
-0.307774
-0.304873
-0.30279
-0.301453
-0.300771
-0.300719
-0.301375
-0.302866
-0.305324
-0.308867
-0.3135
-0.319107
-0.325369
-0.331741
-0.337487
-0.34185
-0.344206
-0.344348
-0.342533
-0.339587
-0.336689
-0.335052
-0.33542
-0.337817
-0.341632
-0.346004
-0.350275
-0.354098
-0.357465
-0.360542
-0.363517
-0.366538
-0.369633
-0.372765
-0.375848
-0.378759
-0.381372
-0.383574
-0.385248
-0.386294
-0.386618
-0.386093
-0.384602
-0.381996
-0.378151
-0.372944
-0.366347
-0.358386
-0.349307
-0.339564
-0.329791
-0.320776
-0.313296
-0.307978
-0.305196
-0.305014
-0.307164
-0.311014
-0.315822
-0.320817
-0.325439
-0.329412
-0.332785
-0.335806
-0.338806
-0.34205
-0.345656
-0.349603
-0.353796
-0.358071
-0.362273
-0.366241
-0.369895
-0.37315
-0.375993
-0.378436
-0.380477
-0.38207
-0.383155
-0.383603
-0.383233
-0.381827
-0.379195
-0.375232
-0.369946
-0.363576
-0.356606
-0.3497
-0.343535
-0.338607
-0.335093
-0.332844
-0.331543
-0.330857
-0.330597
-0.330733
-0.331297
-0.332302
-0.333701
-0.335255
-0.336744
-0.337934
-0.338657
-0.338924
-0.338872
-0.338737
-0.3388
-0.339334
-0.340518
-0.342422
-0.344973
-0.347992
-0.351198
-0.354276
-0.356948
-0.358975
-0.360221
-0.360547
-0.359964
-0.358469
-0.356154
-0.353115
-0.349513
-0.345559
-0.341504
-0.337646
-0.334282
-0.331688
-0.330054
-0.329473
-0.329874
-0.331076
-0.332793
-0.334702
-0.336435
-0.33772
-0.338334
-0.33817
-0.337262
-0.335807
-0.334168
-0.332844
-0.332365
-0.333087
-0.335141
-0.338334
-0.342281
-0.346482
-0.350542
-0.354161
-0.357208
-0.35965
-0.361569
-0.363077
-0.364266
-0.365253
-0.366143
-0.367018
-0.367919
-0.368877
-0.369882
-0.370894
-0.371891
-0.372812
-0.373588
-0.374147
-0.374438
-0.374441
-0.374148
-0.373623
-0.372934
-0.372187
-0.371499
-0.370984
-0.370724
-0.370788
-0.371191
-0.37197
-0.373067
-0.374386
-0.37581
-0.377137
-0.378247
-0.379104
-0.379753
-0.380358
-0.381079
-0.381977
-0.382952
-0.38376
-0.384077
-0.383608
-0.38218
-0.379789
-0.376652
-0.373162
-0.369852
-0.367345
-0.366202
-0.366798
-0.369238
-0.373275
-0.378399
-0.383919
-0.389163
-0.393604
-0.396923
-0.399047
-0.400063
-0.400234
-0.399875
-0.399313
-0.398837
-0.398631
-0.398764
-0.399191
-0.399809
-0.400444
-0.400986
-0.40131
-0.401378
-0.4012
-0.400837
-0.400393
-0.399957
-0.399602
-0.399377
-0.399308
-0.399378
-0.399551
-0.399769
-0.39996
-0.400109
-0.400165
-0.40014
-0.400061
-0.39997
-0.399922
-0.399957
-0.400064
-0.400187
-0.400213
-0.399947
-0.399177
-0.397628
-0.395041
-0.391173
-0.38584
-0.378981
-0.370794
-0.361876
-0.353361
-0.346893
-0.344108
-0.345837
-0.35151
-0.359376
-0.367317
-0.37371
-0.377747
-0.379311
-0.378838
-0.376971
-0.374461
-0.371977
-0.370048
-0.369008
-0.368938
-0.369755
-0.371237
-0.373034
-0.374792
-0.376234
-0.377118
-0.377358
-0.377031
-0.376292
-0.375435
-0.374739
-0.374444
-0.374686
-0.375495
-0.376781
-0.378396
-0.380177
-0.381942
-0.383558
-0.384922
-0.385946
-0.386559
-0.386716
-0.386359
-0.38546
-0.384017
-0.382061
-0.379658
-0.376933
-0.374069
-0.371286
-0.368796
-0.366802
-0.365415
-0.364664
-0.364453
-0.364624
-0.364953
-0.36523
-0.365281
-0.364987
-0.364297
-0.363263
-0.361975
-0.360591
-0.359304
-0.358297
-0.357713
-0.357681
-0.358207
-0.35928
-0.3608
-0.362681
-0.364793
-0.367027
-0.369291
-0.371552
-0.373717
-0.375767
-0.377657
-0.379332
-0.38072
-0.381713
-0.382153
-0.381814
-0.380396
-0.377512
-0.372679
-0.365357
-0.355074
-0.341647
-0.325557
-0.308283
-0.292389
-0.280858
-0.275919
-0.277983
-0.285606
-0.296327
-0.307789
-0.318276
-0.326902
-0.333274
-0.337319
-0.339131
-0.338902
-0.337
-0.334017
-0.330829
-0.328467
-0.327859
-0.329551
-0.333522
-0.339186
-0.345738
-0.352365
-0.358443
-0.363611
-0.367705
-0.370707
-0.372649
-0.373641
-0.373773
-0.373148
-0.371802
-0.369774
-0.36712
-0.363854
-0.360032
-0.355703
-0.350954
-0.345938
-0.340818
-0.335792
-0.331049
-0.326783
-0.323158
-0.32026
-0.318165
-0.316912
-0.316489
-0.316867
-0.31798
-0.3197
-0.321887
-0.324368
-0.326991
-0.329601
-0.332085
-0.334372
-0.336414
-0.338208
-0.33975
-0.341039
-0.34207
-0.342836
-0.343253
-0.343262
-0.342752
-0.341601
-0.339668
-0.336829
-0.332998
-0.328181
-0.322494
-0.316175
-0.30958
-0.303065
-0.296913
-0.291234
-0.286054
-0.281389
-0.277403
-0.27446
-0.27303
-0.273519
-0.276013
-0.280228
-0.285555
-0.291222
-0.296558
-0.301094
-0.304569
-0.306903
-0.308205
-0.308583
-0.308217
-0.307257
-0.305878
-0.304222
-0.302445
-0.300677
-0.299045
-0.297652
-0.296557
-0.29579
-0.295344
-0.295178
-0.295208
-0.295344
-0.295504
-0.295623
-0.295636
-0.295535
-0.295364
-0.29515
-0.294965
-0.294891
-0.295012
-0.295381
-0.296028
-0.296957
-0.298116
