-5.28267
-5.28365
-5.28397
-5.2843
-5.283
-5.28267
-5.28041
-5.27943
-5.27846
-5.27911
-5.27911
-5.2817
-5.28235
-5.28235
-5.28462
-5.28462
-5.2843
-5.28106
-5.28203
-5.28333
-5.28236
-5.28106
-5.28171
-5.28106
-5.28171
-5.28073
-5.28267
-5.28235
-5.28234
-5.28137
-5.28169
-5.2791
-5.27975
-5.27975
-5.27846
-5.27781
-5.27846
-5.28041
-5.28138
-5.27781
-5.27911
-5.28235
-5.28202
-5.28202
-5.2804
-5.28137
-5.28267
-5.28008
-5.28105
-5.27975
-5.27878
-5.27813
-5.27813
-5.27684
-5.27781
-5.27619
-5.27684
-5.27587
-5.27588
-5.27717
-5.27685
-5.27814
-5.27685
-5.27814
-5.27846
-5.27944
-5.2817
-5.283
-5.28235
-5.2817
-5.28008
-5.27879
-5.28138
-5.28268
-5.28494
-5.28656
-5.28818
-5.28915
-5.28656
-5.28332
-5.28267
-5.28332
-5.28462
-5.28688
-5.28624
-5.28656
-5.28656
-5.28429
-5.28591
-5.28332
-5.28429
-5.28462
-5.28429
-5.28559
-5.28494
-5.28623
-5.28558
-5.28461
-5.28461
-5.28299
-5.28332
-5.28235
-5.2804
-5.28008
-5.28138
-5.28235
-5.28235
-5.28041
-5.28267
-5.28299
-5.28331
-5.28396
-5.28364
-5.28429
-5.28493
-5.28364
-5.28365
-5.2843
-5.283
-5.28235
-5.28235
-5.28268
-5.28235
-5.28202
-5.28105
-5.28202
-5.28364
-5.28461
-5.28494
-5.28267
-5.28235
-5.28267
-5.28203
-5.2817
-5.28365
-5.28429
-5.28429
-5.28397
-5.28623
-5.28558
-5.28558
-5.28622
-5.28428
-5.28331
-5.28137
-5.28493
-5.28396
-5.28396
-5.28396
-5.28558
-5.28623
-5.28429
-5.28397
-5.28429
-5.28461
-5.28267
-5.28267
-5.28137
-5.28331
-5.2859
-5.28558
-5.28526
-5.28527
-5.28462
-5.28461
-5.28591
-5.28752
-5.2872
-5.2872
-5.28752
-5.28655
-5.2859
-5.28558
-5.28396
-5.28493
-5.28429
-5.28234
-5.28202
-5.27975
-5.2804
-5.2804
-5.28007
-5.28137
-5.28104
-5.27942
-5.27813
-5.27813
-5.27845
-5.28104
-5.2791
-5.2791
-5.28234
-5.28105
-5.28201
-5.28266
-5.28363
-5.28169
-5.28201
-5.28233
-5.28104
-5.28072
-5.28137
-5.27975
-5.28072
-5.2817
-5.28073
-5.28299
-5.2817
-5.28494
-5.28331
-5.28363
-5.2846
-5.2859
-5.28525
-5.28493
-5.28428
-5.28396
-5.28364
-5.28267
-5.2804
-5.28008
-5.27943
-5.28137
-5.28073
-5.28072
-5.2817
-5.28072
-5.28493
-5.28493
-5.28526
-5.28299
-5.28526
-5.28753
-5.2872
-5.28687
-5.2859
-5.28493
-5.28525
-5.28331
-5.28332
-5.28267
-5.28365
-5.28397
-5.28397
-5.2843
-5.28429
-5.28397
-5.28235
-5.28332
-5.28331
-5.28299
-5.28558
-5.28591
-5.28526
-5.28526
-5.28494
-5.28364
-5.28332
-5.28234
-5.28396
-5.28364
-5.28591
-5.28655
-5.28687
-5.28558
-5.2859
-5.28752
-5.28655
-5.28525
-5.28461
-5.28364
-5.28299
-5.28234
-5.2817
-5.28202
-5.28363
-5.28363
-5.28525
-5.28686
-5.28622
-5.28493
-5.28396
-5.28202
-5.28267
-5.28299
-5.28332
-5.28299
-5.28461
-5.28267
-5.28299
-5.283
-5.28235
-5.28105
-5.28364
-5.28364
-5.28266
-5.28169
-5.28071
-5.28071
-5.28104
-5.28202
-5.28202
-5.28267
-5.28365
-5.283
-5.28073
-5.28008
-5.27976
-5.28169
-5.27975
-5.27846
-5.27716
-5.27749
-5.27976
-5.2804
-5.28008
-5.28073
-5.28234
-5.28202
-5.27942
-5.27845
-5.27943
-5.28072
-5.2804
-5.28202
-5.28332
-5.28268
-5.28105
-5.28397
-5.28526
-5.28494
-5.28526
-5.28526
-5.28461
-5.28461
-5.28623
-5.28397
-5.28267
-5.28203
-5.28235
-5.28236
-5.28203
-5.283
-5.28462
-5.28268
-5.28236
-5.28333
-5.28462
-5.28656
-5.28494
-5.28396
-5.28364
-5.28364
-5.2817
-5.28171
-5.283
-5.28203
-5.28236
-5.28333
-5.28366
-5.28268
-5.28268
-5.2817
-5.2804
-5.27975
-5.28202
-5.28105
-5.28041
-5.28106
-5.28235
-5.28268
-5.28009
-5.28106
-5.28171
-5.28203
-5.28171
-5.27976
-5.28171
-5.283
-5.283
-5.283
-5.28364
-5.27976
-5.27976
-5.28106
-5.28171
-5.28171
-5.28203
-5.2843
-5.28365
-5.2843
-5.28365
-5.28592
-5.28559
-5.28624
-5.28592
-5.28527
-5.28495
-5.28333
-5.28139
-5.28009
-5.27717
-5.27781
-5.27781
-5.28073
-5.27976
-5.27846
-5.27879
-5.28106
-5.28203
-5.28171
-5.28138
-5.28009
-5.27976
-5.28008
-5.28008
-5.27976
-5.28041
-5.28299
-5.28364
-5.28429
-5.28299
-5.2804
-5.28008
-5.27846
-5.27716
-5.27781
-5.27943
-5.27846
-5.27911
-5.27878
-5.27911
-5.28073
-5.28235
-5.283
-5.28397
-5.28688
-5.28363
-5.28396
-5.28364
-5.28332
-5.28235
-5.28494
-5.28494
-5.283
-5.28494
-5.28591
-5.28785
-5.28818
-5.28721
-5.28818
-5.28851
-5.28915
-5.28883
-5.28656
-5.28429
-5.28267
-5.28105
-5.28202
-5.2804
-5.27975
-5.28138
-5.2817
-5.28138
-5.283
-5.28139
-5.28203
-5.28138
-5.28267
-5.28397
-5.28429
-5.28397
-5.28332
-5.283
-5.28267
-5.28267
-5.28203
-5.28494
-5.28591
-5.28494
-5.28299
-5.28299
-5.28202
-5.28137
-5.2804
-5.28364
-5.28137
-5.2817
-5.27976
-5.28009
-5.27912
-5.28171
-5.28074
-5.28138
-5.2817
-5.2817
-5.2817
-5.2817
-5.28234
-5.2817
-5.28332
-5.28526
-5.28364
-5.28203
-5.2817
-5.28267
-5.28365
-5.28688
-5.2872
-5.28753
-5.28752
-5.28785
-5.28623
-5.28623
-5.28655
-5.28591
-5.28494
-5.28365
-5.28138
-5.28268
-5.28397
-5.28235
-5.2817
-5.28234
-5.28364
-5.28267
-5.28105
-5.2817
-5.283
-5.28138
-5.28365
-5.28494
-5.2843
-5.28495
-5.28592
-5.28657
-5.28657
-5.28495
-5.28236
-5.28333
-5.28203
-5.28332
-5.28365
-5.28462
-5.28559
-5.28429
-5.28332
-5.28365
-5.28397
-5.28527
-5.283
-5.28203
-5.28138
-5.27879
-5.27879
-5.27943
-5.27911
-5.27781
-5.27781
-5.27911
-5.27976
-5.28235
-5.28235
-5.2817
-5.2804
-5.28008
-5.2817
-5.28268
-5.28462
-5.28365
-5.28138
-5.28235
-5.28105
-5.28008
-5.28105
-5.28007
-5.28136
-5.28331
-5.28428
-5.28428
-5.28396
-5.28332
-5.28429
-5.28397
-5.28397
-5.28656
-5.28624
-5.28397
-5.28268
-5.28333
-5.28106
-5.28203
-5.28235
-5.28235
-5.283
-5.28138
-5.28203
-5.28267
-5.27944
-5.27879
-5.28105
-5.27911
-5.27814
-5.27879
-5.28008
-5.27976
-5.28009
-5.28074
-5.28138
-5.28203
-5.28268
-5.28332
-5.28429
-5.28267
-5.28493
-5.28299
-5.28299
-5.28429
-5.28073
-5.27847
-5.27847
-5.2775
-5.28041
-5.2775
-5.27652
-5.27652
-5.27717
-5.27846
-5.27976
-5.28008
-5.28235
-5.28267
-5.28268
-5.28365
-5.28397
-5.28397
-5.28623
-5.28461
-5.28397
-5.28494
-5.28462
-5.28333
-5.28203
-5.283
-5.283
-5.28235
-5.28397
-5.28235
-5.283
-5.28397
-5.2843
-5.28592
-5.28592
-5.2843
-5.28592
-5.28527
-5.28365
-5.28365
-5.28462
-5.28332
-5.28364
-5.28202
-5.28041
-5.28073
-5.28235
-5.28073
-5.27976
-5.27879
-5.27717
-5.27685
-5.2775
-5.27912
-5.27976
-5.28106
-5.28041
-5.28235
-5.28008
-5.28137
-5.28202
-5.28299
-5.28332
-5.28332
-5.28429
-5.28397
-5.28332
-5.28171
-5.28203
-5.28235
-5.28138
-5.28073
-5.28267
-5.28299
-5.28396
-5.28331
-5.28526
-5.28688
-5.28623
-5.28623
-5.28688
-5.28688
-5.28591
-5.28462
-5.28397
-5.28332
-5.28494
-5.28494
-5.28494
-5.28526
-5.28526
-5.28591
-5.2885
-5.28818
-5.2885
-5.28947
-5.28818
-5.28818
-5.28786
-5.28721
-5.28527
-5.28397
-5.28332
-5.283
-5.28235
-5.28203
-5.28268
-5.28041
-5.27943
-5.2791
-5.27878
-5.2804
-5.28008
-5.27943
-5.28041
-5.28106
-5.28107
-5.28171
-5.28398
-5.28463
-5.28592
-5.28592
-5.28688
-5.28915
-5.29012
-5.28947
-5.28882
-5.28785
-5.2885
-5.28883
-5.28624
-5.28623
-5.28688
-5.28752
-5.28785
-5.28817
-5.28753
-5.28591
-5.28526
-5.28462
-5.28494
-5.28526
-5.28429
-5.28461
-5.28396
-5.28299
-5.28332
-5.28364
-5.28169
-5.28169
-5.28169
-5.28266
-5.28104
-5.28105
-5.2817
-5.27976
-5.27976
-5.27879
-5.27911
-5.27781
-5.27813
-5.27845
-5.27813
-5.27845
-5.2778
-5.27683
-5.2778
-5.27845
-5.27748
-5.27619
-5.27942
-5.27878
-5.27943
-5.2804
-5.28072
-5.28202
-5.28137
-5.28396
-5.28298
-5.28072
-5.28072
-5.28331
-5.28234
-5.28298
-5.28363
-5.28266
-5.28072
-5.28201
-5.28363
-5.28298
-5.28169
-5.28298
-5.28234
-5.28234
-5.28105
-5.2817
-5.28493
-5.28428
-5.28331
-5.28137
-5.28396
-5.28363
-5.28201
-5.27877
-5.27683
-5.2765
-5.27651
-5.2791
-5.27942
-5.27845
-5.27813
-5.27878
-5.27813
-5.2778
-5.27812
-5.27877
-5.27877
-5.28039
-5.27974
-5.28201
-5.28266
-5.28266
-5.28266
-5.28266
-5.28233
-5.2833
-5.28265
-5.28395
-5.28233
-5.28168
-5.27974
-5.28136
-5.2804
-5.28105
-5.28202
-5.28137
-5.2804
-5.2804
-5.28072
-5.28233
-5.28298
-5.28266
-5.28331
-5.28428
-5.28396
-5.28201
-5.28201
-5.28299
-5.28525
-5.28428
-5.28526
-5.28687
-5.28655
-5.28622
-5.28687
-5.28622
-5.28525
-5.2846
-5.28751
-5.2859
-5.28752
-5.28687
-5.2872
-5.2859
-5.2872
-5.28816
-5.28654
-5.28427
-5.28362
-5.2846
-5.2833
-5.28298
-5.28493
-5.28363
-5.28299
-5.28363
-5.2859
-5.2859
-5.28428
-5.28492
-5.28265
-5.28427
-5.28329
-5.28393
-5.28167
-5.28297
-5.28266
-5.28234
-5.28525
-5.28428
-5.28136
-5.28168
-5.2833
-5.2833
-5.282
-5.28233
-5.2833
-5.28524
-5.28492
-5.2846
-5.2846
-5.2846
-5.2846
-5.28395
-5.28234
-5.28525
-5.28622
-5.2859
-5.28363
-5.28266
-5.28136
-5.28104
-5.28006
-5.27941
-5.27779
-5.27909
-5.27844
-5.27974
-5.27909
-5.27942
-5.27974
-5.28007
-5.27974
-5.27909
-5.28071
-5.27974
-5.27974
-5.27909
-5.27973
-5.28135
-5.28135
-5.2807
-5.28102
-5.28103
-5.282
-5.28329
-5.28232
-5.28103
-5.28232
-5.28491
-5.28426
-5.28523
-5.28361
-5.28523
-5.28458
-5.28361
-5.28426
-5.28329
-5.28393
-5.28264
-5.28134
-5.2794
-5.28102
-5.28167
-5.28264
-5.28394
-5.28653
-5.28621
-5.28459
-5.28653
-5.28588
-5.28523
-5.28426
-5.28296
-5.28102
-5.28134
-5.28199
-5.28328
-5.28231
-5.28166
-5.28069
-5.27907
-5.28037
-5.27973
-5.28102
-5.27908
-5.27973
-5.2807
-5.27908
-5.28231
-5.28296
-5.28263
-3.21384
-3.21354
-3.21415
-3.21354
-3.21354
-3.21369
-3.21278
-3.21414
-3.21429
-3.21384
-3.21429
-3.21505
-3.2149
-3.2149
-3.21551
-3.21536
-3.21505
-3.21535
-3.2152
-3.21535
-3.21429
-3.21429
-3.21414
-3.21444
-3.21428
-3.21549
-3.2164
-3.21626
-3.21505
-3.2146
-3.2143
-3.21385
-3.21384
-3.21339
-3.21414
-3.21414
-3.21383
-3.21489
-3.21474
-3.21534
-3.21459
-3.21626
-3.21535
-3.21565
-3.21505
-3.2146
-3.2161
-3.21655
-3.21655
-3.21625
-3.2167
-3.21534
-3.21761
-3.21761
-3.21731
-3.21747
-3.21792
-3.21852
-3.21777
-3.21716
-3.21761
-3.21625
-3.2155
-3.2146
-3.21414
-3.21399
-3.21429
-3.2149
-3.21489
-3.21519
-3.21625
-3.21565
-3.2161
-3.2158
-3.21581
-3.21475
-3.2152
-3.21551
-3.21656
-3.21747
-3.21716
-3.21807
-3.21641
-3.2158
-3.21535
-3.2155
-3.21475
-3.21384
-3.21354
-3.21354
-3.21308
-3.21324
-3.21339
-3.21263
-3.21278
-3.21263
-3.21157
-3.21127
-3.21066
-3.21173
-3.21067
-3.21083
-3.21037
-3.21113
-3.21143
-3.21188
-3.21112
-3.21233
-3.21278
-3.21354
-3.21384
-3.21384
-3.21353
-3.21232
-3.21157
-3.21172
-3.21233
-3.21249
-3.21204
-3.21098
-3.21143
-3.21143
-3.21173
-3.21294
-3.21248
-3.21309
-3.21339
-3.21354
-3.21399
-3.21414
-3.21535
-3.21505
-3.21506
-3.2146
-3.21415
-3.21415
-3.21415
-3.2137
-3.21204
-3.21083
-3.21128
-3.21279
-3.21234
-3.21143
-3.21264
-3.21234
-3.21233
-3.21369
-3.21263
-3.21188
-3.21264
-3.21294
-3.21279
-3.21219
-3.21279
-3.21355
-3.21355
-3.21535
-3.2149
-3.21475
-3.2146
-3.21369
-3.21415
-3.2149
-3.2152
-3.21475
-3.2146
-3.21566
-3.21505
-3.21687
-3.21657
-3.21732
-3.21778
-3.21823
-3.21778
-3.21687
-3.21657
-3.21657
-3.21611
-3.21535
-3.21566
-3.21702
-3.21611
-3.21551
-3.21506
-3.21445
-3.21324
-3.21369
-3.21475
-3.21445
-3.21414
-3.21414
-3.21354
-3.21369
-3.2137
-3.21249
-3.21264
-3.21234
-3.21264
-3.21249
-3.21324
-3.21385
-3.21415
-3.21491
-3.21581
-3.21551
-3.21596
-3.21565
-3.2152
-3.21444
-3.2149
-3.21596
-3.21611
-3.21611
-3.21611
-3.21536
-3.21415
-3.21505
-3.2146
-3.21535
-3.2149
-3.2152
-3.21581
-3.21611
-3.21671
-3.21717
-3.21672
-3.21703
-3.21718
-3.21778
-3.21823
-3.21808
-3.21853
-3.21883
-3.21853
-3.21883
-3.21838
-3.21762
-3.21792
-3.21641
-3.2161
-3.2167
-3.21656
-3.2158
-3.2152
-3.21581
-3.21717
-3.21687
-3.21627
-3.21611
-3.21611
-3.21702
-3.21732
-3.21777
-3.21777
-3.21716
-3.21822
-3.21807
-3.21958
-3.21898
-3.21898
-3.22019
-3.22079
-3.22064
-3.21989
-3.21989
-3.21943
-3.21943
-3.21868
-3.21792
-3.21792
-3.21777
-3.21747
-3.21671
-3.21686
-3.21732
-3.21762
-3.21838
-3.21747
-3.21868
-3.21778
-3.21793
-3.21869
-3.21823
-3.21748
-3.21732
-3.21611
-3.2152
-3.21535
-3.21505
-3.2143
-3.21491
-3.21415
-3.21567
-3.21521
-3.21521
-3.21596
-3.21626
-3.21596
-3.21596
-3.21596
-3.21582
-3.21657
-3.21627
-3.21582
-3.21596
-3.21702
-3.21657
-3.21732
-3.21717
-3.21536
-3.21475
-3.21415
-3.21324
-3.21309
-3.21294
-3.2137
-3.2134
-3.2143
-3.21476
-3.21521
-3.21476
-3.21491
-3.21551
-3.21551
-3.21656
-3.21701
-3.21717
-3.21807
-3.21808
-3.21702
-3.21642
-3.21612
-3.21581
-3.21626
-3.21581
-3.21717
-3.21717
-3.21672
-3.21536
-3.21612
-3.21566
-3.21551
-3.21596
-3.21611
-3.21701
-3.21732
-3.21686
-3.21566
-3.2152
-3.21626
-3.21581
-3.21551
-3.2152
-3.21475
-3.2149
-3.2143
-3.2152
-3.2152
-3.21445
-3.21415
-3.21445
-3.21445
-3.214
-3.2143
-3.21399
-3.21505
-3.21626
-3.21656
-3.21656
-3.2158
-3.2158
-3.2161
-3.21565
-3.21475
-3.2152
-3.21475
-3.21505
-3.2152
-3.2152
-3.21611
-3.21626
-3.21566
-3.21535
-3.2146
-3.21535
-3.21641
-3.21641
-3.21671
-3.2155
-3.21565
-3.21596
-3.21656
-3.21626
-3.21611
-3.2158
-3.21611
-3.21626
-3.21581
-3.21596
-3.2152
-3.21581
-3.21551
-3.21551
-3.21551
-3.21505
-3.21535
-3.21581
-3.2155
-3.21444
-3.2155
-3.21625
-3.21625
-3.21625
-3.21626
-3.21671
-3.21687
-3.21596
-3.21536
-3.21521
-3.21415
-3.214
-3.21369
-3.21354
-3.21218
-3.21218
-3.21264
-3.21233
-3.21233
-3.21203
-3.21203
-3.21173
-3.21128
-3.21204
-3.21189
-3.21174
-3.21159
-3.21143
-3.21143
-3.21143
-3.21143
-3.21189
-3.20977
-3.21068
-3.21022
-3.21037
-3.21067
-3.21007
-3.21037
-3.21098
-3.21143
-3.21128
-3.21098
-3.21113
-3.21052
-3.21097
-3.21158
-3.21128
-3.21083
-3.21174
-3.21129
-3.21113
-3.21053
-3.21022
-3.20962
-3.21022
-3.21037
-3.21082
-3.21067
-3.21082
-3.21112
-3.21097
-3.21097
-3.21112
-3.21037
-3.20992
-3.21007
-3.20977
-3.21113
-3.21188
-3.21142
-3.21173
-3.21233
-3.21248
-3.21173
-3.21188
-3.21157
-3.21233
-3.21157
-3.21142
-3.21203
-3.21309
-3.21218
-3.21279
-3.21203
-3.21218
-3.21036
-3.21021
-3.20991
-3.21021
-3.21082
-3.21082
-3.21127
-3.21082
-3.21097
-3.21127
-3.21339
-3.21324
-3.21399
-3.214
-3.21399
-3.21399
-3.21354
-3.21338
-3.21414
-3.21444
-3.21263
-3.21384
-3.21399
-3.21445
-3.21369
-3.21279
-3.2143
-3.21444
-3.21384
-3.21444
-3.21474
-3.21384
-3.2146
-3.2143
-3.21415
-3.21431
-3.21325
-3.21415
-3.21384
-3.21339
-3.2152
-3.2152
-3.21459
-3.2152
-3.21354
-3.21309
-3.21249
-3.21295
-3.21355
-3.21461
-3.21461
-3.2143
-3.214
-3.21294
-3.21233
-3.21309
-3.2137
-3.21415
-3.21385
-3.21415
-3.21385
-3.2146
-3.21461
-3.214
-3.21446
-3.21445
-3.2143
-3.21597
-3.21612
-3.21657
-3.21642
-3.21626
-3.21626
-3.21747
-3.21732
-3.21596
-3.21566
-3.21505
-3.21505
-3.21415
-3.21445
-3.2143
-3.21536
-3.21551
-3.21566
-3.21566
-3.21566
-3.21505
-3.21596
-3.21582
-3.21521
-3.21506
-3.21445
-3.21355
-3.21325
-3.21416
-3.21476
-3.21476
-3.21369
-3.21445
-3.21581
-3.21551
-3.21491
-3.21536
-3.21521
-3.21491
-3.21446
-3.21491
-3.21445
-3.21476
-3.21536
-3.21476
-3.21339
-3.214
-3.21385
-3.21369
-3.21384
-3.21309
-3.21324
-3.21399
-3.21354
-3.2149
-3.21521
-3.21596
-3.21612
-3.21612
-3.21551
-3.21536
-3.21536
-3.21536
-3.21536
-3.21596
-3.21551
-3.21656
-3.21762
-3.21777
-3.21687
-3.21642
-3.21627
-3.21657
-3.21596
-3.21521
-3.21445
-3.21324
-3.21264
-3.21279
-3.21385
-3.2152
-3.2146
-3.21399
-3.21339
-3.21324
-3.21278
-3.21444
-3.21414
-3.21459
-3.21354
-3.21399
-3.2143
-3.2146
-3.2152
-3.2143
-3.21399
-3.2146
-3.2149
-3.21444
-3.21475
-3.2155
-3.2152
-3.21429
-3.21414
-3.21399
-3.21444
-3.21444
-3.21339
-3.21354
-3.21415
-3.21415
-3.2149
-3.21551
-3.21566
-3.21596
-3.21611
-3.21596
-3.21627
-3.21657
-3.21597
-3.21596
-3.21581
-3.21626
-3.21581
-3.21611
-3.21626
-3.2155
-3.21596
-3.21656
-3.21762
-3.21686
-3.21641
-3.21611
-3.21641
-3.21687
-3.21597
-3.21521
-3.21567
-3.21566
-3.21551
-3.21566
-3.2155
-3.2158
-3.2155
-3.21626
-3.2158
-3.21566
-3.21581
-3.21641
-3.21642
-3.21612
-3.21597
-3.21476
-3.21445
-3.21369
-3.21369
-3.21354
-3.21384
-3.21294
-3.21218
-3.21249
-3.21234
-3.21234
-3.21309
-3.21309
-3.21279
-3.21309
-3.21415
-3.21369
-3.214
-3.21339
-3.21339
-3.21279
-3.21278
-3.21293
-3.21293
-3.21233
-3.21203
-3.21264
-3.21234
-3.21173
-3.21204
-3.21264
-3.21249
-3.21279
-3.21279
-3.21354
-3.21384
-3.21309
-3.21173
-3.21113
-3.21068
-3.21037
-3.21113
-3.21143
-3.21203
-3.21278
-3.21324
-3.21384
-3.21369
-3.21309
-3.21309
-3.21294
-3.21294
-3.21324
-3.21294
-3.21339
-3.2137
-3.21339
-3.21309
-3.21279
-3.21263
-3.21324
-3.21293
-3.21399
-3.21535
-3.21551
-3.21505
-3.21581
-3.21475
-3.21445
-3.21429
-3.21429
-3.2152
-3.2149
-3.21505
-3.21565
-3.21565
-3.21656
-3.21611
-3.21686
-3.21701
-3.21732
-3.21686
-3.21686
-3.21611
-3.21535
-3.2146
-3.21475
-3.2149
-3.21505
-3.21657
-3.21657
-3.21762
-3.21807
-3.21822
-3.21837
-3.21807
-3.21761
-3.21761
-3.21807
-3.21898
-3.21822
-3.21641
-3.21566
-3.21611
-3.21671
-3.21656
-3.21671
-3.21687
-3.21611
-3.21626
-3.21581
-3.2146
-3.2146
-3.2143
-3.21445
-3.21354
-3.21324
-3.21339
-3.21218
-3.21082
-3.21188
-3.21158
-3.21188
-3.2134
-3.21264
-3.21234
-3.21173
-3.21112
-3.21097
-3.21081
-3.21096
-3.21157
-3.21264
-3.21279
-3.2137
-3.2137
-3.21218
-3.21294
-3.21309
-3.21203
-3.21098
-3.21022
-3.21037
-3.21037
-3.21128
-3.21203
-3.21113
-3.21159
-3.20963
-3.21023
-3.21022
-3.21006
-3.21021
-3.21036
-3.21112
-3.21097
-3.21113
-3.21068
-3.21068
-3.21098
-3.21203
-3.21249
-3.21203
-3.2137
-3.2137
-3.21445
-3.2143
-3.2143
-3.21461
-3.21491
-3.214
-3.21505
-3.21581
-3.2146
-3.21596
-3.21611
-3.21581
-3.21536
-3.21596
-3.21627
-3.21627
-3.21581
-3.21475
-3.21611
-3.2155
-3.21505
-3.2152
-3.21641
-3.21641
-3.21747
-3.21656
-3.21732
-3.21641
-3.21626
-3.21581
-3.21505
-3.21626
-3.21656
-3.21626
-3.21596
-3.21596
-3.21581
-3.21535
-3.2146
-3.21459
-3.21414
-3.21338
-3.21323
-3.21399
-3.2152
-3.21505
-3.21551
-3.21536
-3.21551
-3.21505
-3.2146
-3.2155
-3.21671
-3.21731
-3.21807
-3.21898
-3.21777
-3.21777
-3.21641
-3.21641
-3.21717
-3.21853
-3.21747
-3.21762
-3.21732
-3.21701
-3.2155
-3.21611
-3.2155
-3.2149
-3.2152
-3.2149
-3.21475
-3.21521
-3.21566
-3.21627
-3.21566
-3.21506
-3.21369
-3.21445
-3.21474
-3.21459
-3.21429
-3.21444
-3.21444
-3.21475
-3.21581
-3.21611
-3.21551
-3.21491
-3.21521
-3.21415
-3.21385
-3.21309
-3.21339
-3.21233
-3.21218
-3.21097
-3.21066
-3.21066
-3.21067
-3.21067
-3.21022
-3.21112
-3.21036
-3.21051
-3.21021
-3.2093
-3.2099
-3.20991
-3.21112
-3.21006
-3.21127
-3.21143
-3.21128
-3.21173
-3.21248
-3.21233
-3.21157
-3.21111
1.66902
1.66902
1.66902
1.66901
1.66902
1.66902
1.66901
1.66901
1.66902
1.66902
1.66901
1.66901
1.669
1.669
1.669
1.66901
1.66901
1.66901
1.66901
1.66901
1.66902
1.66901
1.66901
1.66901
1.669
1.669
1.669
1.66901
1.66902
1.66902
1.66904
1.66903
1.66903
1.66903
1.66903
1.66904
1.66901
1.66901
1.669
1.669
1.669
1.669
1.669
1.66899
1.66899
1.669
1.66899
1.669
1.66901
1.669
1.66901
1.669
1.669
1.66901
1.669
1.66901
1.66899
1.66899
1.66899
1.66899
1.66899
1.66899
1.66899
1.66899
1.66899
1.66898
1.66898
1.66898
1.66897
1.66897
1.66897
1.66898
1.66898
1.66897
1.66897
1.66896
1.66895
1.66895
1.66895
1.66895
1.66895
1.66895
1.66895
1.66895
1.66895
1.66896
1.66896
1.66896
1.66895
1.66896
1.66896
1.66896
1.66897
1.66897
1.66897
1.66897
1.66897
1.66898
1.66897
1.66897
1.66897
1.66896
1.66896
1.66895
1.66895
1.66896
1.66896
1.66896
1.66896
1.66896
1.66895
1.66896
1.66896
1.66896
1.66896
1.66896
1.66896
1.66896
1.66895
1.66894
1.66894
1.66894
1.66895
1.66895
1.66894
1.66895
1.66895
1.66894
1.66894
1.66894
1.66894
1.66895
1.66895
1.66894
1.66895
1.66895
1.66895
1.66895
1.66895
1.66894
1.66894
1.66894
1.66894
1.66894
1.66894
1.66895
1.66895
1.66895
1.66896
1.66895
1.66895
1.66895
1.66894
1.66894
1.66895
1.66894
1.66894
1.66894
1.66893
1.66893
1.66893
1.66892
1.66891
1.66891
1.66892
1.66892
1.66892
1.66891
1.66891
1.66891
1.66891
1.66892
1.66892
1.66891
1.66891
1.66891
1.66891
1.66891
1.6689
1.6689
1.66891
1.66891
1.6689
1.6689
1.66889
1.6689
1.6689
1.66891
1.66891
1.66892
1.66892
1.66892
1.66892
1.66892
1.66892
1.66892
1.66892
1.66892
1.66892
1.66891
1.66891
1.66891
1.66891
1.6689
1.66889
1.6689
1.66889
1.66889
1.66888
1.66888
1.66889
1.66889
1.66887
1.66888
1.66887
1.66887
1.66888
1.66888
1.66889
1.66889
1.66889
1.66889
1.6689
1.6689
1.6689
1.6689
1.6689
1.6689
1.6689
1.66889
1.66889
1.66889
1.66889
1.66889
1.66889
1.66888
1.66889
1.66889
1.66889
1.66889
1.66889
1.66889
1.6689
1.66891
1.66892
1.66891
1.66891
1.66891
1.6689
1.66889
1.66889
1.66888
1.66888
1.66889
1.6689
1.6689
1.6689
1.6689
1.66891
1.6689
1.6689
1.6689
1.66889
1.6689
1.66889
1.66889
1.66889
1.6689
1.6689
1.6689
1.66889
1.66889
1.66889
1.66889
1.66889
1.66889
1.66889
1.6689
1.66889
1.66888
1.66889
1.66887
1.66887
1.66888
1.66889
1.66889
1.66888
1.66888
1.66887
1.66888
1.66888
1.66888
1.66888
1.66889
1.66889
1.66889
1.66889
1.66889
1.66888
1.66888
1.66889
1.66889
1.6689
1.6689
1.66889
1.66889
1.66889
1.6689
1.6689
1.6689
1.66891
1.66891
1.66891
1.6689
1.66889
1.66889
1.66889
1.66889
1.6689
1.6689
1.66889
1.6689
1.6689
1.6689
1.66891
1.66891
1.6689
1.66889
1.66888
1.66888
1.66887
1.66887
1.66886
1.66886
1.66886
1.66887
1.66887
1.66887
1.66887
1.66888
1.66888
1.66888
1.66889
1.66888
1.66889
1.66888
1.66889
1.66889
1.6689
1.66889
1.66889
1.66889
1.66889
1.66889
1.66889
1.66889
1.66889
1.66888
1.66886
1.66886
1.66887
1.66887
1.66885
1.66885
1.66886
1.66886
1.66886
1.66886
1.66885
1.66885
1.66884
1.66884
1.66884
1.66884
1.66884
1.66884
1.66884
1.66885
1.66885
1.66886
1.66886
1.66887
1.66886
1.66886
1.66886
1.66886
1.66886
1.66886
1.66886
1.66885
1.66885
1.66885
1.66884
1.66884
1.66884
1.66885
1.66885
1.66884
1.66886
1.66886
1.66886
1.66886
1.66886
1.66887
1.66888
1.66887
1.66887
1.66887
1.66888
1.66888
1.66887
1.66886
1.66887
1.66888
1.66887
1.66887
1.66885
1.66884
1.66885
1.66884
1.66885
1.66884
1.66885
1.66885
1.66884
1.66884
1.66884
1.66885
1.66884
1.66884
1.66885
1.66886
1.66886
1.66886
1.66886
1.66886
1.66887
1.66887
1.66887
1.66887
1.66887
1.66887
1.66887
1.66887
1.66887
1.66887
1.66887
1.66886
1.66886
1.66887
1.66887
1.66886
1.66887
1.66888
1.66888
1.66888
1.66888
1.66889
1.66888
1.66889
1.66889
1.66889
1.66889
1.66889
1.66889
1.66889
1.6689
1.6689
1.6689
1.66891
1.66891
1.66892
1.66891
1.66892
1.66892
1.66891
1.66892
1.66891
1.66891
1.66891
1.66891
1.66891
1.66891
1.66891
1.66891
1.66891
1.66889
1.6689
1.6689
1.6689
1.6689
1.66888
1.66889
1.66888
1.66889
1.66889
1.66889
1.66889
1.66889
1.66889
1.6689
1.6689
1.6689
1.6689
1.6689
1.6689
1.66891
1.66891
1.66891
1.66892
1.66891
1.66891
1.66891
1.66891
1.66891
1.66891
1.66889
1.6689
1.66891
1.66889
1.66889
1.66889
1.6689
1.66889
1.6689
1.6689
1.66891
1.66891
1.66892
1.66892
1.66891
1.66891
1.66891
1.66892
1.66893
1.66893
1.66893
1.66893
1.66893
1.66893
1.66894
1.66894
1.66894
1.66894
1.66894
1.66895
1.66895
1.66895
1.66895
1.66895
1.66895
1.66895
1.66895
1.66895
1.66893
1.66894
1.66894
1.66895
1.66894
1.66894
1.66894
1.66894
1.66894
1.66893
1.66894
1.66893
1.66892
1.66892
1.66892
1.66891
1.6689
1.6689
1.6689
1.6689
1.6689
1.6689
1.6689
1.6689
1.66891
1.6689
1.66891
1.6689
1.66891
1.66891
1.66891
1.6689
1.66891
1.66892
1.66892
1.66893
1.66893
1.66893
1.66892
1.66893
1.66893
1.66891
1.66892
1.66893
1.66894
1.66894
1.66894
1.66894
1.66894
1.66894
1.66893
1.66892
1.66892
1.66892
1.66892
1.66891
1.66892
1.66891
1.66891
1.66891
1.66891
1.6689
1.66892
1.66893
1.66893
1.66893
1.66894
1.66894
1.66894
1.66894
1.66894
1.66894
1.66893
1.66892
1.66892
1.66892
1.66893
1.66892
1.66892
1.66892
1.66891
1.66891
1.66892
1.6689
1.66891
1.66891
1.6689
1.66891
1.66891
1.66891
1.66891
1.6689
1.6689
1.6689
1.66891
1.66891
1.66891
1.6689
1.66891
1.66891
1.66892
1.66891
1.66892
1.66892
1.66892
1.66892
1.66892
1.66892
1.66892
1.66893
1.66893
1.66893
1.66893
1.66893
1.66893
1.66894
1.66895
1.66895
1.66894
1.66894
1.66894
1.66895
1.66895
1.66895
1.66895
1.66895
1.66895
1.66894
1.66894
1.66894
1.66895
1.66894
1.66895
1.66895
1.66895
1.66895
1.66896
1.66896
1.66895
1.66895
1.66896
1.66897
1.66897
1.66897
1.66896
1.66896
1.66897
1.66897
1.66897
1.66896
1.66896
1.66897
1.66897
1.66897
1.66897
1.66898
1.66898
1.66899
1.66899
1.66899
1.66898
1.66899
1.66899
1.66899
1.66901
1.66899
1.66899
1.66899
1.66897
1.66897
1.66898
1.66898
1.66898
1.66899
1.66899
1.66899
1.66899
1.66899
1.66899
1.66899
1.66899
1.66899
1.66898
1.66898
1.66897
1.66897
1.66897
1.66896
1.66896
1.66895
1.66895
1.66895
1.66895
1.66896
1.66896
1.66896
1.66896
1.66895
1.66894
1.66893
1.66893
1.66893
1.66894
1.66894
1.66894
1.66894
1.66894
1.66895
1.66895
1.66894
1.66893
1.66893
1.66893
1.66894
1.66894
1.66894
1.66895
1.66895
1.66895
1.66896
1.66896
1.66896
1.66896
1.66895
1.66895
1.66894
1.66893
1.66894
1.66893
1.66894
1.66894
1.66895
1.66894
1.66894
1.66894
1.66894
1.66894
1.66894
1.66894
1.66894
1.66893
1.66892
1.66892
1.66892
1.66891
1.66892
1.66893
1.66894
1.66894
1.66894
1.66894
1.66893
1.66893
1.66893
1.66892
1.66892
1.66894
1.66893
1.66893
1.66894
1.66893
1.66893
1.66893
1.66893
1.66893
1.66894
1.66895
1.66895
1.66896
1.66895
1.66895
1.66895
1.66895
1.66895
1.66895
1.66895
1.66895
1.66896
1.66896
1.66895
1.66895
1.66895
1.66895
1.66895
1.66896
1.66896
1.66896
1.66896
1.66896
1.66896
1.66896
1.66895
1.66895
1.66894
1.66894
1.66894
1.66894
1.66895
1.66895
1.66895
1.66896
1.66895
1.66896
1.66895
1.66896
1.66895
1.66895
1.66895
1.66896
1.66894
1.66895
1.66896
1.66896
1.66896
1.66896
1.66896
1.66895
1.66895
1.66896
1.66896
1.66896
1.66895
1.66895
1.66895
1.66895
1.66896
1.66896
1.66896
1.66895
1.66895
1.66894
1.66894
1.66892
1.66893
1.66893
1.66892
1.66892
1.66892
1.66891
1.66891
1.66891
1.66891
1.66891
1.66891
1.66891
1.6689
1.66891
1.66891
1.66891
1.66891
1.66891
1.66891
1.6689
1.66891
1.66892
1.66892
1.66891
1.66891
1.66891
1.6689
1.6689
1.66889
1.66889
1.66889
1.66889
1.66888
1.66888
1.66888
1.66888
1.66887
1.66887
1.66887
1.66887
1.66888
1.66888
1.66888
1.66888
1.66888
1.66888
1.66888
1.66888
1.66888
1.66888
1.66888
1.66888
1.66888
1.66888
1.66888
1.66887
1.66888
1.66888
1.66888
1.66887
1.66887
1.66887
1.66887
1.66887
1.66887
1.66887
1.66888
1.66888
1.66887
1.66887
1.66886
1.66886
1.66886
1.66885
1.66886
1.66885
1.66885
1.66885
1.66884
1.66884
1.66885
1.66884
1.66884
1.66886
1.66886
1.66886
1.66885
1.66885
1.66885
1.66885
1.66885
1.66885
1.66885
1.66885
1.66884
1.66884
1.66884
1.66884
1.66884
1.66884
1.66884
1.66883
1.66883
1.66883
1.66882
1.66881
1.6688
1.6688
1.6688
1.6688
1.6688
1.6688
1.6688
