0
5.14038e-05
0.000147512
0.00013573
9.52711e-05
0.000111958
0.000117405
0.000125825
0.000127911
0.000127219
0.000128863
0.000126807
0.000117469
0.000107729
0.000101977
9.79607e-05
8.7508e-05
8.52446e-05
8.39415e-05
8.22464e-05
7.59376e-05
7.02735e-05
6.54657e-05
6.1358e-05
5.76018e-05
5.40845e-05
5.04619e-05
4.70179e-05
4.39614e-05
4.11738e-05
3.86791e-05
3.63e-05
3.42792e-05
3.2454e-05
3.07188e-05
2.91124e-05
2.76922e-05
2.63167e-05
2.53771e-05
2.41467e-05
2.30565e-05
2.26571e-05
2.25288e-05
2.23337e-05
2.22117e-05
2.1317e-05
2.06137e-05
2.03816e-05
1.99713e-05
1.93413e-05
1.88797e-05
1.83618e-05
1.80929e-05
1.76253e-05
1.70136e-05
1.66876e-05
1.6523e-05
1.68985e-05
1.69403e-05
1.64157e-05
1.61566e-05
1.63741e-05
1.62655e-05
1.58779e-05
1.55576e-05
1.54027e-05
1.50782e-05
1.47451e-05
1.44659e-05
1.44024e-05
1.44173e-05
1.4403e-05
1.44736e-05
1.44401e-05
1.46029e-05
1.48488e-05
1.50622e-05
1.52465e-05
1.5265e-05
1.50341e-05
1.48936e-05
1.47763e-05
1.47051e-05
1.4591e-05
1.43882e-05
1.41609e-05
1.40201e-05
1.37958e-05
1.35089e-05
1.32221e-05
1.30297e-05
1.28325e-05
1.25582e-05
1.22977e-05
1.20605e-05
1.18281e-05
1.16415e-05
1.1415e-05
1.12113e-05
1.10131e-05
