1.19096
1.2011
1.21478
1.22316
1.22641
1.23382
1.24022
1.24663
1.25229
1.25742
1.26252
1.26702
1.27021
1.27285
1.2758
1.27878
1.27966
1.28242
1.28522
1.28784
1.28902
1.29009
1.29119
1.29233
1.29338
1.2943
1.29487
1.29456
1.29492
1.29524
1.29559
1.29561
1.296
1.2964
1.29671
1.29699
1.29736
1.29762
1.29825
1.2984
1.29868
1.29952
1.30048
1.3014
1.30233
1.30258
1.30303
1.30382
1.30447
1.30488
1.30542
1.30587
1.30653
1.30697
1.30713
1.30766
1.30831
1.30929
1.31007
1.31026
1.31079
1.31166
1.3123
1.31264
1.31305
1.31362
1.31398
1.31431
1.3147
1.31529
1.31594
1.31656
1.31725
1.31785
1.31859
1.31939
1.32017
1.32093
1.32156
1.32195
1.32243
1.32293
1.32346
1.32395
1.32432
1.32465
1.32508
1.32539
1.32524
1.32535
1.32566
1.32595
1.32597
1.32604
1.32619
1.32605
1.32582
1.32572
1.32555
1.3254
