0
3.63301e-05
0.00011008
0.000281675
0.000225235
0.000192192
0.000189441
0.000154752
0.000122452
9.94262e-05
8.54195e-05
0.000100069
8.64343e-05
7.64451e-05
7.44454e-05
6.54988e-05
5.85592e-05
6.82926e-05
7.08377e-05
6.40755e-05
5.81253e-05
5.29616e-05
5.32145e-05
4.92263e-05
4.54061e-05
5.40146e-05
5.04704e-05
4.74573e-05
4.63867e-05
4.54506e-05
4.27288e-05
4.26801e-05
4.16883e-05
3.92722e-05
3.94336e-05
3.74672e-05
3.54693e-05
3.5898e-05
3.70559e-05
3.6783e-05
3.62987e-05
3.52783e-05
3.41935e-05
3.2813e-05
3.15777e-05
3.21733e-05
3.08305e-05
2.96016e-05
2.87433e-05
2.76903e-05
2.66151e-05
2.59646e-05
2.5208e-05
2.48067e-05
2.39179e-05
2.54719e-05
2.52961e-05
2.49965e-05
2.41621e-05
2.37633e-05
2.30628e-05
2.31632e-05
2.26582e-05
2.24812e-05
2.20251e-05
2.13689e-05
2.07366e-05
2.01667e-05
1.96426e-05
1.94911e-05
1.89472e-05
1.84283e-05
1.79388e-05
1.88589e-05
1.89103e-05
1.85776e-05
1.82144e-05
1.81514e-05
1.82816e-05
1.81932e-05
1.78163e-05
1.7484e-05
1.70738e-05
1.66757e-05
1.63521e-05
1.63497e-05
1.6085e-05
1.58644e-05
1.57371e-05
1.53953e-05
1.56349e-05
1.62213e-05
1.59838e-05
1.57663e-05
1.54682e-05
1.56199e-05
1.66227e-05
1.63907e-05
1.62353e-05
1.59146e-05
