1.1483
1.13977
1.1279
1.14502
1.15252
1.15907
1.16657
1.1699
1.16946
1.16894
1.16705
1.16149
1.16037
1.16181
1.16471
1.16498
1.16573
1.16986
1.16668
1.16629
1.16621
1.16619
1.16842
1.16781
1.16761
1.17115
1.17178
1.17252
1.17401
1.17548
1.17507
1.17344
1.17218
1.17217
1.17061
1.17016
1.17016
1.16863
1.16689
1.16562
1.16677
1.16761
1.16835
1.16875
1.16829
1.16688
1.16677
1.16698
1.16756
1.16786
1.16785
1.16724
1.16771
1.16844
1.16837
1.1668
1.16595
1.1652
1.16512
1.16576
1.16603
1.1651
1.16558
1.16631
1.16583
1.16575
1.16572
1.16591
1.16615
1.16551
1.16554
1.16561
1.1655
1.1643
1.16356
1.16396
1.1643
1.16367
1.1629
1.16229
1.16255
1.16223
1.16214
1.16206
1.1618
1.16242
1.16209
1.16247
1.16295
1.16303
1.16379
1.16476
1.16509
1.16544
1.16526
1.16457
1.16341
1.16308
1.16267
1.16262
