0.778337
0.811946
0.86941
0.875438
0.863958
0.854386
0.857758
0.856945
0.857741
0.859842
0.863089
0.862501
0.860178
0.861414
0.858325
0.862903
0.865304
0.863281
0.863484
0.859183
0.860021
0.86312
0.866375
0.864157
0.863948
0.863858
0.862723
0.861289
0.863334
0.862741
0.863297
0.862535
0.862235
0.862941
0.862523
0.861481
0.861125
0.863005
0.862748
0.863408
0.862038
0.862334
0.862123
0.861432
0.862071
0.862499
0.862776
0.863292
0.862837
0.863587
0.86338
0.862798
0.862275
0.863233
0.863104
0.86276
0.863527
0.862378
0.863418
0.864178
0.864057
0.862853
0.863055
0.863416
0.863427
0.862882
0.862755
0.863451
0.86333
0.862345
0.86241
0.862996
0.862349
0.862729
0.863055
0.863383
0.8633
0.863127
0.863019
0.862892
0.862943
0.863409
0.863329
0.863356
0.862687
0.86251
0.862865
0.863446
0.863612
0.863603
0.863039
0.863186
0.863387
0.863196
0.86326
0.863724
0.863497
0.863318
0.862578
0.862693
