0
0.000564767
0.00245244
0.00140675
0.00100575
0.000774794
0.000578982
0.000443862
0.000351268
0.000288503
0.000248014
0.000208718
0.000182823
0.000159057
0.000147465
0.000149257
0.000137641
0.000126638
0.000113697
0.000120181
0.000109676
0.0001091
0.000109951
0.000105693
9.74479e-05
9.01038e-05
8.47951e-05
8.08293e-05
7.93893e-05
7.45243e-05
7.00928e-05
6.63427e-05
6.24704e-05
5.9334e-05
5.61617e-05
5.41417e-05
5.13774e-05
5.21503e-05
4.95746e-05
4.75507e-05
4.70901e-05
4.496e-05
4.29364e-05
4.14733e-05
4.00491e-05
3.85057e-05
3.69598e-05
3.56965e-05
3.4457e-05
3.36437e-05
3.23793e-05
3.14777e-05
3.05694e-05
3.0347e-05
2.92697e-05
2.83496e-05
2.79413e-05
2.82852e-05
2.83983e-05
2.80273e-05
2.71303e-05
2.76874e-05
2.68554e-05
2.61511e-05
2.53527e-05
2.48823e-05
2.41611e-05
2.39332e-05
2.32589e-05
2.35567e-05
2.2902e-05
2.26082e-05
2.24049e-05
2.19454e-05
2.14693e-05
2.1014e-05
2.04784e-05
1.99863e-05
1.94952e-05
1.90267e-05
1.85624e-05
1.83275e-05
1.78949e-05
1.7472e-05
1.75052e-05
1.71313e-05
1.68641e-05
1.68167e-05
1.64681e-05
1.61042e-05
1.60662e-05
1.57402e-05
1.54435e-05
1.51528e-05
1.48395e-05
1.47451e-05
1.44936e-05
1.4231e-05
1.44865e-05
1.42113e-05
