0
1.36795
2.50691
1.44464
1.02426
0.730114
0.566801
0.434244
0.417433
0.338213
0.298056
0.35931
0.307425
0.265464
0.231268
0.220029
0.20627
0.188289
0.169326
0.154447
0.160565
0.1865
0.17065
0.170451
0.187202
0.176682
0.165482
0.155768
0.146373
0.138809
0.131494
0.126704
0.122302
0.122656
0.120691
0.114651
0.108874
0.109729
0.111962
0.107688
0.103534
0.098771
0.0951577
0.0937314
0.0926907
0.0890387
0.0854918
0.0934757
0.0906977
0.0879727
0.0863592
0.0846577
0.0829675
0.0808603
0.079438
0.0788843
0.0761711
0.073623
0.0711827
0.0695356
0.0678789
0.0657244
0.0644355
0.0624395
0.0709602
0.0691905
0.0677949
0.0658476
0.0639963
0.0621838
0.0605246
0.059979
0.0584027
0.0569268
0.0580185
0.0591484
0.0577484
0.0562884
0.0554222
0.0541483
0.052842
0.0522319
0.0517589
0.0505385
0.0493797
0.0490149
0.049167
0.0521351
0.0514544
0.0504431
0.0493532
0.0495891
0.0500498
0.0490006
0.0489895
0.0480464
0.0471745
0.0467574
0.0460195
0.0451113
