3.95067
4.9805
5.51169
5.07343
5.26841
5.31974
5.3698
5.40151
5.46549
5.50927
5.4767
5.63154
5.59226
5.60468
5.61221
5.56204
5.56466
5.51749
5.54131
5.48222
5.51419
5.53608
5.48607
5.4719
5.47345
5.48094
5.44163
5.43401
5.42408
5.4596
5.49487
5.54863
5.51857
5.5103
5.49811
5.53134
5.51774
5.5378
5.54717
5.5771
5.60667
5.59783
5.61057
5.6061
5.60081
5.58118
5.58154
5.59214
5.60142
5.56701
5.5658
5.55497
5.54602
5.53193
5.52999
5.54243
5.52697
5.53696
5.54785
5.54237
5.54835
5.54521
5.54163
5.53922
5.5213
5.50241
5.52569
5.52854
5.53849
5.52919
5.5354
5.52084
5.52058
5.51576
5.50812
5.49376
5.50787
5.51832
5.52736
5.53265
5.5331
5.53523
5.53667
5.51627
5.52991
5.54303
5.52309
5.52331
5.51525
5.51015
5.50292
5.51823
5.49917
5.51619
5.54488
5.54653
5.55031
5.54508
5.54463
5.54663
