19.9457
18.2916
16.6039
16.3894
16.0364
16.1867
15.9984
16.0165
15.7273
15.7375
15.5947
15.25
15.2871
15.2666
15.2622
15.3959
15.5058
15.4383
15.4571
15.4157
15.2691
15.0638
15.06
15.1796
15.3568
15.2955
15.3369
15.2926
15.3273
15.2814
15.2421
15.1837
15.2408
15.3284
15.3997
15.424
15.4054
15.3236
15.2342
15.2701
15.2375
15.227
15.1962
15.1422
15.0861
15.1045
15.1189
15.0105
14.9786
15.0083
14.9654
15.0057
14.9669
14.9978
14.9588
14.9109
14.9053
14.9129
14.907
14.9337
14.909
14.9132
14.9413
14.94
15.0429
15.0621
15.0363
15.0306
15.024
15.0223
15.0133
15.047
15.0395
15.0299
15.0812
15.133
15.1443
15.1477
15.1713
15.1611
15.1563
15.1824
15.1543
15.1521
15.157
15.129
15.1648
15.1006
15.1227
15.1115
15.115
15.0787
15.118
15.1211
15.0891
15.0806
15.0699
15.0932
15.079
15.0817
