0
0.530272
0.423786
0.38243
0.275166
0.193283
0.144153
0.111247
0.0915373
0.0758698
0.0636662
0.0754747
0.065734
0.056822
0.0495512
0.0459105
0.0406746
0.0383819
0.0349856
0.0348917
0.0326214
0.0301806
0.0300057
0.0277497
0.0255764
0.0237009
0.0234665
0.0218761
0.0204888
0.0203655
0.0202763
0.021829
0.0214025
0.0202284
0.0192334
0.0192537
0.018407
0.0178425
0.0170248
0.0170579
0.0170886
0.0163609
0.0157673
0.0150783
0.0144429
0.0141986
0.0136009
0.0131502
0.0127033
0.0133602
0.0128429
0.0124685
0.012081
0.0118328
0.0114101
0.0111582
0.0110049
0.0107268
0.0104828
0.0101659
0.00987046
0.00956433
0.0092757
0.00899383
0.00903518
0.0091149
0.00937862
0.00911282
0.00894812
0.00877949
0.00857191
0.00854452
0.00831209
0.00811193
0.0079546
0.00795025
0.00794167
0.00784712
0.00773042
0.00756603
0.00738056
0.00720615
0.00703561
0.0072805
0.00729399
0.00729555
0.00752179
0.00735186
0.00725182
0.00711732
0.0070134
0.00709357
0.00730124
0.0074335
0.00809226
0.00792721
0.00777879
0.00764796
0.00749444
0.00734929
