13.8576
13.9251
13.9126
13.4097
13.8288
14.2885
15.0026
14.524
14.661
14.9009
15.0485
15.0821
15.2798
15.5367
15.316
15.1717
15.224
15.0694
15.0587
14.9255
14.8164
14.9351
14.8457
15.0215
14.9743
14.8265
14.8795
14.9736
14.9536
15.0443
15.0105
14.9593
14.9821
14.9367
14.8523
14.8564
14.8896
14.8229
14.7377
14.7135
14.7282
14.7249
14.8202
14.8911
14.8673
14.8778
14.8958
14.8907
14.8657
14.8467
14.8503
14.8782
14.8897
14.8568
14.8751
14.903
14.9152
14.9861
15.0076
15.0159
15.012
15.0558
15.0449
15.0011
14.9959
15.0195
15.0109
15.0521
15.0813
15.0759
15.1237
15.1311
15.0948
15.0535
15.0544
15.0565
15.0595
15.0632
15.0529
15.0599
15.1102
15.1199
15.0817
15.0493
15.0533
15.069
15.0568
15.0451
15.0649
15.1228
15.1235
15.0781
15.0914
15.043
15.0221
15.0298
15.0326
15.0069
14.9767
14.9675
