0
0.00227566
0.00111507
0.190329
0.262376
0.358292
0.700267
0.736562
0.598655
0.536741
0.463391
0.390409
0.368723
0.37921
0.375793
0.349802
0.312432
0.301254
0.270487
0.260963
0.248034
0.239448
0.226719
0.237829
0.221323
0.225634
0.211936
0.205608
0.192058
0.187422
0.176633
0.168307
0.158764
0.151555
0.149939
0.14174
0.135256
0.132564
0.132926
0.126932
0.121026
0.115342
0.118899
0.118477
0.113826
0.10904
0.104765
0.10047
0.0970227
0.0935371
0.0899181
0.0872563
0.0841243
0.0821032
0.0794726
0.0774292
0.0748804
0.0772598
0.0751201
0.0727039
0.0703543
0.0699871
0.0678991
0.0676842
0.0656443
0.0642208
0.0623904
0.06224
0.0612895
0.0595804
0.0601673
0.0585628
0.0582704
0.0583896
0.0568438
0.055362
0.0539421
0.0525816
0.0513646
0.0501373
0.0514085
0.0502539
0.0504904
0.0503303
0.0491688
0.0482761
0.0473206
0.0463865
0.0457379
0.0480403
0.0469908
0.048006
0.0471528
0.0484735
0.0478912
0.046958
0.0460025
0.0457211
0.0457079
0.044881
