5.79103
4.96315
4.8109
4.8886
5.08097
5.09722
4.92005
5.00735
5.0886
5.07698
5.10777
5.18979
5.17663
5.02243
5.10549
5.1848
5.09493
5.20579
5.25963
5.25218
5.25563
5.29532
5.29107
5.20648
5.26286
5.30087
5.30206
5.31813
5.28888
5.2757
5.23817
5.28494
5.24381
5.21077
5.24312
5.27485
5.26039
5.2763
5.35482
5.36527
5.34773
5.32344
5.32728
5.31447
5.32997
5.33428
5.31974
5.29986
5.31288
5.31796
5.31036
5.31788
5.307
5.34062
5.3443
5.35388
5.34769
5.32572
5.33565
5.34455
5.32584
5.32735
5.34085
5.34255
5.31639
5.31707
5.31494
5.292
5.28792
5.29833
5.29537
5.28504
5.30207
5.30204
5.30235
5.29676
5.29016
5.2983
5.3094
5.30759
5.2968
5.29961
5.30642
5.30419
5.30393
5.30809
5.30447
5.30967
5.29896
5.29487
5.29086
5.29874
5.3051
5.29879
5.30277
5.29366
5.2902
5.30415
5.32776
5.31927
