0
0.342694
0.16776
0.0988931
0.0928962
0.0647313
0.0744624
0.0636783
0.0561825
0.0456295
0.0385724
0.0385775
0.0330306
0.0505577
0.050479
0.0502639
0.0521254
0.0581012
0.0548923
0.049593
0.0449936
0.0424997
0.0389017
0.0425839
0.0422966
0.0404952
0.0375525
0.0351671
0.0336101
0.0315745
0.0309336
0.0311497
0.030931
0.030198
0.0295137
0.0288756
0.0275392
0.0263556
0.0310278
0.0296024
0.0284762
0.0277126
0.026453
0.0254244
0.0245417
0.0235044
0.0227218
0.0221721
0.0214426
0.0206187
0.0198747
0.0191731
0.0185727
0.0190009
0.0183295
0.0177708
0.0171904
0.017077
0.0166
0.0161291
0.0159487
0.0154406
0.0151337
0.0146673
0.0148929
0.0144455
0.014022
0.0141308
0.0137406
0.0134577
0.0130899
0.0128342
0.0127711
0.0124282
0.0120991
0.0118137
0.0115519
0.011323
0.01116
0.010886
0.0107337
0.0104812
0.010276
0.0100377
0.00980295
0.00959337
0.00938708
0.0092017
0.00910936
0.00892464
0.00874546
0.00861772
0.00847341
0.00833345
0.0081746
0.00808728
0.00793324
0.00796479
0.00835654
0.00826161
