24.9739 0
23.2832 0.5
21.3684 1
17.7218 1.5
17.7218 2
17.7218 2.5
15.3707 3
13.5652 3.5
11.979 4
11.7601 4.5
11.7601 5
11.6063 5.5
11.6063 6
11.6063 6.5
11.3828 7
11.3828 7.5
11.3828 8
11.3828 8.5
11.2755 9
11.189 9.5
11.189 10
11.189 10.5
11.1736 11
10.7236 11.5
10.7236 12
10.6207 12.5
10.6207 13
10.6207 13.5
10.5857 14
10.5857 14.5
10.5653 15
10.5653 15.5
10.5653 16
10.2978 16.5
10.2978 17
10.2978 17.5
10.2978 18
10.2978 18.5
10.2978 19
10.2978 19.5
10.2978 20
10.2978 20.5
10.2978 21
10.2978 21.5
10.2978 22
10.2978 22.5
9.952 23
9.952 23.5
9.952 24
9.952 24.5
9.952 25
9.952 25.5
9.952 26
9.952 26.5
9.952 27
9.952 27.5
9.952 28
9.952 28.5
9.952 29
9.952 29.5
9.952 30
9.952 30.5
9.952 31
9.952 31.5
9.952 32
9.952 32.5
9.74808 33
9.74808 33.5
9.74808 34
9.74808 34.5
9.74808 35
9.74808 35.5
9.74808 36
9.74808 36.5
9.74808 37
9.74808 37.5
9.74808 38
9.74808 38.5
9.74808 39
9.74808 39.5
9.74808 40
9.74808 40.5
9.74808 41
9.74808 41.5
9.74808 42
9.74808 42.5
9.74808 43
9.72624 43.5
9.72624 44
9.59564 44.5
9.59564 45
9.59564 45.5
9.59564 46
9.59564 46.5
9.59564 47
9.59564 47.5
9.59564 48
9.59385 48.5
9.59385 49
9.59385 49.5
9.59385 50
9.59385 50.5
9.59385 51
9.59385 51.5
9.59385 52
9.59385 52.5
9.59385 53
9.59385 53.5
9.59385 54
9.59385 54.5
9.59385 55
9.59385 55.5
9.59385 56
9.59385 56.5
9.59385 57
9.59385 57.5
9.59385 58
9.59385 58.5
9.59385 59
9.59385 59.5
9.59385 60
9.59385 60.5
9.59385 61
9.59385 61.5
9.59385 62
9.59385 62.5
9.59385 63
9.44369 63.5
9.44369 64
9.44369 64.5
9.44369 65
9.44369 65.5
9.44369 66
9.44369 66.5
9.44369 67
9.44369 67.5
9.44369 68
9.44369 68.5
9.44369 69
9.44369 69.5
9.44369 70
9.44369 70.5
9.44369 71
9.44369 71.5
9.44369 72
9.44369 72.5
9.44369 73
9.44369 73.5
9.44369 74
9.42131 74.5
9.42131 75
9.42131 75.5
9.42131 76
9.42131 76.5
9.41165 77
9.41165 77.5
9.41165 78
9.41165 78.5
9.41165 79
9.41165 79.5
9.41165 80
9.3901 80.5
9.3901 81
9.3901 81.5
9.3901 82
9.3901 82.5
9.3901 83
9.3901 83.5
9.37891 84
9.37891 84.5
9.37891 85
9.37891 85.5
9.37891 86
9.37891 86.5
9.37891 87
9.37891 87.5
9.37891 88
9.37891 88.5
9.37891 89
9.37891 89.5
9.37891 90
9.37891 90.5
9.37891 91
9.37891 91.5
9.37891 92
9.37891 92.5
9.37891 93
9.37891 93.5
9.37891 94
9.37891 94.5
9.37891 95
9.37891 95.5
9.37891 96
9.37891 96.5
9.37891 97
9.37891 97.5
9.37891 98
9.37891 98.5
9.37891 99
9.37891 99.5
