28.375 0
25.6215 0.5
15.572 1
15.572 1.5
15.572 2
15.0421 2.5
15.0421 3
12.0096 3.5
10.3771 4
10.3771 4.5
8.22513 5
8.22513 5.5
8.22513 6
8.22513 6.5
8.22513 7
8.22513 7.5
8.22513 8
8.22513 8.5
8.22513 9
8.22513 9.5
8.22513 10
8.22513 10.5
8.22513 11
8.22513 11.5
8.22513 12
8.22513 12.5
8.22513 13
8.22513 13.5
8.22513 14
8.19921 14.5
8.17762 15
8.17762 15.5
8.17762 16
8.17762 16.5
8.17762 17
8.17762 17.5
7.93324 18
7.93168 18.5
7.85532 19
7.85532 19.5
7.15275 20
7.15275 20.5
7.15275 21
7.10631 21.5
6.7971 22
6.7971 22.5
6.7971 23
6.7971 23.5
6.74569 24
6.72849 24.5
6.72849 25
6.5696 25.5
6.5696 26
6.5696 26.5
6.5696 27
6.5696 27.5
6.49694 28
6.28174 28.5
6.28174 29
6.28174 29.5
6.26019 30
6.26019 30.5
6.2403 31
6.2403 31.5
6.2403 32
6.2403 32.5
6.2403 33
6.2403 33.5
6.2403 34
6.2403 34.5
6.2403 35
6.2403 35.5
6.2403 36
6.2403 36.5
6.2403 37
6.2403 37.5
6.2403 38
6.2403 38.5
6.2403 39
6.2403 39.5
6.2403 40
6.2403 40.5
6.2403 41
6.2403 41.5
6.2403 42
6.2403 42.5
6.2403 43
6.2403 43.5
6.2403 44
6.2403 44.5
6.2403 45
6.2403 45.5
6.2403 46
6.2403 46.5
6.2403 47
6.2403 47.5
6.2403 48
6.2403 48.5
6.2403 49
6.2403 49.5
6.2403 50
6.2403 50.5
6.2403 51
6.2403 51.5
6.2403 52
6.2403 52.5
6.2403 53
6.2403 53.5
6.2403 54
6.2403 54.5
6.2403 55
6.2403 55.5
6.2403 56
6.2403 56.5
6.2403 57
6.2403 57.5
6.2403 58
6.2403 58.5
6.2403 59
6.2403 59.5
6.2403 60
6.2403 60.5
6.2403 61
6.2403 61.5
6.2403 62
6.2403 62.5
6.2403 63
6.2403 63.5
6.2403 64
6.2403 64.5
6.2403 65
6.2403 65.5
6.2403 66
6.2403 66.5
6.2403 67
6.2403 67.5
6.2403 68
6.2403 68.5
6.2403 69
6.2403 69.5
6.2403 70
6.2403 70.5
6.2403 71
6.2403 71.5
6.2403 72
6.2403 72.5
6.2403 73
6.2403 73.5
6.2403 74
6.2403 74.5
6.2403 75
6.2403 75.5
6.2403 76
6.2403 76.5
6.2403 77
6.2403 77.5
6.2403 78
6.2403 78.5
6.2403 79
6.2403 79.5
6.2403 80
6.2403 80.5
6.2403 81
6.2403 81.5
6.2403 82
6.2403 82.5
6.2403 83
6.2403 83.5
6.2403 84
6.2403 84.5
6.2403 85
6.2403 85.5
6.2403 86
6.2403 86.5
6.2403 87
6.2403 87.5
6.2403 88
6.2403 88.5
6.2403 89
6.2403 89.5
6.2403 90
6.2403 90.5
6.2403 91
6.2403 91.5
6.2403 92
6.2403 92.5
6.2403 93
6.2403 93.5
6.2403 94
6.2403 94.5
6.2403 95
6.2403 95.5
6.2403 96
6.2403 96.5
6.2403 97
6.2403 97.5
6.2403 98
6.2403 98.5
6.2403 99
6.2403 99.5
