4.7705
4.74045
4.76148
4.84925
4.92124
4.91873
4.9647
4.95517
4.95951
4.97274
5.01825
4.98596
4.9974
5.00762
4.98918
5.00393
5.01364
5.03912
5.02197
5.00681
5.01276
4.9909
4.99992
5.00965
5.01595
5.0091
5.01687
5.02433
5.03055
5.01415
5.02069
5.03434
5.00699
4.98922
4.98858
4.98682
4.99076
4.9852
4.98507
4.98879
4.98964
4.98543
4.98014
4.98549
4.9969
5.01233
5.01885
5.01036
5.01449
5.0087
5.00795
5.01418
5.00737
5.00648
5.00341
4.9959
4.99283
4.99368
4.98388
4.97847
4.97951
4.97415
4.97129
4.98373
4.97856
4.97123
4.96986
4.98109
4.97893
4.98099
4.98405
4.98198
4.97775
4.97142
4.97596
4.9735
4.97523
4.97557
4.9771
4.9718
4.97857
4.98239
4.98703
4.98545
4.9855
4.98959
4.98584
4.99021
4.98726
4.98282
4.98408
4.9866
4.98491
4.98516
4.99392
4.99462
4.99506
4.99284
4.99046
4.98968
4.98918
4.98789
4.9894
4.99036
4.98869
4.99067
4.98792
4.99023
4.98971
4.99266
4.99055
4.98924
4.98902
4.98938
4.99037
4.99223
4.98676
4.9898
4.9896
4.98901
4.98906
4.99537
4.99645
5.00081
5.00248
5.00467
5.00684
5.00783
5.01306
5.01431
5.01427
5.02155
5.01693
5.01944
5.01844
5.02257
5.02047
5.02199
5.02661
5.03156
5.03154
5.02964
5.02892
5.03123
5.03377
5.0342
5.03289
5.0308
5.02877
5.02897
5.02546
5.02258
5.02027
5.0228
5.02307
5.0226
5.02105
5.02559
5.02685
5.02411
5.02312
5.02749
5.02409
5.02508
5.02435
5.02305
5.01934
5.01749
5.0194
5.02038
5.01792
5.02208
5.02513
5.02471
5.02519
5.02579
5.02684
5.02557
5.02601
5.02686
5.02947
5.03014
5.03043
5.03083
5.02903
5.02807
5.02831
5.02963
5.02871
5.02692
5.02911
5.02883
5.02859
5.0286
5.02755
5.0298
5.02947
5.03127
5.03082
5.03128
5.03083
5.03099
5.032
5.03141
5.03267
5.03351
5.0326
5.03289
5.03571
5.0353
5.0375
5.03803
5.03843
5.03881
5.03729
5.03766
5.03542
5.03314
5.03345
5.03493
5.03733
5.03579
5.03622
5.03563
5.03472
5.03592
5.03821
5.03929
5.03967
5.03924
5.03796
5.03652
5.03536
5.03462
5.03357
5.03174
5.03171
5.0308
5.03223
5.03229
5.03095
5.0322
5.03149
5.03096
5.02928
5.02717
5.02672
5.02649
5.02536
5.02504
5.02484
5.02483
5.02554
5.02613
5.02611
5.02571
5.02488
5.02503
5.02558
5.02493
5.02427
5.02644
5.02612
5.02717
5.0294
5.02811
5.02715
5.02829
5.02801
5.0294
5.0319
5.03095
5.03344
5.03179
5.03346
5.03526
5.03504
5.03823
5.03927
5.03887
5.03782
5.03693
5.03787
5.0358
5.0352
5.03322
5.03071
5.02946
5.02881
5.02893
5.02741
5.02911
5.0287
5.02779
5.02695
5.02494
5.02339
5.02381
5.02356
5.02231
5.02129
5.0228
5.02476
5.02489
5.02392
5.02388
5.02355
5.02158
5.02047
5.02123
5.01958
5.01996
5.01852
5.0184
5.01844
5.01812
5.01697
5.0196
5.01862
5.01872
5.01931
5.01966
5.01845
5.01697
5.01585
5.01515
5.0164
5.01539
5.01581
5.01631
5.01482
5.01506
5.01543
5.01576
5.01479
5.01594
5.01677
5.01652
5.01575
5.01612
5.01538
5.01488
5.0154
5.01596
5.01535
5.01511
5.01539
5.01643
5.01595
5.01589
5.01546
5.01501
5.01536
5.01498
5.01394
5.01301
5.01294
5.01224
5.01295
5.01274
5.01266
5.01314
5.0119
5.0125
5.01199
5.01145
5.01098
5.01064
5.00975
5.00953
5.00924
5.0089
5.0102
5.00876
5.01018
5.01054
5.01135
5.01214
5.01183
5.01131
5.01055
5.00902
5.01017
5.01018
5.01055
5.01116
5.0118
5.01171
5.01052
5.01254
5.01251
5.01216
5.0113
5.01246
5.01196
5.01205
5.01182
5.01134
5.01073
5.0123
5.01312
5.0119
5.01077
5.01004
5.01066
5.01034
5.00949
5.0094
5.00948
5.00865
5.00979
5.00997
5.01027
5.0106
5.01043
5.01112
5.01207
5.01162
5.01138
5.01138
5.01108
5.01086
5.01112
5.01086
5.01018
5.00927
5.00993
5.00997
5.00877
5.00771
5.00824
5.01022
5.01042
5.01062
5.01048
5.00998
5.01013
5.0094
5.00914
5.00895
5.00896
5.00815
5.00719
5.00756
5.00728
5.00663
5.00623
5.00669
5.00695
5.00685
5.00601
5.00585
5.00571
5.00517
5.00465
5.00375
5.00334
5.00303
5.00343
5.00386
5.00427
5.00411
5.00367
5.00387
5.00288
5.00343
5.0032
5.00311
5.00376
5.00451
5.004
5.00298
5.00263
5.00268
5.00314
5.00285
5.00375
5.00439
5.00533
5.00543
5.00532
5.00515
5.00666
5.00633
5.00679
5.00592
5.00544
5.00637
5.00592
5.00679
5.00588
5.00549
5.00531
5.00517
5.00582
5.00613
5.00678
5.00611
5.00669
5.00618
5.00759
5.00794
5.00848
5.0079
5.00836
5.00915
5.00872
5.00772
5.00824
5.00854
5.00831
5.00948
5.00973
5.00905
5.00941
5.00882
5.00803
5.00781
5.00748
5.00737
5.00687
5.00747
5.00795
5.00731
5.00669
5.00684
5.00764
5.00705
5.00623
5.00747
5.00721
5.00811
5.00819
5.00759
5.00735
5.00684
5.0077
5.00745
5.00709
5.00737
5.00713
5.00732
5.00741
5.00723
5.00764
5.00675
5.00646
5.00605
5.00688
5.00706
5.00737
5.00748
5.00738
5.00719
5.00691
5.0068
5.00651
5.00566
5.00525
5.00511
5.00548
5.00508
5.00429
5.00468
5.00449
5.00402
5.00532
5.00635
5.00611
5.00671
5.00685
5.00754
5.00729
5.00806
5.00814
5.00813
5.00865
5.00897
5.0088
5.0096
5.00824
5.00806
5.00703
5.00707
5.00688
5.00697
5.00703
5.00751
5.00775
5.00869
5.00844
5.01016
5.00946
5.00988
5.00992
5.01112
5.01126
5.01087
5.01099
5.01045
5.01144
5.01131
5.01129
5.01152
5.01132
5.01091
5.01069
5.01106
5.01101
5.01091
5.01129
5.0118
5.0119
5.01168
5.01158
5.01192
5.01229
5.0123
5.01278
5.01299
5.01329
5.01306
5.01294
5.01298
5.01245
5.01229
5.01197
5.01207
5.01221
5.0117
5.01142
5.01158
5.01135
5.01094
5.0108
5.01106
5.01105
5.01234
5.01246
5.01306
5.01335
5.01362
5.0136
5.01436
5.01487
5.01481
5.01524
5.01505
5.0142
5.01329
5.01277
5.0116
5.01112
5.01171
5.01152
5.01096
5.01027
5.00941
5.00938
5.00981
5.00941
5.00914
5.00798
5.00819
5.00808
5.0078
5.0086
5.00826
5.00904
5.00915
5.00955
5.00894
5.00841
5.00848
5.00799
5.00811
5.0079
5.00774
5.00713
5.00644
5.00571
5.00582
5.00505
5.0052
5.0053
5.00515
5.00542
5.00569
5.00553
5.00489
5.00621
5.00633
5.00611
5.00639
5.00718
5.00696
5.00675
5.00664
5.0069
5.00715
5.00752
5.00775
5.00741
5.00642
5.00712
5.00676
5.00731
5.00753
5.00657
5.00609
5.00683
5.00666
5.00633
5.00668
5.00659
5.00789
5.00759
5.00778
5.00851
5.00833
5.00906
5.00945
5.00872
5.00886
5.00908
5.00909
5.0087
5.00824
5.0086
5.00934
5.01019
5.00988
5.0096
5.01033
5.01072
5.00992
5.00991
5.00964
5.00919
5.00902
5.00967
5.00923
5.00894
5.00925
5.00867
5.00788
5.00887
5.00897
5.00923
5.00902
5.00849
5.00844
5.00857
5.00851
5.00845
5.00832
5.0085
5.00835
5.0086
5.00853
5.00806
5.00819
5.00846
5.00822
5.00865
5.00867
5.00897
5.00873
5.00921
5.0086
5.00872
5.00944
5.00976
5.01021
5.01018
5.00985
5.0101
5.01014
5.01042
5.01016
5.01004
5.00964
5.00928
5.00877
5.00851
5.00806
5.00847
5.00883
5.00835
5.00793
5.0078
5.00777
5.00766
5.00733
5.00715
5.00709
5.00796
5.00749
5.00759
5.00796
5.00763
5.00777
5.00751
5.00714
5.00698
5.00644
5.00665
5.00738
5.0076
5.00721
5.00738
5.00835
5.00821
5.00786
5.00854
5.00916
5.00925
5.00922
5.00947
5.00956
5.00918
5.00895
5.00795
5.00802
5.00797
5.00771
5.00778
5.00808
5.0084
5.00835
5.00852
5.00773
5.00822
5.00852
5.00867
5.00819
5.00799
5.00761
5.0076
5.00774
5.00749
5.00752
5.00763
5.00716
5.0074
5.00733
5.00777
5.00743
5.00765
5.00796
5.00756
5.00746
5.00734
5.00715
5.00693
5.00715
5.00732
5.0075
5.00779
5.00778
5.00879
5.00848
5.00827
5.008
5.00789
5.00761
5.00757
5.00789
5.00742
5.00745
5.00741
5.00746
5.00718
5.00708
5.00713
5.00668
5.00708
5.00687
5.00693
5.00733
5.00758
5.00681
5.00672
5.00652
5.00605
5.00569
5.0063
5.00681
5.00682
5.00639
5.00679
5.00662
5.00645
5.00648
5.00597
5.00582
5.00548
5.00546
5.00549
5.0054
5.00511
5.0049
5.00558
5.00499
5.0049
5.0046
5.00443
5.00381
5.00386
5.00391
5.00375
5.00351
5.00323
5.00295
5.00335
5.0031
5.00281
5.00287
5.00245
5.00232
5.00267
5.00262
5.0023
5.00216
5.00215
5.00232
5.00193
5.0022
5.00287
5.00285
5.00288
5.00333
5.00376
5.00324
5.003
5.00364
5.0035
5.00365
5.00357
5.00382
5.00389
5.0043
5.00369
5.00373
5.00356
5.00384
5.00388
5.00404
5.00393
5.00364
5.00351
5.00378
5.00383
5.00411
5.00425
5.00402
5.00444
5.00393
5.00367
5.00375
5.00429
5.00431
5.00381
5.00407
5.00405
5.00427
5.00455
5.00473
5.00458
5.00439
5.00363
5.00381
5.00386
5.00428
5.00446
5.0045
5.00422
5.00415
5.00396
5.0039
5.00394
5.00392
5.00375
5.00381
5.00346
5.00356
5.00338
5.00288
5.00263
5.00287
5.00287
5.00311
5.00322
5.00307
5.00295
5.0027
5.00239
5.00241
5.00246
5.00184
