1.44559
1.40996
1.47839
1.5484
1.51959
1.51991
1.50215
1.49105
1.48782
1.46815
1.45138
1.4553
1.48148
1.47801
1.48175
1.49188
1.48871
1.49201
1.49358
1.5032
1.49873
1.50438
1.49994
1.49413
1.49121
1.49774
1.50205
1.49782
1.4908
1.49527
1.49161
1.48513
1.49168
1.49026
1.49279
1.49563
1.50402
1.50702
1.50566
1.50566
1.50488
1.50345
1.50486
1.50533
1.50259
1.51036
1.50881
1.50669
1.50727
1.50904
1.50838
1.51233
1.51166
1.51166
1.51627
1.5158
1.51478
1.5151
1.51561
1.51574
1.51632
1.51622
1.51943
1.5179
1.52428
1.52425
1.52483
1.52703
1.52716
1.52614
1.5282
1.52856
1.52693
1.52505
1.52499
1.52087
1.5209
1.52025
1.5163
1.51539
1.51561
1.51747
1.51569
1.51453
1.51338
1.51304
1.5146
1.51427
1.51268
1.51203
1.51058
1.51278
1.51246
1.51091
1.51291
1.5126
1.51496
1.51471
1.51701
1.5195
1.51959
1.51889
1.51674
1.51803
1.51929
1.52144
1.5194
1.51786
1.51777
1.51827
1.51815
1.51784
1.51618
1.51612
1.51501
1.51417
1.51576
1.51519
1.51327
1.51451
1.51557
1.51569
1.51794
1.51709
1.51607
1.51551
1.51896
1.51957
1.51936
1.51881
1.51938
1.51794
1.51804
1.51923
1.51903
1.52031
1.52019
1.52054
1.51972
1.51949
1.52053
1.5205
1.51962
1.51855
1.51848
1.51755
1.51724
1.5168
1.51623
1.51733
1.5187
1.51748
1.5171
1.51609
1.51754
1.51841
1.51706
1.51732
1.51606
1.5157
1.51644
1.5159
1.51498
1.51634
1.5171
1.51647
1.51615
1.5162
1.51617
1.51719
1.51728
1.51686
1.51679
1.51646
1.51569
1.51557
1.51519
1.5147
1.51359
1.51449
1.5136
1.51305
1.51206
1.5125
1.51266
1.51238
1.51194
1.51128
1.51133
1.51141
1.51158
1.51174
1.51177
1.51206
1.51143
1.51082
1.51123
1.51274
1.51307
1.51285
1.51288
1.51206
1.51268
1.51174
1.51163
1.5118
1.51262
1.51276
1.51228
1.5122
1.51133
1.51181
1.51344
1.51303
1.51369
1.51433
1.51489
1.51587
1.51527
1.51554
1.51594
1.51549
1.51527
1.51523
1.51528
1.51623
1.5171
1.51673
1.51673
1.51644
1.51633
1.51594
1.51596
1.51544
1.51583
1.51545
1.51539
1.51515
1.51525
1.5145
1.51375
1.51379
1.51319
1.51289
1.5118
1.51148
1.51159
1.51156
1.51187
1.51138
1.51295
1.513
1.51195
1.51246
1.51275
1.51276
1.51279
1.51264
1.51263
1.51253
1.5133
1.51273
1.51346
1.51333
1.51239
1.51241
1.51218
1.51201
1.51137
1.51123
1.5109
1.51041
1.51132
1.51182
1.51188
1.51196
1.51234
1.51249
1.51248
1.51218
1.51149
1.51257
1.51262
1.5124
1.51256
1.51256
1.51213
1.51216
1.51187
1.51158
1.51143
1.51121
1.51109
1.51014
1.51071
1.51118
1.51136
1.51102
1.51152
1.51139
1.51172
1.51169
1.51151
1.51175
1.51242
1.51297
1.51301
1.51306
1.51327
1.51309
1.51262
1.51256
1.5122
1.51198
1.51197
1.51274
1.51303
1.51246
1.51193
1.51199
1.51239
1.51275
1.51265
1.51232
1.51269
1.5121
1.51146
1.51137
1.51128
1.51088
1.51047
1.51032
1.51048
1.51034
1.5101
1.51012
1.51049
1.51024
1.51054
1.51042
1.51
1.50974
1.50979
1.50943
1.50997
1.50975
1.50962
1.50941
1.5097
1.51033
1.51026
1.51022
1.51029
1.50996
1.51058
1.51084
1.5106
1.51022
1.51011
1.51004
1.50958
1.50992
1.51004
1.50966
1.50966
1.50937
1.50913
1.50904
1.50872
1.50885
1.50849
1.5082
1.50752
1.50754
1.50746
1.50756
1.50801
1.50784
1.50814
1.50849
1.5086
1.50816
1.50836
1.50803
1.50817
1.50868
1.50857
1.50851
1.50816
1.50837
1.50833
1.50843
1.50795
1.50802
1.50845
1.50829
1.50836
1.50816
1.50778
1.50731
1.50764
1.50744
1.50691
1.50642
1.50656
1.50707
1.50699
1.50696
1.50743
1.50733
1.50706
1.50686
1.50651
1.50639
1.50675
1.50662
1.50687
1.50675
1.50628
1.507
1.50738
1.50748
1.50813
1.50811
1.50808
1.50799
1.5079
1.50768
1.50815
1.5084
1.50813
1.50899
1.50889
1.50889
1.50862
1.50822
1.5082
1.50794
1.50792
1.5076
1.50836
1.50829
1.50807
1.50831
1.50812
1.50804
1.50869
1.50821
1.5079
1.50765
1.5076
1.50799
1.50771
1.50805
1.50758
1.50759
1.50765
1.50763
1.50773
1.50823
1.50817
1.50821
1.50829
1.50795
1.50863
1.50856
1.50857
1.50901
1.50903
1.50882
1.50873
1.50925
1.50958
1.50993
1.50972
1.50975
1.50936
1.50935
1.50907
1.509
1.50913
1.5089
1.50872
1.50853
1.50877
1.50851
1.50866
1.50842
1.50842
1.50853
1.50819
1.50822
1.50782
1.50834
1.50854
1.5083
1.50859
1.50846
1.5081
1.50824
1.50848
1.50896
1.50863
1.50878
1.5087
1.5083
1.5081
1.50782
1.50794
1.50753
1.5075
1.50735
1.50754
1.50766
1.50773
1.50734
1.50719
1.50721
1.50672
1.50663
1.50703
1.50734
1.50711
1.50703
1.50666
1.50688
1.50713
1.50708
1.50678
1.50713
1.50705
1.50668
1.50665
1.50644
1.50621
1.50631
1.50637
1.50613
1.50596
1.50554
1.50557
1.50558
1.50587
1.50571
1.50578
1.50562
1.50566
1.50577
1.50591
1.5061
1.50622
1.50662
1.50649
1.50661
1.50702
1.50732
1.50786
1.50786
1.5078
1.5078
1.50762
1.50754
1.5074
1.50735
1.50811
1.50777
1.50762
1.5073
1.50719
1.50691
1.50672
1.50655
1.50617
1.50614
1.50635
1.50633
1.50615
1.50579
1.50556
1.50545
1.50544
1.50537
1.50594
1.50574
1.50592
1.50581
1.50619
1.50642
1.50604
1.50588
1.50571
1.50574
1.50565
1.5055
1.50548
1.50549
1.50529
1.50532
1.50534
1.50558
1.5054
1.50541
1.50529
1.50493
1.50492
1.50489
1.50508
1.50467
1.50495
1.50488
1.50459
1.50489
1.50454
1.50449
1.50494
1.50508
1.50513
1.50524
1.50533
1.50533
1.50503
1.50528
1.50521
1.50547
1.50549
1.50544
1.5054
1.50556
1.50567
1.50513
1.50508
1.50504
1.50516
1.50518
1.50516
1.5051
1.50539
1.50531
1.50517
1.50514
1.50507
1.50511
1.50525
1.50505
1.50495
1.5048
1.50429
1.50414
1.50431
1.50421
1.50443
1.50445
1.50421
1.5045
1.50424
1.50423
1.50422
1.50396
1.5044
1.50453
1.50428
1.50431
1.50417
1.50391
1.50393
1.50409
1.50393
1.50393
1.50397
1.50406
1.50409
1.50431
1.50403
1.5042
1.50432
1.50435
1.50425
1.50406
1.50398
1.50382
1.50368
1.50364
1.50365
1.50367
1.50335
1.50335
1.50306
1.50329
1.5034
1.50349
1.50362
1.50346
1.50345
1.50379
1.50401
1.50384
1.50374
1.50385
1.50393
1.5041
1.50403
1.5037
1.50345
1.50353
1.50355
1.5034
1.5032
1.50297
1.50293
1.50291
1.50291
1.50302
1.50298
1.50293
1.503
1.5031
1.50329
1.50342
1.5035
1.50393
1.50386
1.50385
1.50393
1.50387
1.50357
1.50338
1.5032
1.50319
1.50326
1.50319
1.50319
1.50345
1.50348
1.50332
1.50344
1.50357
1.50376
1.50395
1.50399
1.50443
1.50427
1.50415
1.50458
1.50453
1.50448
1.50471
1.50477
1.50485
1.50494
1.50515
1.50523
1.50506
1.50513
1.50494
1.50466
1.50518
1.50507
1.50523
1.50523
1.50541
1.5053
1.50508
1.50511
1.50484
1.50455
1.50415
1.50406
1.5041
1.50396
1.50406
1.50408
1.50419
1.50421
1.504
1.50422
1.50397
1.50413
1.50396
1.50418
1.50435
1.50411
1.50428
1.50403
1.5041
1.50422
1.50386
1.50392
1.50386
1.50386
1.50394
1.50411
1.50396
1.50373
1.50356
1.50338
1.50351
1.50343
1.50329
1.5034
1.5035
1.50351
1.50332
1.50342
1.50317
1.50307
1.50322
1.50315
1.50292
1.50323
1.50314
1.50315
1.50314
1.50298
1.50286
1.50309
1.50312
1.50317
1.50335
1.50308
1.50305
1.50328
1.50313
1.50305
1.50332
1.50329
1.50312
1.50315
1.50328
1.50347
1.50346
1.50346
1.50338
1.50313
1.50295
1.50302
1.50301
1.50307
1.50315
1.50326
1.50354
1.50335
1.5034
1.50324
1.50346
1.50342
1.50344
1.50327
1.50325
1.50348
1.50367
1.50387
1.50363
1.50382
1.50378
1.50375
1.50389
1.50384
1.50375
1.50353
1.50363
1.50367
1.50367
1.50406
1.50399
1.50386
1.50371
1.50374
1.50369
1.5038
1.50367
1.50377
1.50384
1.50371
1.50382
1.50371
1.5035
1.5037
1.50366
1.50375
1.5036
1.50344
1.50348
1.50355
1.50378
1.50366
1.50387
1.50388
1.50384
1.50358
1.50347
1.50359
1.50352
1.50362
1.50362
1.5035
1.50348
1.50349
1.50351
1.50362
1.50335
1.50336
1.50322
1.50311
1.50306
1.50322
1.50335
1.50367
1.50356
1.5036
1.50365
1.50373
1.5038
1.50391
1.50412
1.50421
1.50421
1.50403
1.50415
1.50406
1.50402
1.50403
1.50429
1.50417
1.50433
1.50429
1.5042
1.50436
1.50435
1.5042
1.50393
1.50381
1.50381
1.50389
1.50384
1.50396
1.5042
1.50403
1.50387
1.5038
1.50377
1.50401
1.50429
1.50427
1.50418
1.50397
1.50419
1.50409
1.50402
1.50413
1.50405
1.50423
1.50406
1.50406
1.50419
1.50414
1.50415
1.50414
1.50389
1.50362
1.50355
1.50374
1.50343
1.50328
1.50318
1.50321
1.50326
1.50334
1.50328
1.50342
1.5034
1.50344
1.50349
1.50342
1.50345
1.50357
1.50336
1.5035
1.50358
1.50361
1.5035
1.50338
1.5035
1.50351
1.50349
1.50337
1.50309
1.50314
1.50303
1.50276
1.50274
1.50274
1.50264
1.5027
1.50256
1.50265
1.50247
1.50232
1.50226
1.50212
1.50219
