1.56557
1.45157
1.53847
1.53999
1.583
1.57985
1.58526
1.56954
1.54792
1.52204
1.51598
1.5155
1.49264
1.48616
1.48271
1.47732
1.48135
1.48093
1.48808
1.49718
1.49757
1.49962
1.49875
1.4897
1.50191
1.49572
1.49602
1.49048
1.48314
1.48788
1.48249
1.48033
1.48547
1.48284
1.48626
1.48731
1.49015
1.48529
1.48279
1.47885
1.47729
1.47306
1.47381
1.46928
1.47115
1.46963
1.46625
1.46553
1.46986
1.46977
1.46874
1.47217
1.47333
1.47375
1.47227
1.4742
1.47344
1.47225
1.47432
1.47501
1.47597
1.47916
1.47796
1.47557
1.47463
1.47293
1.47342
1.47346
1.47104
1.47058
1.47323
1.4752
1.47546
1.47369
1.47499
1.47508
1.47409
1.47301
1.47322
1.47147
1.47045
1.47042
1.47015
1.46959
1.47218
1.47315
1.47146
1.47265
1.47306
1.47667
1.47663
1.47902
1.47887
1.47843
1.4793
1.47983
1.48024
1.4799
1.47814
1.47757
1.47853
1.47983
1.48052
1.48111
1.48199
1.48245
1.48163
1.48263
1.48293
1.48001
1.48057
1.47973
1.48005
1.48192
1.48301
1.48218
1.48222
1.48448
1.48511
1.48285
1.48191
1.48066
1.48107
1.48007
1.47872
1.47942
1.47936
1.4804
1.47926
1.47853
1.4788
1.47926
1.47885
1.48023
1.47913
1.4784
1.47999
1.48152
1.48138
1.4825
1.48226
1.48148
1.48126
1.48147
1.48213
1.4828
1.48256
1.48289
1.4832
1.48296
1.48364
1.48607
1.48693
1.48692
1.487
1.48673
1.48564
1.48505
1.48416
1.48447
1.48497
1.48535
1.48608
1.48567
1.48534
1.4849
1.485
1.48608
1.48519
1.48566
1.48493
1.4851
1.48633
1.48544
1.486
1.48572
1.48658
1.4866
1.48822
1.48805
1.48937
1.48976
1.48958
1.48937
1.48905
1.48839
1.48928
1.48992
1.48979
1.49083
1.49116
1.49223
1.49216
1.49237
1.49205
1.49302
1.49338
1.49304
1.49216
1.49252
1.49277
1.49395
1.49444
1.49435
1.49388
1.49376
1.49301
1.49259
1.493
1.494
1.49452
1.49439
1.49418
1.49469
1.49629
1.49684
1.4964
1.49687
1.49636
1.49771
1.49864
1.49871
1.49843
1.4987
1.49883
1.49935
1.49909
1.49982
1.499
1.49901
1.49978
1.49979
1.49902
1.4978
1.49804
1.49798
1.49804
1.49821
1.49875
1.49858
1.4988
1.49778
1.49767
1.49751
1.49745
1.49704
1.49815
1.49827
1.49884
1.49967
1.49953
1.49932
1.50035
1.50036
1.50048
1.5008
1.50054
1.50073
1.50069
1.50104
1.50199
1.50199
1.50157
1.50144
1.5019
1.5023
1.50172
1.50146
1.50105
1.50112
1.50056
1.49981
1.49952
1.49982
1.49956
1.50031
1.50028
1.49951
1.49893
1.49825
1.49815
1.49872
1.49853
1.49816
1.49834
1.49834
1.49965
1.49989
1.50023
1.49991
1.49939
1.49894
1.49856
1.49825
1.49744
1.4971
1.49701
1.49648
1.49682
1.49728
1.49678
1.4968
1.49677
1.49662
1.49682
1.49734
1.49726
1.49729
1.49696
1.497
1.49757
1.49711
1.49728
1.4971
1.49737
1.4973
1.49721
1.49739
1.49709
1.49713
1.49725
1.49748
1.49812
1.4977
1.49754
1.49841
1.49774
1.49748
1.49698
1.49702
1.4968
1.497
1.49697
1.49712
1.49723
1.49743
1.49749
1.49742
1.49742
1.49686
1.49675
1.49663
1.4965
1.49625
1.4959
1.49699
1.49715
1.49697
1.49688
1.49685
1.49681
1.49632
1.49582
1.49627
1.49615
1.49621
1.49556
1.49608
1.49601
1.49603
1.49652
1.49645
1.49697
1.49654
1.49636
1.49607
1.49672
1.49675
1.49708
1.49697
1.49747
1.49728
1.49764
1.49748
1.49788
1.49767
1.49726
1.49747
1.49755
1.49793
1.49874
1.49855
1.49856
1.49855
1.49864
1.49821
1.49824
1.49803
1.4981
1.49851
1.49859
1.49856
1.49844
1.49881
1.49852
1.49822
1.49818
1.49835
1.49854
1.49851
1.49881
1.49845
1.49827
1.49845
1.49856
1.49866
1.4987
1.49869
1.49871
1.49889
1.49835
1.49809
1.49786
1.49781
1.49805
1.49797
1.49774
1.49829
1.49895
1.49862
1.49882
1.49919
1.49908
1.49887
1.49895
1.49888
1.49887
1.49907
1.49904
1.49941
1.49904
1.4988
1.49861
1.49882
1.499
1.49875
1.49859
1.49856
1.49845
1.49847
1.49872
1.49843
1.49812
1.49788
1.4978
1.49779
1.49785
1.49843
1.49833
1.49793
1.49815
1.49903
1.49886
1.499
1.49929
1.49884
1.49847
1.49882
1.49917
1.49919
1.50011
1.50002
1.49989
1.49993
1.50016
1.50041
1.50045
1.50052
1.50032
1.49982
1.49985
1.5005
1.50107
1.50093
1.50137
1.50082
1.50095
1.50103
1.50102
1.50097
1.50077
1.50056
1.50042
1.50052
1.50075
1.50112
1.50094
1.50115
1.50107
1.50144
1.5015
1.50195
1.50197
1.50224
1.50209
1.50171
1.50203
1.5019
1.50263
1.50246
1.50229
1.50213
1.50206
1.50226
1.50212
1.50166
1.50177
1.50138
1.50139
1.50179
1.5021
1.50201
1.50227
1.50212
1.50226
1.50258
1.50271
1.50271
1.50252
1.50284
1.50323
1.50303
1.50269
1.5025
1.50259
1.50247
1.50218
1.50237
1.50249
1.50273
1.50273
1.50276
1.50262
1.50263
1.50274
1.5028
1.50272
1.50279
1.50282
1.50269
1.50306
1.50294
1.50273
1.50275
1.50263
1.50294
1.50282
1.50244
1.50233
1.50235
1.50235
1.50219
1.50249
1.50223
1.502
1.50161
1.50129
1.50125
1.50105
1.50095
1.50119
1.50087
1.50085
1.50055
1.5006
1.50049
1.50023
1.50015
1.50015
1.50031
1.50053
1.50041
1.50056
1.50069
1.50096
1.50094
1.50084
1.50071
1.50081
1.50059
1.50031
1.50027
1.50021
1.50023
1.50049
1.50055
1.50056
1.50107
1.50091
1.50068
1.5006
1.50078
1.50096
1.50125
1.50139
1.50126
1.50104
1.50087
1.501
1.50078
1.50081
1.50069
1.50053
1.50013
1.49983
1.49958
1.49975
1.49985
1.49967
1.49942
1.49939
1.49926
1.49962
1.49971
1.49992
1.49989
1.49955
1.49922
1.49916
1.49896
1.49893
1.4993
1.49978
1.49964
1.49947
1.49941
1.49936
1.49921
1.49918
1.49912
1.49921
1.49954
1.49936
1.49947
1.49923
1.49887
1.49903
1.49881
1.49857
1.49845
1.4985
1.49857
1.4989
1.4988
1.49915
1.49892
1.4987
1.49873
1.49847
1.49851
1.49808
1.49789
1.49804
1.49778
1.49756
1.49777
1.49777
1.49775
1.49747
1.49749
1.49787
1.49781
1.49773
1.49767
1.498
1.49776
1.4976
1.49767
1.49747
1.49718
1.49748
1.49757
1.49762
1.49748
1.4975
1.49752
1.49735
1.49733
1.49724
1.4972
1.49716
1.49693
1.49691
1.49695
1.49696
1.49707
1.49717
1.49707
1.49687
1.49687
1.49732
1.49736
1.49709
1.49705
1.49728
1.49738
1.49732
1.49775
1.49747
1.49721
1.49731
1.4971
1.49705
1.49682
1.49689
1.49711
1.49705
1.49701
1.49691
1.49695
1.4972
1.49724
1.497
1.49696
1.49726
1.49717
1.49704
1.49706
1.49729
1.49735
1.4976
1.4977
1.49756
1.49728
1.49725
1.49712
1.49687
1.49694
1.49685
1.49715
1.49726
1.49708
1.49687
1.49674
1.49664
1.49675
1.49659
1.49676
1.49676
1.49686
1.49672
1.49676
1.49694
1.49713
1.49737
1.49754
1.49739
1.49731
1.4972
1.49726
1.49719
1.49765
1.49772
1.49751
1.49756
1.49746
1.49743
1.49711
1.49694
1.49685
1.49692
1.49695
1.49688
1.49688
1.49693
1.49691
1.49679
1.49666
1.4968
1.49723
1.49741
1.49728
1.4973
1.49699
1.49689
1.49679
1.49655
1.49651
1.49676
1.49673
1.49692
1.49678
1.4966
1.49674
1.49689
1.49695
1.49705
1.49721
1.49729
1.49715
1.49714
1.49717
1.49748
1.49731
1.49766
1.49751
1.49735
1.49758
1.49776
1.49762
1.49759
1.49749
1.4976
1.49749
1.49774
1.49765
1.49739
1.4972
1.49728
1.49727
1.49726
1.49717
1.49706
1.49726
1.49723
1.49741
1.4972
1.49747
1.49747
1.49736
1.49702
1.49719
1.49702
1.4972
1.49747
1.49743
1.49761
1.49801
1.4983
1.49825
1.498
1.49772
1.49742
1.49734
1.49716
1.49727
1.49731
1.49745
1.49721
1.4974
1.4973
1.49741
1.49743
1.49749
1.49747
1.49747
1.49733
1.49739
1.49747
1.49725
1.4973
1.49741
1.49735
1.49719
1.49722
1.49703
1.49725
1.49725
1.49728
1.49722
1.49723
1.49738
1.49788
1.49789
1.49787
1.49771
1.49755
1.49746
1.49716
1.49708
1.49701
1.4968
1.49705
1.49692
1.497
1.49677
1.49681
1.49666
1.49709
1.49705
1.49688
1.49697
1.49712
1.49716
1.49744
1.49743
1.49733
1.49727
1.49725
1.49747
1.49749
1.49758
1.49736
1.49724
1.4972
1.49725
1.49704
1.49716
1.49713
1.49714
1.49723
1.49751
1.49797
1.49791
1.49786
1.49801
1.49801
1.49813
1.49823
1.49822
1.49816
1.49812
1.49815
1.49821
1.49827
1.49809
1.49834
1.49813
1.49805
1.49801
1.49821
1.49838
1.49859
1.49883
1.49876
1.49887
1.499
1.499
1.49906
1.49894
1.49893
1.49885
1.49884
1.49894
1.49903
1.49907
1.4989
1.49884
1.49905
1.49916
1.49903
1.49933
1.49949
1.49938
1.4995
1.49955
1.49952
1.49932
1.49913
1.49932
1.49927
1.49946
1.49928
1.49922
1.49901
1.49914
1.49941
1.49949
1.49939
1.49913
1.49917
1.49892
1.4989
1.4989
1.49891
1.49888
1.49877
1.4987
1.4987
1.49863
1.49848
1.49838
1.49841
1.49858
1.4986
1.4987
1.49875
1.4989
1.49884
1.49857
1.49871
1.49891
1.49875
1.49878
1.49884
1.49889
1.49895
1.49893
1.49889
1.499
1.4993
1.49919
1.49915
1.49917
1.49918
1.49925
1.49927
1.49936
1.49933
1.49927
