4.90055
4.85488
4.93664
4.9677
4.86636
4.86037
4.87646
4.90077
4.87089
4.92336
4.94352
4.92296
4.92667
4.95521
4.95589
5.00624
4.98109
4.96941
4.94288
4.95251
4.96872
5.00349
4.98954
4.98697
4.98731
4.98255
4.97135
4.9865
4.98714
4.98404
4.97903
4.99891
4.99199
4.99905
4.9889
4.98579
4.98232
4.9844
4.99741
4.99182
5.00114
4.99462
4.9911
4.9962
4.99528
4.994
4.98839
4.99924
5.0025
5.01435
5.03161
5.02645
5.0282
5.02647
5.03664
5.03514
5.0349
5.02955
5.03647
5.0442
5.03878
5.0558
5.04921
5.0476
5.04145
5.04351
5.04269
5.04158
5.03535
5.02785
5.02478
5.02589
5.03281
5.03334
5.03283
5.03867
5.03652
5.03211
5.03161
5.03614
5.03044
5.03194
5.03065
5.02403
5.01846
5.01704
5.02215
5.02202
5.02744
5.02721
5.02681
5.02267
5.02144
5.01895
5.0211
5.02358
5.01718
5.02091
5.02226
5.01927
5.01737
5.02592
5.02567
5.02182
5.01844
5.01868
5.01467
5.01478
5.01383
5.01382
5.01714
5.01517
5.018
5.01525
5.01501
5.01238
5.01349
5.01424
5.01269
5.01237
5.00842
5.00806
5.00778
5.00851
5.01116
5.01247
5.01316
5.01065
5.00717
5.00941
5.01268
5.01016
5.0144
5.0157
5.01529
5.01336
5.0102
5.01151
5.01663
5.01642
5.01416
5.01487
5.01358
5.01365
5.01399
5.01253
5.01106
5.01402
5.01032
5.00958
5.00993
5.00667
5.00666
5.0117
5.01138
5.01056
5.01143
5.01004
5.01114
5.01282
5.01825
5.0194
5.0213
5.02219
5.02135
5.02033
5.022
5.02105
5.01832
5.02031
5.02468
5.0232
5.02219
5.02448
5.02348
5.02235
5.02603
5.02677
5.02574
5.02469
5.02261
5.02374
5.02262
5.02356
5.02574
5.02316
5.02541
5.02938
5.02924
5.029
5.02763
5.0281
5.02853
5.02839
5.02783
5.02708
5.02737
5.02882
5.03028
5.03015
5.02703
5.02645
5.02804
5.02912
5.0304
5.02817
5.03087
5.02963
5.0286
5.02646
5.0286
5.02902
5.02696
5.02434
5.02607
5.02705
5.02708
5.02538
5.02447
5.02537
5.02427
5.02271
5.02334
5.02181
5.02151
5.0222
5.02412
5.02547
5.0259
5.02966
5.0308
5.03072
5.03192
5.03139
5.03094
5.03221
5.0334
5.03586
5.03464
5.03304
5.0303
5.02901
5.02932
5.02899
5.02855
5.02655
5.02508
5.02484
5.02326
5.02318
5.02707
5.02766
5.0262
5.02554
5.02573
5.02733
5.02623
5.02615
5.02561
5.02543
5.02543
5.02501
5.02343
5.02313
5.02439
5.02425
5.02408
5.02384
5.02214
5.02162
5.02226
5.0232
5.02405
5.0231
5.02442
5.02484
5.02292
5.02427
5.02436
5.0263
5.02568
5.02616
5.02607
5.02528
5.02429
5.02342
5.02349
5.02282
5.02211
5.02205
5.02127
5.02004
5.02039
5.02116
5.0215
5.0203
5.02138
5.01922
5.01825
5.02027
5.01969
5.01916
5.0204
5.01962
5.02017
5.01898
5.02132
5.02113
5.02008
5.0192
5.01982
5.01974
5.01926
5.01968
5.02015
5.01872
5.01742
5.01687
5.01643
5.01579
5.01597
5.01549
5.0153
5.01524
5.01483
5.01413
5.01318
5.01228
5.01057
5.0102
5.01051
5.01142
5.01083
5.00931
5.00912
5.00875
5.00736
5.00765
5.00897
5.00777
5.00922
5.00886
5.0114
5.01177
5.0112
5.01098
5.01036
5.00912
5.00779
5.00882
5.00944
5.00993
5.01036
5.01159
5.01077
5.01123
5.00994
5.01075
5.0113
5.01007
5.01194
5.01218
5.01337
5.01355
5.01264
5.01097
5.00948
5.00966
5.0095
5.00995
5.01009
5.00884
5.00854
5.0102
5.00919
5.0088
5.00816
5.00828
5.00708
5.0079
5.00798
5.00724
5.00592
5.0058
5.00578
5.0066
5.00633
5.00649
5.00601
5.00709
5.00685
5.00715
5.00847
5.00778
5.00835
5.00913
5.00903
5.0096
5.00947
5.00892
5.00936
5.01006
5.0108
5.01065
5.0108
5.011
5.01022
5.00955
5.00849
5.00872
5.00987
5.01008
5.01093
5.01132
5.01285
5.01252
5.01165
5.01075
5.01113
5.01227
5.01068
5.01053
5.0109
5.01189
5.0106
5.01091
5.00985
5.00948
5.00944
5.00839
5.00889
5.00819
5.00818
5.00848
5.00804
5.00874
5.00796
5.00892
5.00915
5.00905
5.01023
5.0102
5.01128
5.01159
5.01093
5.01087
5.01103
5.01129
5.01076
5.011
5.01171
5.01157
5.01153
5.01135
5.01118
5.01198
5.01275
5.01317
5.01423
5.01346
5.01294
5.01305
5.01398
5.01376
5.01513
5.01536
5.0156
5.01565
5.01449
5.01446
5.0144
5.01404
5.01354
5.01282
5.012
5.01206
5.01237
5.01256
5.01229
5.01181
5.01285
5.01365
5.01364
5.01346
5.01324
5.01333
5.01352
5.01316
5.01386
5.01511
5.01483
5.01431
5.01272
5.01412
5.01384
5.01431
5.01496
5.01531
5.01618
5.0169
5.01648
5.017
5.01667
5.01693
5.01688
5.01646
5.01717
5.01686
5.01696
5.01564
5.01449
5.01493
5.01485
5.01572
5.0159
5.01635
5.01688
5.01716
5.01786
5.01721
5.01705
5.01795
5.01827
5.01865
5.01799
5.01864
5.0181
5.01801
5.01798
5.01835
5.01775
5.01854
5.01926
5.01971
5.01884
5.01808
5.01773
5.01726
5.01784
5.01867
5.01899
5.01875
5.01825
5.01886
5.02004
5.01989
5.01986
5.01914
5.01984
5.01875
5.01774
5.01752
5.01686
5.01729
5.01707
5.01709
5.01681
5.01737
5.0172
5.01734
5.01637
5.01657
5.01614
5.01632
5.0166
5.01687
5.01618
5.01597
5.01599
5.01509
5.01541
5.01556
5.01585
5.0153
5.01455
5.01493
5.01449
5.01422
5.01392
5.01412
5.01496
5.01478
5.01541
5.01552
5.01526
5.0153
5.01619
5.01663
5.017
5.01747
5.01734
5.01764
5.01806
5.01855
5.01949
5.01901
5.01787
5.01785
5.01809
5.01793
5.01715
5.01734
5.01675
5.01626
5.01598
5.01655
5.01709
5.01696
5.01675
5.01668
5.01645
5.01548
5.01551
5.01475
5.01468
5.01494
5.01556
5.01611
5.01622
5.01648
5.01614
5.01644
5.01643
5.01674
5.01629
5.01694
5.01616
5.01696
5.01777
5.01734
5.0183
5.01843
5.0178
5.01787
5.01845
5.01799
5.01935
5.0192
5.02014
5.01996
5.01953
5.019
5.01835
5.01827
5.01783
5.01752
5.01765
5.0181
5.01759
5.01705
5.01694
5.01748
5.01745
5.01736
5.01776
5.01757
5.01692
5.01733
5.0168
5.01701
5.01669
5.01647
5.01664
5.01615
5.01576
5.01588
5.01684
5.01645
5.01654
5.01775
5.01724
5.01713
5.01692
5.01684
5.01685
5.0167
5.01657
5.01747
5.01744
5.01696
5.01718
5.01727
5.01722
5.01674
5.01642
5.01614
5.01602
5.01578
5.01521
5.01637
5.01636
5.016
5.01564
5.0156
5.01557
5.01489
5.01531
5.01461
5.01389
5.01282
5.0128
5.01233
5.0126
5.01228
5.01259
5.01268
5.01253
5.01215
5.01252
5.01339
5.01272
5.01241
5.0119
5.01187
5.01147
5.0113
5.01059
5.01088
5.00991
5.01008
5.00968
5.00935
5.00975
5.00964
5.00939
5.00995
5.00933
5.00956
5.00986
5.00942
5.009
5.00922
5.00895
5.00868
5.00817
5.00817
5.00823
5.00749
5.00729
5.00737
5.0073
5.00698
5.00613
5.0068
5.00598
5.00597
5.00638
5.00678
5.00653
5.00632
5.00582
5.00612
5.00585
5.00539
5.00564
5.00574
5.00584
5.0056
5.00468
5.00458
5.00427
5.00455
5.00465
5.00491
5.00434
5.00462
5.00446
5.00469
5.00425
5.00436
5.00446
5.00419
5.0045
5.00475
5.00581
5.00619
5.00641
5.006
5.00595
5.00583
5.00595
5.00583
5.00548
5.00576
5.00583
5.00539
5.00562
5.0062
5.00627
5.00598
5.00583
5.00573
5.00527
5.00504
5.00451
5.00465
5.00498
5.00469
5.00456
5.00452
5.00455
5.00453
5.00434
5.00394
5.00362
5.00418
5.00399
5.0044
5.00452
5.00427
5.00387
5.00367
5.00383
5.00396
5.00412
5.00459
5.00476
5.00401
5.00464
5.00503
5.00518
5.00511
5.00476
5.00399
5.00332
5.00336
5.00298
5.00271
5.00239
5.00194
5.00246
5.00248
5.00244
5.00274
5.00296
5.00313
5.00296
5.00338
5.00354
5.00357
5.00359
5.00321
5.00328
5.00378
5.00336
5.00385
5.00378
5.00361
5.00309
5.0033
5.0026
5.00233
5.00191
5.00179
5.00168
5.00173
5.00191
5.00192
5.00173
5.00145
5.00184
5.00227
5.00185
5.0014
5.00093
5.00086
5.00047
5.00027
4.99972
4.99953
5.00006
4.99971
4.99969
4.99947
4.99971
4.99939
4.99905
4.99883
4.99884
4.99959
4.99912
4.99915
5.00007
5.00013
5.0001
5.00053
4.99996
4.9998
4.9998
4.99962
4.99974
5.00009
5.00051
5.00014
4.99992
4.99969
5.00035
5.00024
4.99996
4.99979
4.99944
4.99925
4.99925
4.999
4.99862
4.99838
4.99888
4.99937
4.99963
5.00021
5.00037
5.00133
5.00158
5.00144
5.0013
5.00142
5.00114
5.00108
5.00128
5.00085
5.00095
5.00129
5.00125
5.00223
5.00247
5.00204
5.0026
5.00333
5.00396
5.00393
5.00373
5.00394
5.00436
5.00421
5.00394
5.0039
5.00373
5.0035
5.00345
5.00376
5.00404
5.00382
5.00385
5.00343
5.00375
5.00381
5.00409
5.00425
5.00415
5.00433
5.00431
5.00469
5.00429
5.00483
5.00497
5.00525
5.00471
5.00477
5.00449
5.00487
5.00523
5.00518
5.00526
5.0055
5.00572
5.00598
5.00595
5.00616
5.00592
5.00569
5.00581
5.00612
5.00588
5.00606
5.00625
5.00629
5.00592
5.00579
5.0062
5.00595
5.00618
5.00592
5.00578
5.00577
5.00625
5.00599
5.00561
5.00546
5.00525
5.00521
5.00501
5.0045
5.0044
5.00397
5.00366
5.00345
5.00304
5.00303
5.00304
5.00299
