0
0.000634745
0.00340446
0.0055911
0.00424245
0.00294623
0.00243484
0.00197204
0.00156741
0.0016179
0.00159282
0.00135253
0.00178485
0.00155012
0.00136338
0.00129444
0.00115609
0.00104146
0.000937074
0.000933652
0.00086591
0.000819491
0.000768651
0.000738252
0.000688579
0.000677635
0.000646259
0.000618212
0.000623842
0.000602256
0.000576994
0.00058214
0.000588925
0.000556751
0.000531627
0.000510329
0.00055173
0.000531819
0.000506705
0.000481686
0.00045907
0.000439473
0.000421209
0.000402495
0.000392156
0.00043438
0.000418437
0.000405577
0.000389516
0.000377159
0.00036294
0.000364416
0.00035123
0.000338342
0.00034703
0.00033496
0.000324343
0.000313362
0.000303083
0.000293082
0.000283883
0.000274809
0.000276256
0.00026999
0.000301869
0.000292792
0.000284445
0.000280914
0.000272848
0.00026613
0.000262844
0.00025572
0.000251385
0.000248117
0.000241548
0.000252006
0.000245504
0.000239661
0.000249055
0.000243685
0.000237754
0.000235399
0.000232885
0.00022871
0.000224662
0.000219582
0.000216974
0.000212181
0.000209935
0.000205707
0.000203297
0.000203682
0.000199426
0.000197599
0.000197452
0.000193455
0.000194965
0.000191068
0.000192475
0.000194769
0.00019094
0.000187704
0.000188662
0.000186701
0.000184736
0.000185845
0.000186522
0.000185416
0.000182038
0.000178989
0.000175791
0.000172762
0.00017244
0.000169433
0.000167715
0.000165539
0.000165239
0.000162775
0.000163701
0.0001625
0.000160938
0.000158325
0.00016079
0.000158918
0.000157426
0.00015524
0.000164577
0.000162388
0.000159924
0.000157776
0.000155703
0.000155427
0.000153109
0.000152244
0.000150037
0.000149456
0.000147296
0.000145285
0.000143856
0.000141862
0.000140925
0.000138948
0.000137782
0.000137002
0.000135125
0.000134135
0.00013241
0.000130821
0.000129397
0.000128876
0.000129035
0.000128813
0.000127279
0.000126634
0.000127074
0.000126216
0.000126432
0.000124901
0.000124899
0.00012347
0.000122484
0.000121263
0.000120632
0.000121015
0.000120118
0.000119066
0.000117749
0.000116354
0.000114983
0.000114671
0.000113342
0.000112204
0.000110917
0.000109748
0.000109088
0.000107867
0.000106795
0.000105841
0.000105879
0.000105506
0.00010513
0.000104277
0.000104117
0.00010318
0.000102094
0.000101078
0.000100193
9.95704e-05
9.85223e-05
9.7494e-05
9.65048e-05
9.55281e-05
9.45415e-05
9.36549e-05
9.30856e-05
9.25154e-05
9.17465e-05
9.31014e-05
9.22756e-05
9.14021e-05
9.04953e-05
9.02575e-05
8.97446e-05
8.97387e-05
8.88771e-05
8.80438e-05
8.78612e-05
8.704e-05
8.64457e-05
8.56308e-05
8.5567e-05
8.49958e-05
8.6818e-05
8.61707e-05
8.57942e-05
8.54209e-05
8.49452e-05
8.51219e-05
8.47021e-05
8.40058e-05
8.34084e-05
8.28618e-05
8.21689e-05
8.14388e-05
8.07191e-05
8.0917e-05
8.09544e-05
8.03826e-05
7.96821e-05
7.90798e-05
7.8407e-05
7.78899e-05
7.72231e-05
7.68294e-05
7.63261e-05
7.58224e-05
7.51879e-05
7.46116e-05
7.39976e-05
7.39413e-05
7.38851e-05
7.32771e-05
7.30368e-05
7.25244e-05
7.31298e-05
7.26374e-05
7.20634e-05
7.14845e-05
7.10073e-05
7.06822e-05
7.25734e-05
7.20014e-05
7.25322e-05
7.22212e-05
7.17388e-05
7.11795e-05
7.06277e-05
7.01019e-05
6.95617e-05
6.90375e-05
6.90869e-05
6.88793e-05
6.88834e-05
6.83796e-05
6.87372e-05
6.82217e-05
6.77616e-05
6.72862e-05
6.71931e-05
6.67168e-05
6.63318e-05
6.60872e-05
6.64361e-05
6.61958e-05
6.57187e-05
6.52494e-05
6.49272e-05
6.44822e-05
6.40208e-05
6.36534e-05
6.36849e-05
6.44038e-05
6.39517e-05
6.3549e-05
6.3129e-05
6.26883e-05
6.24359e-05
6.20042e-05
6.16618e-05
6.13183e-05
6.09222e-05
6.05533e-05
6.01552e-05
6.06334e-05
6.05369e-05
6.03497e-05
5.99781e-05
5.96897e-05
5.95321e-05
5.91531e-05
5.88722e-05
5.84836e-05
5.81324e-05
5.78067e-05
5.78871e-05
5.78102e-05
5.74358e-05
5.7066e-05
5.67384e-05
5.6406e-05
5.62583e-05
5.59016e-05
5.56779e-05
5.53712e-05
5.50203e-05
5.52606e-05
5.4997e-05
5.49797e-05
5.49164e-05
5.45777e-05
5.4393e-05
5.4187e-05
5.38627e-05
5.36386e-05
5.34476e-05
5.34657e-05
5.35478e-05
5.32299e-05
5.29157e-05
5.27548e-05
5.26012e-05
5.2308e-05
5.20207e-05
5.17292e-05
5.14777e-05
5.11721e-05
5.10084e-05
5.07736e-05
5.05677e-05
5.02845e-05
5.01678e-05
4.99428e-05
4.9655e-05
4.94976e-05
4.95004e-05
4.92622e-05
4.89963e-05
4.8757e-05
4.8558e-05
4.86854e-05
4.84135e-05
4.81405e-05
4.78721e-05
4.77069e-05
4.78214e-05
4.76228e-05
4.74144e-05
4.72981e-05
4.70475e-05
4.67908e-05
4.67444e-05
4.66005e-05
4.63595e-05
4.62517e-05
4.59987e-05
4.58285e-05
4.56349e-05
4.53963e-05
4.52512e-05
4.50238e-05
4.49093e-05
4.47534e-05
4.49755e-05
4.47358e-05
4.45047e-05
4.42783e-05
4.42441e-05
4.40382e-05
4.38963e-05
4.37908e-05
4.35726e-05
4.35344e-05
4.33472e-05
4.32314e-05
4.30256e-05
4.30655e-05
4.28559e-05
4.26391e-05
4.25424e-05
4.23686e-05
4.21533e-05
4.19489e-05
4.19659e-05
4.17578e-05
4.17253e-05
4.15384e-05
4.13342e-05
4.11657e-05
4.11079e-05
4.11235e-05
4.10305e-05
4.08678e-05
4.09453e-05
4.0981e-05
4.07974e-05
4.08592e-05
4.06648e-05
4.0467e-05
4.04884e-05
4.03e-05
4.01786e-05
4.00219e-05
3.99516e-05
3.97735e-05
3.97111e-05
3.95379e-05
3.94111e-05
3.92365e-05
3.92705e-05
3.96075e-05
3.95621e-05
3.93841e-05
3.96253e-05
3.94392e-05
3.92543e-05
3.90782e-05
3.89047e-05
3.87715e-05
3.88169e-05
3.86976e-05
3.85938e-05
3.91607e-05
3.89905e-05
3.88111e-05
3.87107e-05
3.86909e-05
3.85144e-05
3.84077e-05
3.82332e-05
3.81633e-05
3.85685e-05
3.83988e-05
3.82738e-05
3.81613e-05
3.80279e-05
3.78638e-05
3.81126e-05
3.81659e-05
3.8095e-05
3.79865e-05
3.78208e-05
3.78002e-05
3.77092e-05
3.76568e-05
3.77073e-05
3.75422e-05
3.73811e-05
3.72182e-05
3.70658e-05
3.71513e-05
3.69944e-05
3.68364e-05
3.66837e-05
3.66424e-05
3.69469e-05
3.67928e-05
3.66356e-05
3.66694e-05
3.65138e-05
3.64055e-05
3.62597e-05
3.63818e-05
3.63367e-05
3.63043e-05
3.61935e-05
3.60422e-05
3.60431e-05
3.58925e-05
3.58196e-05
3.56753e-05
3.55429e-05
3.54484e-05
3.53335e-05
3.52239e-05
3.51387e-05
3.50617e-05
3.49396e-05
3.48571e-05
3.47147e-05
3.45852e-05
3.45597e-05
3.44207e-05
3.44451e-05
3.45793e-05
3.4478e-05
3.43938e-05
3.43396e-05
3.42202e-05
3.4212e-05
3.40938e-05
3.40147e-05
3.41119e-05
3.40828e-05
3.39685e-05
3.38406e-05
3.38645e-05
3.37689e-05
3.37142e-05
3.35952e-05
3.363e-05
3.34996e-05
3.33899e-05
3.32945e-05
3.31785e-05
3.30551e-05
3.3078e-05
3.29731e-05
3.28462e-05
3.29521e-05
3.28332e-05
3.28627e-05
3.28343e-05
3.27605e-05
3.26435e-05
3.26504e-05
3.25727e-05
3.25115e-05
3.2391e-05
3.23563e-05
3.23576e-05
3.22433e-05
3.22595e-05
3.21394e-05
3.20618e-05
3.19938e-05
3.18837e-05
3.1769e-05
3.17071e-05
3.16195e-05
3.16744e-05
3.15582e-05
3.1442e-05
3.14059e-05
3.13162e-05
3.12063e-05
3.11168e-05
3.10047e-05
3.09034e-05
3.08102e-05
3.07362e-05
3.06397e-05
3.06868e-05
3.05919e-05
3.04945e-05
3.05551e-05
3.05355e-05
3.0712e-05
3.06021e-05
3.04964e-05
3.03876e-05
3.03127e-05
3.02105e-05
3.01241e-05
3.00194e-05
3.04767e-05
3.04823e-05
3.03981e-05
3.03888e-05
3.02953e-05
3.02651e-05
3.01962e-05
3.01208e-05
3.01553e-05
3.00515e-05
2.99906e-05
2.98868e-05
2.98176e-05
2.98377e-05
2.97906e-05
2.96991e-05
2.95971e-05
2.95009e-05
2.97337e-05
2.96754e-05
2.96072e-05
2.95178e-05
2.9562e-05
2.95138e-05
2.95561e-05
2.94824e-05
2.94128e-05
2.9315e-05
2.92246e-05
2.91502e-05
2.90526e-05
2.89552e-05
2.88965e-05
2.88008e-05
2.87051e-05
2.86651e-05
2.86015e-05
2.85068e-05
2.84273e-05
2.84651e-05
2.83711e-05
2.8279e-05
2.82242e-05
2.83041e-05
2.82945e-05
2.8207e-05
2.82029e-05
2.82042e-05
2.82357e-05
2.81458e-05
2.82484e-05
2.81766e-05
2.80882e-05
2.80092e-05
2.79275e-05
2.78375e-05
2.78369e-05
2.78065e-05
2.77224e-05
2.77022e-05
2.7614e-05
2.75286e-05
2.74421e-05
2.73805e-05
2.73053e-05
2.75083e-05
2.7424e-05
2.73389e-05
2.72674e-05
2.71817e-05
2.70965e-05
2.70148e-05
2.70123e-05
2.69347e-05
2.68695e-05
2.67865e-05
2.67073e-05
2.66255e-05
2.65619e-05
2.65188e-05
2.64455e-05
2.63874e-05
2.65679e-05
2.6508e-05
2.64544e-05
2.63831e-05
2.63506e-05
2.62702e-05
2.62449e-05
2.62448e-05
2.62283e-05
2.61485e-05
2.60691e-05
2.60587e-05
2.61695e-05
2.61081e-05
2.6089e-05
2.60109e-05
2.59515e-05
2.5944e-05
2.58664e-05
2.58145e-05
2.57616e-05
2.56846e-05
2.56095e-05
2.55411e-05
2.54664e-05
2.54377e-05
2.54435e-05
2.5398e-05
2.53384e-05
2.52642e-05
2.5199e-05
2.51608e-05
2.50937e-05
2.5046e-05
2.4993e-05
2.49208e-05
2.48479e-05
2.47758e-05
2.48074e-05
2.47351e-05
2.47451e-05
2.47281e-05
2.46677e-05
2.4604e-05
2.45494e-05
2.45033e-05
2.44327e-05
2.4479e-05
2.44578e-05
2.44167e-05
2.43571e-05
2.42991e-05
2.42356e-05
2.41973e-05
2.41337e-05
2.41751e-05
2.41687e-05
2.41071e-05
2.4039e-05
2.3994e-05
2.39632e-05
2.39483e-05
2.38824e-05
2.38156e-05
2.37487e-05
2.36941e-05
2.36299e-05
2.35655e-05
2.35044e-05
2.3449e-05
2.34169e-05
2.33683e-05
2.33097e-05
2.34345e-05
2.33743e-05
2.33097e-05
2.32527e-05
2.31924e-05
2.32168e-05
2.31895e-05
2.31593e-05
2.30958e-05
2.30378e-05
2.29799e-05
2.29171e-05
2.29238e-05
2.28621e-05
2.28245e-05
2.27753e-05
2.27318e-05
2.2705e-05
2.26799e-05
2.26202e-05
2.27563e-05
2.27225e-05
2.26747e-05
2.27988e-05
2.27403e-05
2.26822e-05
2.26763e-05
2.26192e-05
2.25648e-05
2.25122e-05
2.24981e-05
2.24443e-05
2.2413e-05
2.23581e-05
2.23332e-05
2.23522e-05
2.25625e-05
2.25149e-05
2.24789e-05
2.24198e-05
2.23922e-05
2.2345e-05
2.23369e-05
2.22795e-05
2.2297e-05
2.23209e-05
2.24243e-05
2.23728e-05
2.23156e-05
2.22758e-05
2.22279e-05
2.21707e-05
2.21254e-05
2.20688e-05
2.20579e-05
2.20492e-05
2.2056e-05
2.20245e-05
2.19967e-05
2.19913e-05
2.1962e-05
2.196e-05
2.19307e-05
2.19381e-05
2.18875e-05
2.18455e-05
2.19134e-05
2.18613e-05
2.18094e-05
2.17541e-05
2.17056e-05
2.16809e-05
2.16494e-05
2.16497e-05
2.16233e-05
2.16017e-05
2.15653e-05
2.15181e-05
2.14851e-05
2.14452e-05
2.14006e-05
2.13473e-05
2.13297e-05
2.12851e-05
2.12935e-05
2.12504e-05
2.12195e-05
2.11708e-05
2.11748e-05
2.12188e-05
2.11748e-05
2.11228e-05
2.10708e-05
2.10461e-05
2.10089e-05
2.10099e-05
2.09592e-05
2.0911e-05
2.08922e-05
2.09167e-05
2.08664e-05
2.08682e-05
2.08404e-05
2.07961e-05
2.08214e-05
2.07722e-05
2.07506e-05
2.07014e-05
2.06685e-05
2.06543e-05
2.06047e-05
2.05551e-05
2.05121e-05
2.05244e-05
2.05083e-05
2.04643e-05
2.04155e-05
2.03704e-05
2.03287e-05
2.02924e-05
2.03191e-05
2.03054e-05
2.02594e-05
2.02352e-05
2.02337e-05
2.01873e-05
2.014e-05
2.0122e-05
2.00747e-05
2.00794e-05
2.00663e-05
2.00625e-05
2.00734e-05
2.00616e-05
2.00159e-05
1.99703e-05
1.99441e-05
1.99002e-05
1.98634e-05
1.98623e-05
1.98254e-05
1.97809e-05
1.9735e-05
1.98387e-05
1.97973e-05
1.97688e-05
1.97462e-05
1.97015e-05
1.96585e-05
1.96259e-05
1.95978e-05
1.95626e-05
1.95224e-05
1.94937e-05
1.94601e-05
1.94272e-05
1.94258e-05
1.94222e-05
1.938e-05
1.93449e-05
1.93254e-05
1.93065e-05
1.92642e-05
1.92263e-05
1.92327e-05
1.92036e-05
1.92031e-05
1.916e-05
1.91189e-05
1.91416e-05
1.91116e-05
1.90855e-05
1.9049e-05
1.90165e-05
1.8974e-05
1.89447e-05
1.89028e-05
1.88607e-05
1.88192e-05
1.87886e-05
1.8817e-05
1.87753e-05
1.87519e-05
1.87239e-05
1.86846e-05
1.86703e-05
1.86459e-05
1.87019e-05
1.86725e-05
1.86331e-05
1.85951e-05
1.856e-05
1.8524e-05
1.84976e-05
1.84976e-05
1.84661e-05
1.84258e-05
1.84187e-05
1.83933e-05
1.83614e-05
1.83227e-05
1.8283e-05
1.83119e-05
1.82869e-05
1.82712e-05
1.82327e-05
1.82017e-05
1.81882e-05
1.81493e-05
1.81304e-05
1.81659e-05
1.81408e-05
1.81019e-05
1.80692e-05
1.80334e-05
1.80085e-05
1.80287e-05
1.80186e-05
1.80041e-05
1.79707e-05
1.79339e-05
1.79569e-05
1.79938e-05
1.79561e-05
1.79255e-05
1.79329e-05
1.79468e-05
1.79202e-05
1.78866e-05
1.78609e-05
1.7831e-05
1.78292e-05
1.78229e-05
1.77855e-05
1.77668e-05
1.77326e-05
1.76956e-05
1.76588e-05
1.7686e-05
1.77201e-05
1.7688e-05
1.76855e-05
1.77404e-05
1.77255e-05
1.77003e-05
1.76645e-05
1.76311e-05
1.7601e-05
1.75689e-05
1.75522e-05
1.75164e-05
1.74817e-05
1.74488e-05
1.74178e-05
1.73827e-05
1.73636e-05
1.73723e-05
1.73563e-05
1.73272e-05
1.72924e-05
1.7269e-05
1.7247e-05
1.72254e-05
1.71906e-05
1.71561e-05
1.71375e-05
1.71778e-05
1.71452e-05
1.71231e-05
1.71609e-05
1.71265e-05
1.70919e-05
1.70675e-05
1.70361e-05
1.70209e-05
1.69949e-05
1.69946e-05
1.69817e-05
1.69509e-05
1.6939e-05
1.69101e-05
