0
0.0064976
0.00792237
0.00445806
0.00433304
0.00301733
0.0022419
0.0019325
0.00194254
0.00217644
0.00183201
0.00153962
0.0017941
0.00158593
0.00139262
0.00125123
0.00112362
0.0010024
0.000948099
0.000934378
0.00084765
0.000776363
0.000711047
0.000731508
0.000817387
0.00079266
0.000735122
0.000713153
0.000716891
0.000691628
0.000675822
0.000638778
0.000626272
0.000596664
0.000574383
0.000543984
0.000522827
0.000518636
0.00049845
0.000489034
0.000467839
0.000463279
0.000442532
0.00044267
0.000426608
0.000410503
0.000404403
0.000388245
0.000390957
0.000375483
0.000361936
0.000359662
0.00034754
0.000334957
0.000325024
0.00031718
0.000306718
0.000297616
0.000291815
0.000282628
0.000274345
0.000275625
0.000268378
0.000265646
0.000258405
0.000253496
0.000246226
0.000239038
0.000237934
0.000231386
0.000231831
0.000229269
0.000223097
0.000220231
0.000216072
0.000210431
0.000205973
0.000201885
0.000196853
0.000195006
0.000191246
0.000186611
0.000182212
0.000178216
0.000180711
0.000177462
0.000176249
0.00017367
0.000169956
0.000179091
0.000175178
0.000177056
0.000173291
0.000169817
0.000167025
0.000163839
0.000160644
0.000157494
0.000157422
0.00015461
0.000152485
0.000151173
0.000148728
0.000146226
0.000144211
0.000141714
0.000139734
0.000138145
0.000135708
0.000141689
0.000139462
0.000137682
0.000135356
0.000136468
0.000135284
0.000133646
0.000131373
0.000134216
0.000132364
0.000135214
0.000133866
0.000133244
0.000131256
0.000130136
0.000129867
0.000128289
0.000126279
0.000125388
0.000124747
0.000123365
0.000121559
0.000119935
0.000118303
0.000118415
0.000117866
0.000116664
0.000117474
0.000118103
0.000116428
0.000116003
0.000114421
0.000113415
0.000111881
0.000110375
0.000109294
0.000108241
0.000106831
0.000105505
0.000104188
0.000102862
0.000101965
0.000106503
0.000105849
0.000104479
0.000103141
0.000101898
0.000101785
0.000100843
0.000100368
9.92145e-05
9.82288e-05
9.71689e-05
9.65028e-05
9.54917e-05
9.44506e-05
9.35047e-05
9.2399e-05
9.24439e-05
9.2126e-05
9.12613e-05
9.07305e-05
8.97085e-05
9.01757e-05
8.9936e-05
8.92271e-05
8.82931e-05
8.80226e-05
8.70367e-05
8.86863e-05
8.7732e-05
8.85129e-05
8.76932e-05
8.67695e-05
8.58756e-05
8.50498e-05
8.45761e-05
8.44748e-05
8.39863e-05
8.31174e-05
8.33166e-05
8.25556e-05
8.28361e-05
8.19845e-05
8.11834e-05
8.04538e-05
8.05646e-05
7.98794e-05
7.91864e-05
7.91683e-05
7.8508e-05
7.77931e-05
7.84095e-05
7.78778e-05
7.71249e-05
7.65959e-05
7.58675e-05
7.56951e-05
7.51439e-05
7.45898e-05
7.48728e-05
7.44422e-05
7.37591e-05
7.31127e-05
7.26845e-05
7.45598e-05
7.41783e-05
7.36868e-05
7.32266e-05
7.28183e-05
7.39672e-05
7.41699e-05
7.35073e-05
7.29252e-05
7.2348e-05
7.17237e-05
7.13571e-05
7.0799e-05
7.07229e-05
7.0787e-05
7.01731e-05
7.01527e-05
6.95494e-05
6.95524e-05
7.04353e-05
6.9895e-05
6.93086e-05
6.87298e-05
6.81813e-05
6.7896e-05
6.73593e-05
6.68491e-05
6.73236e-05
6.67824e-05
6.62614e-05
6.57259e-05
6.53571e-05
6.60525e-05
6.55359e-05
6.53269e-05
6.54915e-05
6.49884e-05
6.45212e-05
6.50727e-05
6.45614e-05
6.40721e-05
6.36709e-05
6.32433e-05
6.27907e-05
6.23085e-05
6.19542e-05
6.23766e-05
6.19013e-05
6.16084e-05
6.11602e-05
6.09134e-05
6.06154e-05
6.05019e-05
6.01177e-05
5.98372e-05
5.93997e-05
5.92762e-05
5.94067e-05
5.90527e-05
5.8711e-05
5.83537e-05
5.84883e-05
5.80673e-05
5.82455e-05
5.81629e-05
5.82126e-05
5.78085e-05
5.77263e-05
5.73547e-05
5.70882e-05
5.67186e-05
5.63227e-05
5.76369e-05
5.7296e-05
5.70151e-05
5.6729e-05
5.66056e-05
5.64183e-05
5.61803e-05
5.58903e-05
5.6177e-05
5.59111e-05
5.55436e-05
5.54461e-05
5.51886e-05
5.50339e-05
5.49191e-05
5.45562e-05
5.41977e-05
5.38619e-05
5.35459e-05
5.34709e-05
5.31297e-05
5.27863e-05
5.25562e-05
5.22193e-05
5.22032e-05
5.2074e-05
5.17706e-05
5.14762e-05
5.12266e-05
5.09078e-05
5.05963e-05
5.03138e-05
5.00914e-05
4.97807e-05
4.94848e-05
4.92324e-05
4.93312e-05
4.92067e-05
4.89272e-05
4.93753e-05
4.95262e-05
4.92918e-05
4.92407e-05
4.89445e-05
4.86986e-05
4.84459e-05
4.8156e-05
4.78905e-05
4.76161e-05
4.7373e-05
4.7096e-05
4.68229e-05
4.65471e-05
4.6586e-05
4.63246e-05
4.60676e-05
4.58178e-05
4.56145e-05
4.54695e-05
4.63863e-05
4.61467e-05
4.59146e-05
4.56613e-05
4.54014e-05
4.51447e-05
4.51281e-05
4.51242e-05
4.50762e-05
4.48366e-05
4.45877e-05
4.47581e-05
4.47855e-05
4.45424e-05
4.42956e-05
4.42899e-05
4.40497e-05
4.40724e-05
4.40138e-05
4.38039e-05
4.36488e-05
4.38251e-05
4.35886e-05
4.34585e-05
4.32346e-05
4.32453e-05
4.30487e-05
4.29507e-05
4.27497e-05
4.26859e-05
4.25028e-05
4.24496e-05
4.22725e-05
4.2055e-05
4.19791e-05
4.24153e-05
4.22294e-05
4.20093e-05
4.17908e-05
4.15813e-05
4.15502e-05
4.13368e-05
4.11709e-05
4.09657e-05
4.09194e-05
4.07166e-05
4.05097e-05
4.03184e-05
4.02459e-05
4.01248e-05
4.00154e-05
3.98154e-05
3.96457e-05
3.94814e-05
3.92851e-05
3.9184e-05
3.91194e-05
3.89589e-05
3.87969e-05
3.86185e-05
3.84391e-05
3.8252e-05
3.80648e-05
3.78793e-05
3.77272e-05
3.78386e-05
3.7722e-05
3.75919e-05
3.74125e-05
3.72875e-05
3.7114e-05
3.69922e-05
3.71222e-05
3.73786e-05
3.73118e-05
3.7176e-05
3.71318e-05
3.69665e-05
3.6837e-05
3.66695e-05
3.65019e-05
3.63313e-05
3.62018e-05
3.60339e-05
3.60004e-05
3.59692e-05
3.58608e-05
3.57324e-05
3.56125e-05
3.54827e-05
3.53858e-05
3.52489e-05
3.50892e-05
3.49418e-05
3.47837e-05
3.469e-05
3.46189e-05
3.45559e-05
3.4458e-05
3.4311e-05
3.41574e-05
3.40088e-05
3.41899e-05
3.40469e-05
3.4053e-05
3.39472e-05
3.45699e-05
3.44467e-05
3.43155e-05
3.42513e-05
3.43041e-05
3.4291e-05
3.42659e-05
3.42338e-05
3.40857e-05
3.47753e-05
3.46327e-05
3.44986e-05
3.43511e-05
3.42597e-05
3.41736e-05
3.40291e-05
3.38883e-05
3.37843e-05
3.38843e-05
3.37414e-05
3.40179e-05
3.41979e-05
3.40728e-05
3.41247e-05
3.42867e-05
3.41603e-05
3.40237e-05
3.38818e-05
3.37437e-05
3.36441e-05
3.35472e-05
3.34278e-05
3.33e-05
3.32148e-05
3.32149e-05
3.31105e-05
3.3019e-05
3.28914e-05
3.28935e-05
3.27631e-05
3.2835e-05
3.27026e-05
3.26386e-05
3.25276e-05
3.25394e-05
3.25098e-05
3.23963e-05
3.28025e-05
3.27034e-05
3.26002e-05
3.24952e-05
3.23721e-05
3.22853e-05
3.21779e-05
3.22586e-05
3.21436e-05
3.21707e-05
3.20445e-05
3.20771e-05
3.20503e-05
3.19329e-05
3.18768e-05
3.17763e-05
3.16709e-05
3.16517e-05
3.1546e-05
3.14243e-05
3.13394e-05
3.13218e-05
3.13547e-05
3.12778e-05
3.12727e-05
3.1188e-05
3.10771e-05
3.09722e-05
3.09399e-05
3.08573e-05
3.07547e-05
3.06983e-05
3.05828e-05
3.0469e-05
3.03726e-05
3.02589e-05
3.01585e-05
3.00504e-05
2.99453e-05
2.98395e-05
2.97295e-05
2.96361e-05
2.96643e-05
2.95687e-05
2.9505e-05
2.93972e-05
2.93054e-05
2.92969e-05
2.92038e-05
2.92448e-05
2.91499e-05
2.90443e-05
2.8939e-05
2.88603e-05
2.88485e-05
2.88126e-05
2.87604e-05
2.88131e-05
2.88082e-05
2.87074e-05
2.86451e-05
2.85519e-05
2.85087e-05
2.85128e-05
2.84118e-05
2.84e-05
2.83019e-05
2.82147e-05
2.81831e-05
2.80906e-05
2.7992e-05
2.79196e-05
2.78734e-05
2.77924e-05
2.77187e-05
2.76404e-05
2.76176e-05
2.75222e-05
2.74379e-05
2.73595e-05
2.72753e-05
2.72274e-05
2.72148e-05
2.71231e-05
2.70341e-05
2.69422e-05
2.69184e-05
2.683e-05
2.67387e-05
2.69123e-05
2.68468e-05
2.68085e-05
2.67249e-05
2.6669e-05
2.66107e-05
2.66043e-05
2.65349e-05
2.64633e-05
2.64205e-05
2.63613e-05
2.629e-05
2.62515e-05
2.61649e-05
2.60913e-05
2.60324e-05
2.6104e-05
2.61073e-05
2.60852e-05
2.60306e-05
2.59552e-05
2.59042e-05
2.58828e-05
2.57988e-05
2.57312e-05
2.57723e-05
2.56981e-05
2.56569e-05
2.55743e-05
2.56116e-05
2.56329e-05
2.55549e-05
2.55126e-05
2.54311e-05
2.54852e-05
2.56306e-05
2.55663e-05
2.55159e-05
2.54383e-05
2.53591e-05
2.53022e-05
2.52226e-05
2.51463e-05
2.50752e-05
2.51042e-05
2.50571e-05
2.499e-05
2.49693e-05
2.5017e-05
2.49632e-05
2.49331e-05
2.49123e-05
2.48489e-05
2.47739e-05
2.47014e-05
2.47349e-05
2.46677e-05
2.47101e-05
2.46876e-05
2.46575e-05
2.4582e-05
2.45725e-05
2.44991e-05
2.46138e-05
2.45719e-05
2.45176e-05
2.45097e-05
2.44823e-05
2.44492e-05
2.43749e-05
2.43013e-05
2.43082e-05
2.42349e-05
2.43064e-05
2.42363e-05
2.41704e-05
2.41007e-05
2.41331e-05
2.41148e-05
2.40691e-05
2.40023e-05
2.39711e-05
2.39828e-05
2.3998e-05
2.39362e-05
2.38676e-05
2.38169e-05
2.37467e-05
2.3677e-05
2.36367e-05
2.35674e-05
2.35058e-05
2.34386e-05
2.33718e-05
2.3355e-05
2.3287e-05
2.32206e-05
2.3153e-05
2.30974e-05
2.30403e-05
2.29846e-05
2.29562e-05
2.28897e-05
2.30259e-05
2.29605e-05
2.2965e-05
2.29002e-05
2.28842e-05
2.28302e-05
2.27692e-05
2.28932e-05
2.29072e-05
2.29108e-05
2.28564e-05
2.28361e-05
2.27742e-05
2.27591e-05
2.2699e-05
2.26838e-05
2.26237e-05
2.25615e-05
2.25079e-05
2.24468e-05
2.24432e-05
2.23823e-05
2.23772e-05
2.23165e-05
2.23449e-05
2.22903e-05
2.22458e-05
2.21843e-05
2.21752e-05
2.21171e-05
2.21187e-05
2.20671e-05
2.20243e-05
2.20457e-05
2.19855e-05
2.19433e-05
2.19448e-05
2.18898e-05
2.1838e-05
2.18666e-05
2.18191e-05
2.17925e-05
2.1777e-05
2.17334e-05
2.16839e-05
2.16371e-05
2.16044e-05
2.15744e-05
2.1516e-05
2.14667e-05
2.14262e-05
2.13694e-05
2.13462e-05
2.13243e-05
2.13267e-05
2.12978e-05
2.12625e-05
2.12119e-05
2.11675e-05
2.11144e-05
2.10632e-05
2.12148e-05
2.11638e-05
2.11537e-05
2.11004e-05
2.10548e-05
2.10002e-05
2.10417e-05
2.10181e-05
2.09708e-05
2.09215e-05
2.08675e-05
2.08186e-05
2.07641e-05
2.0712e-05
2.06584e-05
2.06173e-05
2.05822e-05
2.05476e-05
2.06783e-05
2.06573e-05
2.06191e-05
2.05661e-05
2.06097e-05
2.05667e-05
2.05244e-05
2.05281e-05
2.04767e-05
2.04844e-05
2.04325e-05
2.04152e-05
2.03822e-05
2.03623e-05
2.03289e-05
2.03014e-05
2.02535e-05
2.02105e-05
2.01873e-05
2.0142e-05
2.01102e-05
2.00595e-05
2.00093e-05
2.00581e-05
2.00364e-05
2.01089e-05
2.00808e-05
2.00556e-05
2.00574e-05
2.00397e-05
2.00109e-05
1.99617e-05
1.99218e-05
1.98853e-05
1.98479e-05
1.98611e-05
1.98215e-05
1.98365e-05
1.98258e-05
1.9784e-05
1.97353e-05
1.96867e-05
1.96476e-05
1.961e-05
1.96009e-05
1.95541e-05
1.95403e-05
1.95355e-05
1.95581e-05
1.95104e-05
1.94752e-05
1.95463e-05
1.95306e-05
1.95147e-05
1.95022e-05
1.95254e-05
1.94796e-05
1.9466e-05
1.95779e-05
1.96117e-05
1.95667e-05
1.95822e-05
1.96159e-05
1.96536e-05
1.96137e-05
1.95993e-05
1.95652e-05
1.95201e-05
1.94921e-05
1.95024e-05
1.94937e-05
1.94587e-05
1.94254e-05
1.93796e-05
1.9337e-05
1.92916e-05
1.92461e-05
1.92207e-05
1.9179e-05
1.9141e-05
1.91446e-05
1.91019e-05
1.90687e-05
1.90279e-05
1.9008e-05
1.89646e-05
1.89575e-05
1.8962e-05
1.89178e-05
1.88749e-05
1.88352e-05
1.87918e-05
1.8769e-05
1.89753e-05
1.89315e-05
1.88881e-05
1.88702e-05
1.88517e-05
1.88158e-05
1.88644e-05
1.88264e-05
1.8788e-05
1.87926e-05
1.88163e-05
1.87914e-05
1.87556e-05
1.8767e-05
1.8726e-05
1.87057e-05
1.88422e-05
1.88008e-05
1.87861e-05
1.87518e-05
1.87297e-05
1.86894e-05
1.87233e-05
1.86812e-05
1.86485e-05
1.86096e-05
1.85684e-05
1.8575e-05
1.85337e-05
1.85007e-05
1.85066e-05
1.84808e-05
1.84409e-05
1.84024e-05
1.84042e-05
1.83778e-05
1.83383e-05
1.82976e-05
1.82664e-05
1.83051e-05
1.84693e-05
1.8432e-05
1.83938e-05
1.83761e-05
1.83356e-05
1.83106e-05
1.8279e-05
1.82389e-05
1.82023e-05
1.8164e-05
1.81249e-05
1.80887e-05
1.80525e-05
1.80423e-05
1.80618e-05
1.80642e-05
1.80315e-05
1.79936e-05
1.79914e-05
1.79825e-05
1.79858e-05
1.80069e-05
1.79731e-05
1.79474e-05
1.7924e-05
1.78854e-05
1.78498e-05
1.78254e-05
1.77873e-05
1.77544e-05
1.77164e-05
1.76877e-05
1.76579e-05
1.76216e-05
1.76102e-05
1.75763e-05
1.75819e-05
1.75572e-05
1.75372e-05
1.75906e-05
1.75786e-05
1.75531e-05
1.75297e-05
1.74953e-05
1.74597e-05
1.74609e-05
1.74614e-05
1.74604e-05
1.74263e-05
1.74276e-05
1.74235e-05
1.73907e-05
1.73965e-05
1.7375e-05
1.74118e-05
1.73816e-05
1.73537e-05
1.73892e-05
1.73548e-05
1.73792e-05
1.73438e-05
1.73079e-05
1.72722e-05
1.72375e-05
1.72142e-05
1.71834e-05
1.71479e-05
1.71182e-05
1.7105e-05
1.70793e-05
1.70451e-05
1.7039e-05
1.70047e-05
1.69797e-05
1.6947e-05
1.69369e-05
1.69071e-05
1.69454e-05
1.69304e-05
1.69377e-05
1.69298e-05
1.68963e-05
1.68663e-05
1.68347e-05
1.68042e-05
1.67708e-05
1.67382e-05
1.67144e-05
1.67733e-05
1.67514e-05
1.67191e-05
1.66857e-05
1.66523e-05
1.66242e-05
1.65911e-05
1.65665e-05
1.65339e-05
1.65051e-05
