0
0.00104252
0.00491966
0.00349056
0.0104497
0.0072866
0.00557517
0.00478587
0.00457512
0.00618307
0.00547951
0.00499174
0.00426602
0.00443482
0.00386365
0.00577292
0.00570901
0.00522123
0.00535288
0.00491913
0.00471206
0.00544747
0.00517042
0.00475484
0.00438218
0.00407339
0.00389803
0.00384578
0.00358553
0.00335977
0.00317084
0.00335854
0.00320452
0.00306727
0.00299464
0.00283997
0.00270027
0.00256426
0.00259916
0.00250127
0.00246549
0.00239099
0.00229315
0.0022155
0.00211895
0.00202944
0.00197481
0.00200881
0.00193806
0.00199885
0.00221335
0.00215512
0.00207756
0.00200428
0.00203365
0.00196387
0.00189563
0.00185893
0.00184351
0.00184141
0.00181044
0.00203736
0.00201595
0.00195599
0.00193351
0.00187954
0.00182452
0.00177246
0.00175974
0.00176525
0.00172514
0.00167876
0.00168033
0.0016355
0.00159244
0.00158454
0.00154823
0.00152799
0.0014898
0.00147305
0.00146896
0.00143557
0.00140282
0.00141295
0.00141059
0.00137994
0.00137414
0.0013431
0.00134209
0.00131248
0.00128395
0.00127317
0.00124744
0.00122718
0.00120607
0.00118715
0.00120331
0.00119262
0.00117045
0.001156
0.00113681
0.00118713
0.00116425
0.00115669
0.0011461
0.00112463
0.00111959
0.00109896
0.00107978
0.00106023
0.00105216
0.00103733
0.00102704
0.00101664
0.000999093
0.000988785
0.000973187
0.000957317
0.000943699
0.000928137
0.000928275
0.000913248
0.000898542
0.000884645
0.000877485
0.000865324
0.000852223
0.000845218
0.000844156
0.000836182
0.000834117
0.000827858
0.000833338
0.000822628
0.00081066
0.000802447
0.000800721
0.000790871
0.000805508
0.000794085
0.000787917
0.00077736
0.000768175
0.000757546
0.000747254
0.000739175
0.000731304
0.000730179
0.000734014
0.000724802
0.000715355
0.000716544
0.000707208
0.000723321
0.000714119
0.000705671
0.000697465
0.000690568
0.000683106
0.000677387
0.000698263
0.000690986
0.000686144
0.000678576
0.000671062
0.000664041
0.000658889
0.000651972
0.000651669
0.000647951
0.000659377
0.000653906
0.000647382
0.000645177
0.000638817
0.000632858
0.000639167
0.000632557
0.000626572
0.000620716
0.000618176
0.000612679
0.000607263
0.000601559
0.000599826
0.000600053
0.00059869
0.000608072
0.000601677
0.000595417
0.000591066
0.000585145
0.000579282
0.000573345
0.000567796
0.000562574
0.000556965
0.000553429
0.000550007
0.000544537
0.000548815
0.000543734
0.000540895
0.000536772
0.000533172
0.000532939
0.00053506
0.00053146
0.000527448
0.000526982
0.000526575
0.000521791
0.000521122
0.000523092
0.000521197
0.000517346
0.000512589
0.00051079
0.000506956
0.000503157
0.000499803
0.000497729
0.000493666
0.000491611
0.000487338
0.000483505
0.000482918
0.000480511
0.00047651
0.000486447
0.000483548
0.000479395
0.000476718
0.000472931
0.000469112
0.000466729
0.00046421
0.000466364
0.00046396
0.000462635
0.000466295
0.000464094
0.000460375
0.000456718
0.000453192
0.000453506
0.000451984
0.000448401
0.000447324
0.000443758
0.000455301
0.000452051
0.000450619
0.000447509
0.000444041
0.000443129
0.000440887
0.000437483
0.0004344
0.000431097
0.0004278
0.000424719
0.000423979
0.000420862
0.000419256
0.000416129
0.000413047
0.000410026
0.00040986
0.000407104
0.000404513
0.000402429
0.000400213
0.000398203
0.000397064
0.000394364
0.000395204
0.000394181
0.000391368
0.000392331
0.000389917
0.000387384
0.000384661
0.000382577
0.000380857
0.000378956
0.000376325
0.000374163
0.000372089
0.000369531
0.000367604
0.000366592
0.000364217
0.000362337
0.000359999
0.000359025
0.000357784
0.000360038
0.000358576
0.000360246
0.000358189
0.000356103
0.000355289
0.000353551
0.00035153
0.000350633
0.000353806
0.000351551
0.000350358
0.000348879
0.000347016
0.000344801
0.000342827
0.000340826
0.000338878
0.00033877
0.000338308
0.000336489
0.000334572
0.000332894
0.000330852
0.000329028
0.000327028
0.000325016
0.000323186
0.000321697
0.000320636
0.000319493
0.000320473
0.000318664
0.000316834
0.000315758
0.000314219
0.000314624
0.000312786
0.000311063
0.000311128
0.000309371
0.000309289
0.000308908
0.000309178
0.000307497
0.000312135
0.000310454
0.00030897
0.000307238
0.000305846
0.000305633
0.000305657
0.000304976
0.00030363
0.000302145
0.000300616
0.000300424
0.000299396
0.000297931
0.000297934
0.000296926
0.000295575
0.000295448
0.000297321
0.000295736
0.000295517
0.000293927
0.000293133
0.000294306
0.000294926
0.000293357
0.000291793
0.000290413
0.00028887
0.000288882
0.000287426
0.000288666
0.000288164
0.000286783
0.000285664
0.000284168
0.000284108
0.000283287
0.000281809
0.000280888
0.000281155
0.000279708
0.000278257
0.000277476
0.000276114
0.000274718
0.000273542
0.000273306
0.00027197
0.000270674
0.000271055
0.000270155
0.000269114
0.000268359
0.000267019
0.000266
0.000264685
0.000263664
0.000262539
0.000261734
0.000260973
0.000259705
0.000258447
0.000257214
0.000256547
0.000255745
0.000255621
0.000254429
0.000254505
0.000253317
0.000252805
0.00025174
0.000252864
0.000251759
0.000251309
0.000250916
0.00024986
0.000249982
0.000251333
0.000250165
0.000249121
0.000248914
0.000249389
0.000248315
0.000248273
0.000247253
0.000246103
0.000246052
0.000245152
0.000244506
0.000243378
0.000242349
0.00024143
0.000240811
0.000240321
0.000240143
0.000239105
0.000238029
0.000238349
0.000237273
0.00023738
0.000236408
0.000235793
0.000234739
0.000233715
0.000232743
0.00023199
0.000231019
0.0002305
0.000229503
0.000228492
0.000227519
0.000226548
0.000226187
0.000225798
0.000224987
0.000225125
0.000224735
0.00022403
0.000223073
0.000222973
0.00022206
0.00022297
0.000222066
0.000221174
0.000220233
0.000220634
0.000219697
0.000218769
0.000217971
0.000217306
0.000216909
0.000216661
0.000215755
0.00021495
0.000214085
0.000213261
0.000212604
0.000212801
0.000212552
0.000211673
0.000210832
0.000210011
0.000209155
0.000208334
0.000207611
0.000207248
0.000207951
0.000207179
0.000206611
0.0002083
0.00020941
0.000208639
0.000208016
0.000207604
0.000206892
0.000206822
0.000206514
0.000205867
0.000205317
0.000204615
0.000203875
0.000203071
0.000202441
0.000202146
0.000201448
0.000200666
0.000201608
0.000202129
0.000201533
0.000200754
0.000200721
0.000199973
0.000199406
0.000198915
0.000198228
0.000197946
0.000197607
0.000196873
0.000196919
0.000196266
0.000195667
0.000195364
0.000195043
0.000194593
0.000193864
0.000193133
0.000192541
0.000192176
0.000192083
0.000191869
0.000191358
0.000191393
0.000191254
0.000190665
0.00019018
0.000189809
0.000189789
0.000189193
0.000188556
0.000188105
0.000187782
0.000188479
0.000187811
0.000187126
0.000186966
0.000186784
0.000187306
0.000187633
0.000187002
0.000186767
0.000186281
0.000185658
0.000184991
0.000184401
0.000184055
0.000183426
0.00018279
0.00018308
0.00018247
0.000182008
0.000181395
0.000180831
0.000180268
0.000180118
0.000179529
0.000178899
0.000179088
0.000178564
0.000177965
0.000177427
0.000177113
0.000177057
0.000176589
0.000176172
0.000175637
0.000175121
0.000174556
0.000174668
0.000174099
0.000173898
0.000173313
0.00017279
0.000172203
0.000172414
0.000172016
0.000171572
0.000171214
0.000170654
0.000170168
0.000169772
0.000169441
0.000169765
0.000169426
0.00017017
0.000169601
0.000169089
0.00016855
0.000168599
0.000168076
0.000167876
0.000167559
0.000167083
0.000166857
0.000166597
0.000166065
0.000165565
0.000165027
0.000164542
0.000164941
0.000164405
0.000164452
0.000163922
0.000163461
0.000163303
0.000163083
0.000162567
0.000162115
0.000161713
0.000161286
0.000160769
0.000160351
0.000160046
0.000159957
0.000160053
0.000160181
0.000160331
0.000160001
0.000160403
0.000159913
0.000159804
0.000159306
0.000159132
0.000158841
0.00016018
0.000159699
0.000160079
0.000159612
0.000159295
0.000159079
0.000159017
0.00015853
0.000158229
0.000157839
0.000157369
0.000157091
0.000156867
0.000156681
0.000156213
0.000156032
0.000155555
0.000155089
0.000154781
0.000154348
0.000154301
0.000154005
0.000153821
0.000153401
0.00015304
0.000152626
0.000152194
0.000151975
0.00015167
0.00015123
0.000151702
0.000151402
0.000150958
0.000151968
0.000151774
0.000151335
0.000150928
0.000150488
0.000150043
0.000149622
0.000149197
0.000149571
0.000149132
0.000148919
0.000148531
0.000148103
0.000147673
0.000147478
0.000147144
0.000146795
0.000146382
0.000146018
0.000145916
0.000146842
0.000146418
0.000146128
0.000145831
0.000145414
0.000144996
0.000145039
0.0001448
0.000144878
0.000144977
0.000145701
0.000145286
0.000145097
0.000144757
0.000144443
0.000144126
0.000143726
0.000143344
0.000143077
0.000142804
0.000143164
0.000143211
0.000142902
0.000142768
0.000142369
0.000142133
0.000141764
0.000141867
0.000141553
0.000142096
0.000141731
0.0001415
0.000141219
0.00014099
0.000140612
0.000140289
0.000140221
0.000140224
0.00013989
0.000139601
0.000139411
0.00013921
0.000138878
0.000138569
0.000138264
0.000138156
0.000137781
0.00013741
0.000137582
0.000137253
0.000136888
0.000136523
0.000136258
0.00013662
0.000136709
0.000137019
0.000136652
0.000136451
0.000136246
0.000135941
0.000135625
0.000135508
0.000135235
0.000134951
0.000134801
0.000134505
0.000134161
0.000133816
0.000133518
0.000134015
0.000133673
0.000133418
0.00013315
0.000132809
0.000132533
0.000132508
0.000132238
0.000131919
0.000131627
0.000131473
0.000131143
0.000130813
0.000130549
0.000130311
0.000130033
0.000130825
0.000130629
0.000130343
0.000130171
0.00012984
0.000129521
0.000129203
0.000128886
0.00012868
0.000128429
0.000128108
0.000127979
0.000127711
0.000127714
0.000127396
0.000127158
0.000126862
0.00012655
0.000126443
0.000126179
0.000126147
0.000125851
0.000125643
0.000125409
0.000125113
0.000124802
0.000124492
0.000124182
0.000123911
0.00012376
0.000123555
0.000123568
0.000123299
0.000123162
0.000122872
0.000122635
0.000122494
0.000122231
0.000121955
0.000121672
0.0001214
0.000121324
0.000121056
0.000121321
0.00012142
0.000121279
0.000121006
0.000120716
0.000120549
0.000120839
0.000121
0.000120709
0.000120566
0.000120343
0.000120159
0.000120069
0.000120053
0.000119765
0.000119479
0.00011928
0.000119044
0.00011879
0.000118535
0.000118423
0.000118167
0.000117887
0.000117608
0.000117475
0.0001172
0.000117171
0.00011707
0.000117043
0.000116772
0.000116526
0.000116516
0.000116286
0.000116509
0.000116306
0.000116211
0.000115954
0.000115696
0.000115428
0.000115193
0.000114925
0.000114694
0.0001145
0.000114386
0.000114305
0.000114215
0.000114161
0.000114116
0.000113857
0.000113745
0.000113523
0.000113571
0.000113344
0.000113362
0.000113226
0.000112967
0.000112759
0.000112559
0.000112402
0.000112264
0.000112054
0.0001118
0.000112105
0.000112067
0.000111814
0.000112414
0.000112163
0.00011191
0.000111842
0.000111916
0.000111689
0.000111438
0.00011122
0.000110982
0.00011086
0.000110786
0.000110677
0.000110475
0.000110283
0.000110477
0.000110244
0.000110073
0.000109861
0.000109734
0.000109527
0.000109284
0.000109102
0.000109006
0.000108823
0.000108835
0.000108834
0.000108659
0.000108765
0.000108551
0.00010923
0.000109051
0.00010883
0.000108614
0.000108391
0.000108235
0.000108002
0.000107805
0.000107754
0.000107529
0.000107417
0.000107187
0.00010792
0.000107745
0.000107702
0.000107787
0.00010809
0.000108254
0.000108022
0.000107829
0.000107643
0.000107589
0.000107383
0.000107224
0.000106997
0.000106798
0.000106625
0.0001064
0.000106271
0.000106122
0.000105946
0.000105723
0.000105682
0.000105566
0.000105346
0.000105202
0.000105006
0.000104795
0.000104608
0.000104388
0.000104317
0.000104259
0.000104328
0.000104131
0.000103988
0.000104056
0.000103842
0.000103706
0.000103635
0.00010355
0.000103338
0.00010313
0.000102977
0.000102812
0.000102663
0.000102451
0.000102283
0.000102128
0.000101969
0.000101773
0.000101662
0.000101512
0.000101336
0.000101164
0.000100958
0.000100892
0.000100702
0.000100663
0.00010052
0.00010037
0.000100232
0.000100048
9.98454e-05
9.98717e-05
9.97317e-05
9.9675e-05
9.94969e-05
9.93406e-05
9.91412e-05
9.89829e-05
9.90385e-05
9.88503e-05
9.88323e-05
9.87294e-05
9.85788e-05
9.85442e-05
9.83469e-05
9.81501e-05
9.79562e-05
