0
0.000451434
0.000495305
0.00605689
0.00802277
0.00557664
0.0059089
0.00460356
0.00365417
0.0031172
0.00445952
0.00470279
0.00412792
0.00365626
0.00350251
0.00328226
0.00299628
0.00328553
0.00322734
0.00313105
0.00287366
0.00307418
0.00289038
0.00274523
0.00256819
0.00241955
0.00230171
0.00219398
0.00208256
0.00220589
0.00210727
0.00215813
0.00275467
0.00290141
0.00273838
0.00259139
0.00246832
0.00237021
0.00225023
0.00215266
0.00204964
0.00197056
0.00190725
0.00184956
0.00189538
0.00204679
0.00200222
0.00199026
0.00192658
0.00188315
0.00181057
0.00177962
0.00175854
0.0016948
0.00164298
0.00164018
0.00159241
0.00153867
0.00158126
0.00155786
0.00150827
0.00148827
0.00144946
0.00155692
0.00153568
0.00154238
0.00149855
0.00157904
0.00153818
0.00149874
0.00146606
0.00142987
0.00140859
0.00141034
0.00139334
0.0013629
0.00133071
0.00129693
0.00126661
0.00126287
0.00127713
0.00126054
0.00125163
0.00122448
0.00119584
0.00118474
0.0011716
0.00116403
0.00114664
0.00114073
0.00111736
0.00109947
0.00107877
0.00105601
0.00110973
0.00108721
0.0010651
0.00104832
0.00103288
0.00101292
0.000993214
0.000975475
0.000958874
0.000941432
0.000926327
0.000912817
0.000903318
0.000891946
0.000875927
0.000868699
0.000857515
0.000843964
0.000829144
0.000814794
0.000801645
0.000791332
0.000807507
0.000802997
0.000789595
0.000776843
0.00076406
0.000791047
0.000779379
0.000785736
0.000775998
0.000768483
0.000761078
0.000750216
0.000765705
0.000755537
0.000744048
0.000785445
0.000794916
0.000789376
0.000778723
0.000784239
0.000777226
0.000768314
0.000778433
0.000791753
0.000780563
0.000773185
0.000762923
0.000757651
0.000753662
0.00074356
0.000735183
0.000729621
0.000723978
0.000714397
0.000717155
0.000716026
0.000711984
0.000709132
0.000700086
0.000691365
0.000684957
0.000696771
0.000689609
0.000688487
0.00068094
0.000691562
0.000694587
0.000687114
0.000679337
0.000672842
0.000678551
0.000673888
0.000669565
0.000662668
0.00066097
0.000670481
0.000672041
0.000664516
0.000657175
0.000650088
0.000643855
0.000638241
0.000631323
0.000625033
0.000624959
0.000618552
0.000611893
0.000605419
0.000602118
0.000596576
0.00059027
0.000585746
0.000580412
0.00057749
0.000576217
0.000570305
0.000564469
0.000558664
0.000554053
0.000553451
0.000547953
0.000545668
0.000540403
0.000535226
0.000530119
0.000524908
0.000520768
0.000516014
0.000512551
0.000508295
0.000504216
0.000499461
0.000502626
0.000498016
0.000498118
0.000493708
0.00048924
0.000484824
0.000482615
0.000478291
0.000478899
0.000479697
0.000475423
0.000473305
0.000474739
0.000472824
0.000468776
0.00046495
0.000461643
0.000459002
0.000460185
0.000457323
0.000453479
0.000449727
0.000447472
0.000445687
0.000443221
0.000439987
0.00043735
0.000436981
0.000433301
0.000430508
0.00042895
0.000425388
0.000423675
0.00042174
0.000418781
0.000415628
0.000415066
0.000416142
0.000412977
0.000409706
0.000407699
0.000404546
0.00040137
0.00039819
0.000395552
0.000392789
0.000389714
0.00038684
0.000384515
0.000381562
0.000378926
0.000376431
0.000373998
0.000375871
0.000373123
0.000371404
0.000373538
0.000372392
0.000370523
0.000369072
0.000366416
0.000365654
0.000369157
0.000367336
0.000370829
0.00037086
0.000370944
0.000371512
0.000368884
0.000376395
0.000374763
0.000372246
0.000370697
0.000368865
0.000367148
0.000368836
0.00036661
0.000367985
0.000371684
0.000370655
0.000368514
0.000365991
0.000365785
0.000366153
0.000363828
0.000362182
0.000360438
0.000362025
0.000361967
0.000359714
0.000357371
0.000356564
0.000355225
0.000355136
0.000356643
0.000354318
0.000352953
0.000350651
0.000348482
0.000350097
0.000349055
0.000347379
0.00034784
0.000345756
0.000345613
0.000343429
0.000341253
0.000339194
0.000338389
0.000343166
0.00034197
0.000339845
0.000338086
0.000336107
0.000335481
0.000335593
0.000334783
0.00033323
0.000332771
0.000331779
0.000329949
0.0003282
0.000328438
0.000326521
0.000324694
0.000322865
0.000321876
0.000321265
0.000320051
0.000318221
0.000316944
0.000315222
0.000313923
0.000312335
0.00031078
0.000309292
0.000307876
0.000306154
0.000304467
0.000303797
0.000302288
0.000300567
0.00029904
0.000297547
0.000295985
0.000294453
0.000293883
0.000293099
0.000291464
0.000290323
0.000289207
0.000287646
0.000286061
0.000284707
0.000284671
0.000283473
0.00028218
0.000280932
0.000279627
0.000278227
0.000277508
0.000276056
0.000274658
0.000273299
0.000273527
0.000274121
0.00027466
0.000273333
0.000272533
0.000271718
0.000270381
0.000269231
0.000268397
0.000269332
0.000269247
0.000267847
0.000266593
0.000265582
0.000264621
0.000263266
0.000263332
0.000266047
0.000264689
0.000263463
0.000262866
0.00026289
0.000261816
0.000260505
0.000259248
0.000258173
0.00025726
0.000258437
0.000257829
0.000258029
0.000258039
0.000257295
0.00025641
0.00025525
0.000254715
0.000253477
0.000252245
0.000251703
0.000251775
0.000250588
0.000249468
0.000248369
0.000247203
0.000246503
0.000246216
0.000245245
0.000244134
0.000242972
0.000241912
0.000240815
0.000239748
0.000238685
0.000238034
0.000237735
0.000237063
0.000235958
0.000236315
0.000236319
0.000235497
0.000238336
0.000237275
0.000236223
0.000235159
0.000234333
0.000233285
0.000232753
0.000231758
0.000230743
0.000229698
0.000229316
0.000229195
0.000228302
0.000227359
0.000226751
0.000225897
0.0002251
0.000224166
0.000223181
0.000222909
0.000221947
0.00022099
0.000220303
0.000219609
0.000219447
0.000218654
0.000217797
0.000217002
0.00021625
0.00021548
0.000214574
0.000213844
0.000212964
0.000213035
0.000212424
0.000211568
0.000210672
0.000210192
0.000209863
0.000209226
0.00020938
0.000208624
0.000207747
0.000207084
0.000206297
0.000206239
0.000205786
0.000205814
0.000204966
0.000204126
0.000203307
0.000204731
0.000203997
0.000203373
0.000203302
0.000202691
0.000202712
0.000202082
0.000202018
0.000202027
0.000201361
0.000200575
0.000199783
0.000199393
0.000198683
0.000198311
0.000197969
0.000197521
0.000196999
0.000198221
0.000197551
0.000197053
0.000196605
0.00019604
0.000195885
0.000195298
0.000195527
0.000195037
0.000194362
0.000193654
0.000194247
0.000193555
0.000193267
0.000192648
0.000192247
0.000192129
0.000191435
0.000190809
0.000190086
0.000189612
0.000189241
0.000188749
0.000188434
0.000188099
0.000187407
0.000187331
0.000186965
0.000186937
0.000187775
0.000187137
0.000187246
0.000186551
0.000186215
0.000185575
0.000185148
0.000185199
0.000184574
0.000184019
0.000183417
0.000182798
0.000182161
0.000181499
0.000180866
0.000180372
0.000180507
0.000179933
0.00017944
0.00017947
0.000178849
0.000178301
0.000177668
0.000177036
0.000176436
0.000175877
0.000175258
0.000174708
0.000174805
0.000174355
0.000173752
0.000173269
0.000172808
0.000172825
0.000172364
0.000171789
0.000171407
0.000172509
0.000172953
0.000172406
0.000172164
0.000171582
0.000171459
0.000170924
0.00017091
0.000170324
0.000169733
0.00016941
0.000168926
0.00016837
0.000168416
0.000169668
0.000169118
0.000169594
0.000169016
0.000168476
0.000167911
0.000167343
0.000166997
0.000166492
0.000166805
0.000166304
0.000168689
0.000168602
0.000168207
0.000167644
0.00016853
0.000167984
0.000167574
0.000167029
0.000166766
0.000167192
0.000166654
0.000166102
0.000165603
0.000165096
0.000164719
0.000164224
0.00016382
0.000163284
0.00016276
0.000162374
0.000162107
0.000161588
0.000161108
0.000160595
0.000160187
0.000159806
0.000159289
0.000159008
0.00015854
0.000158121
0.000157669
0.000157178
0.000156676
0.000156453
0.000155979
0.000155581
0.000155095
0.000154622
0.000154386
0.000153975
0.000153513
0.000153084
0.000152764
0.000152303
0.000151892
0.000151415
0.000152616
0.000152152
0.000152039
0.000151648
0.000151249
0.00015078
0.000150901
0.000150687
0.000150224
0.000149938
0.000149512
0.000149776
0.000150126
0.000149945
0.000150847
0.000150609
0.000150489
0.000150063
0.000149922
0.000149935
0.000150233
0.000149778
0.000149505
0.00014921
0.000148833
0.000149736
0.000149331
0.000148894
0.000148526
0.00014871
0.000148381
0.000148556
0.000148124
0.000147844
0.00014778
0.000147616
0.000147183
0.000146987
0.000146567
0.000146179
0.000145774
0.000145711
0.00014577
0.00014587
0.000145456
0.000145633
0.00014523
0.000144818
0.000144421
0.000144075
0.000143733
0.000143343
0.000143339
0.000144673
0.000144268
0.000143899
0.000143561
0.000143782
0.000143418
0.000143051
0.000142653
0.000142313
0.000141969
0.0001417
0.000141349
0.000141062
0.000141645
0.00014173
0.000141456
0.000141362
0.000141012
0.000141533
0.000141367
0.000141516
0.000141149
0.000140857
0.000140584
0.000140199
0.000141497
0.00014119
0.000140834
0.000140966
0.000140608
0.000140758
0.000140521
0.000140667
0.000140297
0.000139961
0.000139576
0.000139342
0.000139174
0.000138925
0.000139091
0.000139433
0.000139147
0.000138851
0.000139009
0.000138782
0.00013904
0.000138663
0.000138363
0.000138187
0.000137844
0.0001379
0.000137727
0.000137441
0.000137169
0.000137137
0.000137393
0.000138011
0.000137651
0.000137352
0.00013703
0.000136948
0.000136586
0.000136239
0.00013588
0.000135524
0.000135185
0.000134859
0.000134526
0.000134235
0.000133886
0.000133761
0.000133428
0.000133152
0.000132862
0.000132703
0.000132357
0.000132101
0.000131815
0.000131706
0.000131734
0.000131407
0.000131576
0.000131342
0.000131207
0.000130869
0.000130644
0.000130371
0.000130038
0.000129779
0.000129515
0.000129196
0.000129029
0.000128829
0.000128754
0.000128498
0.000128371
0.000128212
0.000128019
0.000127929
0.000127776
0.000127472
0.000127151
0.000126843
0.000126636
0.000126347
0.000126034
0.000126469
0.000126372
0.000126065
0.000125889
0.000125685
0.000125393
0.000125149
0.000124973
0.00012469
0.000124664
0.0001244
0.000124617
0.000124359
0.000124209
0.000123932
0.000124567
0.000124279
0.000124097
0.000124259
0.000124328
0.000124032
0.000123729
0.000123493
0.000123199
0.000123045
0.000122796
0.000123493
0.000123198
0.000122902
0.000122676
0.000122385
0.000122181
0.000121987
0.000121695
0.00012143
0.000121761
0.000121715
0.000121511
0.000121243
0.00012119
0.00012094
0.000120794
0.000120506
0.000120241
0.000120018
0.000119734
0.000119463
0.000119398
0.000119169
0.000118891
0.000118802
0.000118638
0.000118406
0.000118224
0.000118103
0.000117837
0.000117573
0.000117336
0.000117112
0.000116887
0.000116646
0.000116404
0.00011622
0.00011595
0.000116694
0.00011652
0.000116293
0.000116099
0.000115842
0.000115652
0.000115387
0.000115226
0.000115184
0.00011492
0.000114658
0.000114398
0.000114213
0.000113962
0.000113704
0.000113643
0.000113541
0.000113323
0.000113068
0.000112977
0.000112782
0.000113125
0.000112876
0.00011266
0.000112632
0.000112507
0.000112632
0.000112633
0.00011238
0.000112307
0.000112208
0.000111985
0.000111762
0.000111513
0.000111523
0.000111298
0.000111165
0.000110918
0.000110672
0.000110436
0.000110274
0.000110072
0.000110293
0.000110395
0.00011016
0.000110004
0.00010979
0.000109944
0.000109706
0.000109467
0.000109254
0.000109071
0.000108911
0.00010875
0.000108676
0.000108505
0.000108352
0.00010812
0.000108067
0.000107849
0.000107743
0.000107513
0.000107385
0.000107173
0.000106941
0.00010674
0.000106665
0.000106511
0.000106724
0.000106495
0.000106268
0.00010624
0.000106194
0.000106235
0.000106067
0.000106254
0.000106046
0.000105842
0.000105623
0.000105462
0.000105242
0.000105187
0.000105335
0.000105113
0.000104919
0.000104773
0.000104554
0.000104362
0.000104155
0.000104019
0.000103818
0.000103673
0.000103458
0.000103321
0.000103122
0.000102957
0.000102917
0.000102966
0.000102819
0.000102612
0.000102685
0.000102472
0.000102502
0.000102356
0.000102145
0.000101983
0.000101849
0.000101671
0.000101485
0.000101309
0.000101687
0.000101513
0.000101307
0.000101274
0.000101098
0.000100892
0.000100763
0.000100562
0.000100391
0.000100191
9.99883e-05
9.97852e-05
9.96091e-05
9.94098e-05
9.93301e-05
9.91382e-05
9.89691e-05
9.90211e-05
9.88819e-05
9.87389e-05
9.85397e-05
9.8401e-05
9.82133e-05
9.80377e-05
9.78548e-05
9.7719e-05
9.76203e-05
9.74254e-05
9.72323e-05
9.74196e-05
