1.88708
0.7952
-2.48724
-0.678618
2.37085
0.629681
0.0485239
0.174794
-0.775476
0.179911
0.450249
-1.94359
-0.334737
-0.0361098
0.428701
0.0513701
0.605938
-0.948482
-0.358437
0.413096
2.19665
0.306629
-0.718246
-0.665654
-0.160265
0.536216
-0.449417
-0.713775
1.93821
0.485035
1.83154
0.658679
-1.07321
-1.44916
0.523626
-0.59548
1.11215
-0.671996
0.392903
0.0280596
2.69788
-0.162773
-0.339233
-0.110335
1.47277
-0.214482
1.94832
-0.308527
-0.92039
-0.583289
-0.504729
-0.56974
0.765273
0.308058
2.08439
-0.0519855
0.0314667
-0.288766
0.635351
1.75984
-0.992217
-0.721833
-0.142917
-2.05248
0.14073
-0.381005
-1.39907
-1.4194
0.824253
1.71062
-0.269851
-1.84072
-0.447581
0.673902
0.276602
0.414326
-1.08294
0.171872
-0.955334
1.58723
-0.265667
-1.38115
-0.50127
-1.83285
1.36162
-0.332366
0.251227
2.60661
-0.177815
-0.208826
0.359886
-0.224439
-0.537841
-0.728326
-0.870076
-0.016536
-0.285369
0.284886
-0.729153
0.247641
-0.54486
0.170741
1.04645
-0.0177663
-0.404312
-0.455425
0.807545
-0.279182
-0.502669
0.159408
0.0274633
0.231317
0.884223
-0.185896
-1.54717
-1.58642
0.278639
-1.20045
0.584677
0.479696
-1.03565
-0.178412
0.608877
-0.0689731
1.15351
-0.160371
2.33348
1.22709
-0.213996
0.830632
0.604402
-0.661063
-0.824523
-1.52475
0.299845
0.387238
-0.30755
-0.95569
0.871613
0.776744
-0.359233
-0.297513
-0.459023
0.994953
1.17229
0.484941
-0.804151
0.675368
0.636503
-0.244351
0.312298
0.0143833
-0.71784
-0.667412
0.638188
0.880372
-0.760424
2.07616
1.33371
-0.636296
-1.86975
-0.333057
1.66763
-1.04408
-0.887137
0.267348
-0.552183
-0.480035
0.00878494
-0.748964
0.620167
-0.158682
-0.206429
0.0531103
-1.09804
-0.869071
0.0947135
-0.289468
0.516904
0.657221
-1.22501
-0.268468
-0.0122672
1.92426
-1.04918
-1.53283
1.1173
-0.739138
-0.0425951
0.893022
-2.3913
0.6774
-1.55937
-0.185806
-0.987548
-0.562408
-2.90077
0.595637
0.421896
-1.37515
0.742575
-0.355311
0.52384
0.0409816
-2.13337
0.430971
1.6234
0.133917
0.545999
-1.28431
2.48245
1.48905
1.56881
-0.324356
0.633168
-0.116904
0.78369
-1.12967
-0.428816
1.72925
-0.909741
-0.0965535
-0.155442
-0.357989
-0.558202
-1.24073
-0.156517
-0.272659
0.375766
-0.174638
-0.107174
-0.368305
0.776932
0.113916
-0.513074
0.659061
0.505396
-0.400249
-1.25926
0.91557
-0.267656
1.42272
3.1152
0.125672
-0.331759
-0.488244
-0.255552
-0.0419479
0.102502
-0.00821631
0.203487
-0.640924
0.121314
-0.702828
-1.56995
2.64601
0.814078
-0.0251714
0.00884463
-0.0779037
0.866514
-2.45352
-1.62229
0.320533
0.731632
0.406737
-1.86927
0.78861
-0.186526
0.192083
-0.868906
0.586732
0.889116
-0.327088
0.853847
-0.322589
-0.471557
-1.34513
-1.34254
0.491908
0.673222
1.20465
0.275804
0.113257
-0.105438
-0.36968
0.48756
-0.683096
0.706535
-0.0276325
-0.460948
1.06652
0.877149
-0.21431
0.186481
0.0540835
0.00555221
1.99407
-0.631255
0.610943
0.505159
-0.301621
0.0959023
-1.69389
0.797645
-1.35636
-0.694658
-0.828793
0.0836253
0.901624
-0.0323912
0.0556531
0.112979
-1.02807
-0.234744
-0.625404
0.444396
1.28435
0.60547
0.0576956
-0.101218
1.16223
-0.0711472
0.716994
0.513064
0.948862
-0.255402
1.32605
0.343065
-0.285108
0.688593
0.23981
2.22053
-1.65375
0.991683
-1.60753
-0.0802504
-0.361025
-1.50365
-1.79426
-1.50635
-0.496791
-0.36521
-0.775346
-1.22703
-0.92753
-0.692258
1.42487
2.67784
0.64714
-0.100853
0.464443
0.166624
1.79084
-0.785901
1.45974
2.27299
0.744417
0.0126658
2.56699
-1.93856
-0.249254
0.260421
-0.404632
-5.6327
-0.629456
0.110009
1.16877
-0.738375
1.46319
0.998809
0.655176
0.141226
-0.532243
0.584486
2.23622
-2.19407
0.316124
-0.886933
-1.55098
0.74879
0.206117
-0.0660271
-0.88848
2.9619
-0.787264
1.30658
-0.267212
-0.188489
-0.0368839
0.329286
0.283519
-0.607221
0.276282
0.00995729
0.723674
0.395344
0.301027
-0.258379
-0.704506
-0.745784
0.26516
-0.17969
0.341401
0.749469
-1.74598
0.548898
0.123348
2.28247
0.0736876
0.772472
-0.332399
-0.748171
-3.47513
-0.512201
0.534664
-0.184757
-0.773091
-1.31041
-0.85313
-0.52114
0.188379
-0.583072
0.775868
-0.0365993
0.0899994
-1.64766
0.197397
0.545139
-0.536886
-1.34985
0.304158
-0.733511
-0.522127
-0.599416
-0.508487
-0.2368
-0.281031
-0.607767
0.519914
0.435741
1.39012
-1.74632
0.213149
0.798496
0.628615
-0.310137
0.182329
0.446394
0.346307
-0.120336
2.06748
-2.43812
0.667036
-0.80462
-2.66752
-2.02366
-0.704105
-0.0465495
-0.735144
-0.116994
-0.249267
-0.322316
-0.648335
-2.04788
-0.357498
2.8184
1.6569
0.548214
-1.17372
0.925878
0.0807039
0.412331
-0.921713
-1.09534
0.804638
-0.500235
0.160909
-0.853023
0.947726
-0.862878
-3.04608
3.24082
0.86892
1.06112
-0.392162
0.436931
-1.09038
0.457317
-1.20754
0.394848
1.94057
-1.02349
0.218928
1.69037
-0.138427
-0.62002
-0.0100341
-0.250601
-0.42507
-0.601117
-1.16931
-0.0775261
1.12627
-0.912872
0.159066
-0.468693
-0.361887
0.662527
1.00401
0.456102
-1.30531
0.509316
0.429841
0.0192184
2.71538
-0.29416
-0.644537
-0.413592
-0.885041
0.74177
0.144012
0.0589973
-1.22372
0.972898
-1.35554
-0.35116
0.412891
0.762132
-1.55993
0.369122
0.188902
1.0481
-0.125836
-0.512088
0.2849
-0.244106
0.0663813
1.48563
-0.251582
1.25349
-0.0395015
0.0612977
0.285176
-0.729531
-0.320925
-1.3563
1.98043
0.440485
2.2408
0.315589
0.987325
0.119448
-1.79244
0.414191
0.0187977
0.854618
0.690154
2.22142
0.550809
-0.0545709
1.20333
1.25071
-0.850259
0.592878
1.26742
0.12425
-1.05668
-0.619969
-0.681224
-0.707526
0.168078
-0.115787
0.325996
-0.483529
-0.19882
-0.816298
-0.569694
0.192679
-0.372116
1.54803
0.648024
-1.84374
0.013878
-0.152639
-0.743801
0.273166
1.48363
-0.702401
-1.03389
-0.382064
0.543351
0.807023
0.182773
2.306
1.20968
0.801794
-0.76205
-1.21
-0.269335
-1.19874
-2.37637
-0.0782269
-0.229661
-0.414103
1.72797
0.192583
0.0566816
0.478165
0.293298
-0.229999
-0.339758
2.03626
-1.81054
-0.161719
-0.176385
0.969001
-0.364182
-0.743108
0.160572
1.14388
-0.929308
0.391721
-1.88233
-0.529149
-1.78613
-0.388899
-0.159801
1.31784
1.2067
1.17856
0.40293
0.185191
-0.380712
-1.75968
1.97185
-0.777187
0.0573236
0.375058
0.0438259
-1.71417
-0.279929
-0.210594
0.114797
-0.454377
-0.158069
-1.17011
-0.398527
0.264009
-0.381227
0.941366
-0.238263
-1.20875
0.692705
0.377083
-0.401736
0.231297
-0.169533
1.15326
2.24239
0.116138
0.0386732
0.135772
-2.15803
-1.53053
-1.29012
0.771327
-0.0340763
-0.274831
3.08534
0.571546
1.0991
0.396361
-0.0440513
1.48334
0.698944
-0.0311689
0.0538236
-0.95247
-0.629659
0.177131
-0.00931513
-0.926781
0.280779
0.373265
-0.378957
0.302066
-0.675265
-0.518669
0.874308
0.083228
-0.94376
0.574181
1.88921
1.23341
-2.2968
1.86967
0.070702
0.643219
-0.794808
-0.486549
1.02246
0.306634
2.28378
-1.4025
-1.02007
1.37399
0.168671
-0.970835
-0.944949
0.224703
-1.90073
0.488867
-0.370595
1.87856
-1.41677
-1.26607
-2.11928
1.18651
0.623585
-1.58734
-0.246866
-0.229747
-0.924727
-1.09314
-1.12694
-0.659651
-1.6552
-0.155569
-0.280838
-0.0972824
-0.80101
0.453287
-1.37664
0.35831
-1.13455
0.0413311
0.421912
-0.130246
0.421163
-0.546852
-0.0829791
0.67061
-0.151061
0.415038
0.377129
1.1124
0.194244
1.32446
-0.209784
0.389298
0.685993
-0.0561759
-1.36605
-1.46962
0.353375
1.16977
-0.412441
-0.138101
0.636943
-0.947465
0.114148
0.25794
-1.07808
-1.46772
-0.592233
1.47421
-0.502306
-1.23701
1.84544
0.625444
-3.47866
-2.12428
1.58191
-0.0675411
-0.515531
0.504369
-0.759565
0.0323475
0.0172921
0.568625
-0.199055
-0.103184
-0.616043
-0.0945098
0.897362
2.74197
-2.57292
0.204471
1.4186
-0.158516
-0.730621
1.41555
0.993774
0.132314
0.1707
0.627306
0.421152
-0.854235
-0.167291
0.0160383
0.864935
0.941703
2.21613
-0.262165
-0.990302
-0.96376
0.241656
-0.779707
0.303518
1.34022
-1.48329
-1.73023
0.121743
-0.490432
-0.766626
0.964403
-0.0812393
-0.220432
0.284547
-0.288998
0.473405
-0.428042
-0.33453
1.65855
1.26289
-0.0699107
-0.301847
0.0466774
1.77064
-0.206245
0.161815
-0.335429
-0.216916
-0.507215
0.358144
0.863516
1.73837
0.216837
-0.00671592
-1.6268
-1.6258
0.830419
0.371731
-0.252602
-0.804092
-0.5288
0.634429
-0.301006
0.0650777
0.210856
0.978306
2.74361
-1.66074
2.75014
-0.286212
0.509956
1.12869
0.13058
0.329816
-1.73425
2.13675
-0.319292
1.16049
0.509094
-0.201702
-0.207907
0.0813363
-0.0749982
-1.75772
-0.285907
0.240003
1.25885
2.48955
0.726475
0.658242
2.01452
-0.211393
0.662436
2.414
-0.0595249
-0.227833
-0.574636
0.375399
-1.07351
0.0508911
-0.19408
0.814793
-1.25866
-0.0788109
-0.0378509
0.250534
2.65864
-0.341519
0.277579
0.570354
-1.08312
0.53053
-1.10937
0.428778
-0.355186
-0.229993
-1.1426
-0.853416
-0.963703
0.586117
-1.32319
-1.46959
0.346232
-1.37338
0.565681
1.34773
0.222961
-0.109662
-0.547325
3.1241
0.625087
0.126423
-0.665981
1.54928
-0.98978
-1.23899
-0.630052
0.551826
0.139543
0.14743
-0.501733
-0.0071093
-0.219561
1.66607
0.603922
-1.02959
-1.40543
-0.580033
-1.10114
-0.437063
-0.0106666
-0.0068068
-1.0419
-0.245202
0.317852
-0.525908
-0.714422
0.884699
-0.257882
-0.761526
0.642439
-0.317602
-0.40025
-1.96101
0.660216
0.203298
-1.86456
0.111617
0.55027
-0.297413
-0.11093
-0.895655
2.01981
-1.48185
0.882035
0.902762
0.531423
0.703176
0.374828
0.427995
-0.369163
1.47565
1.43606
-0.0196468
-0.526371
-0.55153
0.7962
0.359595
-0.211882
-1.56429
0.671294
1.09314
0.167853
0.999296
-0.732639
-0.4105
-0.989023
-1.5736
1.72393
-0.348918
-0.959879
-1.35426
0.140828
-0.0790625
-1.18567
0.388767
0.514362
0.850838
-0.729615
-0.764979
3.64324
0.282546
-0.432611
-0.0185593
-1.3227
-2.2319
-1.92241
-0.232224
2.24562
0.779565
-0.193651
-0.617204
1.22718
0.347553
2.31366
-0.33626
-0.0934523
0.35241
0.149474
-0.505986
-0.673351
0.3956
-0.975143
-0.598779
0.504822
0.0590558
-0.385286
1.88049
0.1773
-0.399531
0.064538
0.361898
-1.83464
1.25941
-1.33579
0.619569
-0.353282
0.665781
-0.125526
0.720981
-1.46283
-0.385095
-0.349963
0.28034
-0.264213
-1.84809
-1.11047
-0.845399
1.09784
-1.03751
0.156764
-0.143501
0.349378
0.718924
-1.00748
2.14751
0.331698
-1.62919
0.515188
-0.753121
0.145711
0.888204
-1.57637
-0.679237
0.234818
0.982004
-1.16577
-0.502179
3.92336
0.439063
0.615729
0.868434
0.0719418
0.339633
2.24321
-0.366994
0.293108
-0.00216038
-1.49495
0.287885
-0.271019
-1.52546
0.267633
-0.583254
0.221436
2.55415
1.12553
-0.233236
0.0286845
0.220572
-0.358683
0.608505
1.17061
0.523093
-0.327087
-0.381711
0.326158
0.255275
-1.56208
2.0013
0.625589
-0.482932
-0.168595
0.238888
-0.095118
0.484004
0.837264
2.40747
-0.589654
0.0867155
-0.111715
-1.7287
-1.43881
0.450099
0.676189
-1.65442
1.02911
0.415908
-2.05112
-0.891071
0.144481
2.464
2.31578
-0.315513
1.56783
0.2795
1.4087
-0.0987563
-0.355639
0.0687775
-0.649176
0.392764
-0.661496
0.0248558
-3.14648
0.716999
-0.313279
-1.76468
-0.585532
-0.22816
1.17019
0.268001
-0.234707
-1.08102
-0.349439
0.0995111
1.40426
-2.03553
-0.598663
-1.75384
-2.58546
0.992611
-0.463952
0.182356
0.512992
0.55299
0.043452
0.335905
0.650331
-0.893278
0.909126
-0.0153395
0.718354
-1.20087
0.860205
2.88735
0.523001
0.723754
0.568643
0.430671
0.234671
-0.661087
2.1745
-2.12179
-0.548289
2.49709
-0.0733374
2.1238
-0.200013
0.693175
0.14163
-0.4373
-0.83511
0.116521
-0.77653
1.34115
0.203591
-0.224715
2.28688
0.158688
1.79833
0.103847
-0.28286
1.29259
0.495289
1.07765
-1.08322
0.246848
-0.0442946
-0.249208
2.54391
-0.195185
0.51125
1.90768
2.27196
0.79124
0.149871
-0.81129
-1.35955
0.549652
-0.641939
-0.0619789
-0.685133
0.787718
2.51192
-0.134036
1.09557
-0.124837
-0.316547
0.399847
-0.655844
1.12902
0.640498
1.88799
-0.161554
0.238946
0.607776
1.36356
1.4987
0.468735
0.998199
1.53503
-0.776897
0.399531
-0.189813
-1.82342
-0.865703
-0.22926
-1.82092
-1.0166
0.257338
-0.274856
-0.797806
-0.0906089
0.464886
-0.00432269
-0.0523053
-1.13111
-0.440979
-1.03956
-1.15635
0.589209
1.9419
-0.69057
0.638515
-0.554148
0.603516
-0.671046
-0.489712
0.400043
-0.254456
-0.781112
-1.07422
1.09133
-0.996229
0.827381
-1.25238
0.413077
-1.72836
0.577393
0.524645
2.14152
-3.76297
0.491665
0.16859
1.74589
0.889167
-2.36395
0.115574
1.70291
0.022351
0.220459
0.00042703
-0.203762
0.164849
-0.085311
0.154875
-1.93825
0.365073
0.0047217
-0.592869
1.01831
0.106924
1.13689
0.464703
-0.413121
-0.0519468
-0.174498
-0.115065
-1.19434
0.145389
0.455065
0.431327
-0.176497
0.135562
-0.69612
-0.544029
0.484862
-1.54005
-0.441923
-0.0393569
-0.130926
-1.36654
-0.953562
0.207988
-1.63328
-0.799155
-0.546512
0.23911
-0.448219
-0.58455
0.932627
-0.349344
0.144019
-1.84989
-0.673868
0.361878
1.62811
0.219119
0.362428
0.0140022
0.217183
1.38826
0.928474
-0.0064485
2.15133
0.650788
-1.78731
-0.601311
0.324761
-0.0427162
-1.04807
-0.817056
-0.740947
-1.31634
0.512378
-0.550369
1.80408
0.731025
0.313094
-0.239461
-0.433734
-0.361199
0.904232
0.521724
-0.734973
1.36324
3.04836
-1.24521
-0.070208
-1.36192
0.00938046
0.706714
-0.581786
0.284032
2.16157
-0.328704
0.923442
0.668505
-0.191323
1.71656
-0.420537
-1.60446
-0.372972
-0.0455846
-0.0823564
-1.49892
-1.78929
-0.75631
-1.23346
-1.19611
0.597609
0.129905
0.627891
0.142954
0.0582251
0.235185
-0.138597
-0.0588718
1.53562
-0.799482
-0.876355
0.759972
0.162836
0.304641
0.712005
-0.894211
-0.32082
-0.495275
0.392253
0.159201
0.351478
-0.837325
1.94245
-1.77516
0.969286
0.216072
-0.0582055
-0.338955
-0.301746
-0.108667
0.147644
1.35486
2.07437
-0.350047
-1.09662
0.128892
-1.26735
0.37329
1.0976
-0.571515
-0.508734
-0.0733015
-0.362844
-1.26074
0.205278
0.0861146
-0.219517
-0.222486
-0.82717
1.10502
0.309034
-0.271406
-0.501976
1.27452
-3.02638
0.621389
0.940495
-0.0472717
0.105791
0.141914
0.29084
-1.02316
0.326096
0.114182
-1.68869
-0.677934
-0.219169
-0.421957
0.0393373
-0.657839
-0.368613
-2.12827
0.766021
-0.47606
0.466874
1.95149
0.450157
-1.03729
0.482
0.145638
0.0238731
-0.0454193
0.101257
0.621354
0.62838
-0.665668
0.609253
0.00854526
0.40485
-0.850823
1.55276
-1.7131
0.781657
-0.942814
0.00199177
-0.844549
-0.909539
-1.11321
-0.731193
0.0217606
-1.14507
0.531503
0.086207
-2.12887
0.0299879
-0.31472
0.573282
0.173649
0.818193
-2.20581
-0.325311
-0.13829
0.232688
-0.964372
-0.985904
-0.515107
-0.150455
0.412078
0.0586551
-2.90554
-1.6248
0.780153
-2.5753
-0.644022
-0.935175
-0.032043
-0.967416
0.31228
0.0254652
0.700072
0.102007
-0.210956
0.0715795
0.405911
0.32018
0.148293
0.332758
-0.405252
0.703325
-1.25691
-0.705696
0.0906926
-1.62264
-1.04649
0.0239201
-0.0325311
0.0919537
-0.262117
2.56104
-0.775176
0.794472
-0.468676
1.49578
-0.674342
-1.20036
0.111047
-1.80852
-0.366126
0.109302
3.10952
-1.17099
-0.848921
-0.310554
0.675262
3.94564
1.00741
-1.39943
1.37008
0.496055
0.178223
0.849256
0.822484
0.042894
-0.50573
-0.331847
-1.12693
1.10502
-1.96675
-0.352495
-3.672
-0.971797
0.241744
0.406886
1.44995
-0.752371
1.13419
0.646215
-0.44051
-0.0979315
2.41958
-1.98856
-0.670758
-0.663101
0.670802
0.126626
-1.88552
-0.859719
0.725254
1.17907
1.56292
0.430792
-0.274369
0.99551
-0.422744
-0.461879
-0.565648
-0.249559
2.46847
-2.68098
1.32615
0.384637
-0.103897
1.16144
0.0104917
0.479784
-0.700852
0.161527
-0.625221
1.55227
-0.123786
1.26293
0.210507
-1.08187
-1.66062
-3.03979
-0.245894
0.854003
-0.0421804
0.313523
-0.99751
0.641136
-0.520742
0.587363
-0.911699
-0.933573
-0.52322
0.760374
0.0391723
1.19252
-0.372122
-0.066912
-1.18371
1.11153
1.56581
0.791392
-0.800996
-0.0435542
1.29474
0.468701
-0.472363
-0.121118
-0.0694458
0.287775
-1.28282
0.412968
0.72195
-0.330881
-2.60301
0.903318
1.69922
0.938354
-0.330674
-0.124034
-0.583052
0.281916
0.741445
0.644366
0.416708
1.34631
0.4086
0.00881142
1.19948
0.642803
-0.807278
-0.00662068
-0.0163202
0.0883032
0.555943
1.46153
0.548881
1.20713
0.983988
0.228728
0.686531
-2.55678
0.15518
-0.240747
-2.03352
-0.158555
0.0452925
1.20083
1.22879
-0.846594
-1.13979
-0.409679
-0.452775
1.06052
-0.254278
-0.892908
0.303035
-0.223003
-1.24814
-1.03495
-0.439552
0.299917
-1.48128
2.59432
0.109072
0.207439
-0.140815
0.0312512
0.23931
-0.0837553
-0.132203
0.0535679
0.389192
-2.49213
1.03625
-3.597
0.263183
0.205168
-1.00644
-0.204455
0.181292
-0.534714
1.46272
0.121834
0.683361
-1.82084
0.300514
1.40225
0.134313
0.821818
1.06764
-0.239517
0.146972
-0.301085
-1.21006
1.11236
-0.672874
-0.0205535
0.258762
0.051858
-0.733196
-0.591469
-1.3766
-0.0880404
0.945186
-0.881794
-0.322261
1.79213
-0.417671
0.20596
-0.994774
0.555902
0.700288
-0.489613
-0.958316
0.735561
-0.731842
-1.3362
-0.801066
0.701538
0.756593
-0.40753
-1.08818
1.08771
0.215223
0.10267
-0.60659
0.329712
-0.837945
1.22964
-0.0239592
0.591896
0.109342
-2.46746
1.62871
-0.170644
-1.36229
0.997866
-1.27775
0.164012
-0.0267638
0.343686
-0.670115
-0.793299
1.50412
0.320487
-0.973444
-0.259491
-0.232703
0.250419
0.850179
-1.14926
0.469759
1.29466
0.219749
0.183398
-0.305031
-0.221415
0.230745
-0.160142
0.967779
0.825942
0.999548
-0.405296
0.198966
2.4429
-0.487591
0.781281
-0.926143
0.252936
0.780097
-0.292253
-1.94413
-2.619
-1.51758
-0.895682
0.123222
-0.212769
1.19005
-0.0187324
-0.973718
0.631494
0.551773
0.324952
-0.205095
0.584826
0.99682
-1.22995
-0.304681
-0.199897
-1.24133
-1.03385
-2.0533
-0.561947
-2.5462
1.33915
1.03348
0.560626
0.134715
-0.0383123
0.329065
0.411848
-0.477978
0.300696
0.0459736
1.09051
0.846101
-1.24815
-0.472502
-0.904807
-0.61121
1.32434
0.842567
-0.0156166
1.50568
0.593957
2.78209
-1.58863
1.05384
1.52212
0.983723
-0.590995
0.760306
0.763102
-2.87194
0.0337854
-0.220306
-0.746789
1.19135
-2.07598
-0.0405929
0.45449
-0.93854
-0.222421
0.928038
-0.859962
-1.64102
1.76133
1.1757
-1.08763
-0.479691
1.03123
0.228205
1.21012
2.79565
-1.35828
-2.03334
0.265305
-0.577321
0.247227
-0.85566
-0.17995
0.762941
0.921961
0.931458
0.105183
-1.59446
0.735393
0.938183
-0.539955
0.959887
0.0287057
-0.0626069
-0.206871
0.556654
0.692432
0.38173
0.690901
0.0687077
1.07014
1.3569
-0.304963
-0.434209
0.629106
0.416384
-0.0278581
-1.13011
0.236289
-0.47918
1.69935
0.280544
0.244322
-0.577417
0.527203
-0.694961
0.0069176
0.424956
-0.492896
2.0306
-0.56551
-0.173471
0.594702
-0.116203
0.796572
-0.262349
0.925089
-0.532395
0.43465
-0.784274
0.115567
1.70057
0.633048
-0.0190195
1.51247
0.5155
-0.287389
0.117354
-0.534627
1.85856
-0.637035
-0.370248
1.53065
0.851032
1.12375
-1.97344
1.35069
1.52977
-0.771342
0.405001
-0.610391
-0.927785
-1.37144
0.545562
0.258799
0.902495
-0.0891396
-0.408483
-1.99956
-0.281313
-0.52768
-0.21893
-0.812515
0.0967112
1.06616
-0.170392
-0.816093
0.338477
0.634324
-0.0166111
1.11006
-2.73076
0.31162
0.00836363
0.368842
-0.389977
-1.12725
0.495317
0.988143
0.185345
-0.107903
-0.339228
1.19653
-1.90228
0.80651
0.231483
0.510858
-0.510112
0.475445
0.366829
-0.37077
0.365477
0.338131
0.887994
0.0750506
0.0734883
1.25564
1.46596
-1.10422
-0.666971
0.309641
-0.297191
-1.4137
0.786818
0.837676
0.0173804
-0.669266
1.33989
-1.62744
-0.106771
0.365176
0.595419
0.764655
-1.68538
-0.940802
0.771472
-0.322145
-0.570045
-0.978551
-0.760851
-0.632725
-1.84575
-0.491581
-0.194578
0.561621
-0.33449
1.06186
-0.538624
-0.155872
-0.572142
-0.903682
1.94252
-0.131903
1.01423
-2.00159
-0.595904
3.7524
-0.796265
2.03139
0.340472
1.04003
-0.289753
-0.0341708
-0.373298
1.82466
-0.750352
-0.9562
0.361402
-1.57819
-0.487141
0.535209
-1.21295
0.821286
-0.657118
-0.668574
0.286913
1.42357
-1.65712
0.290039
-0.00174293
0.00391474
1.47664
-0.527147
-0.0196839
-0.62136
-0.217789
0.789759
-1.97374
-0.111417
-0.19497
0.303563
-0.24216
-0.410113
-0.847092
-2.34755
-0.809185
0.347417
0.204707
1.27543
0.146493
-0.915733
1.20898
-0.233366
-0.497321
-0.734938
-0.0779732
0.565756
-1.2494
-0.0958857
-0.304557
1.14578
0.90997
1.2449
-1.42807
0.119036
-0.311463
-0.174906
-0.09012
-0.532831
0.0318739
-1.13663
-0.663653
1.0723
-1.89695
-0.124493
-0.0574627
-0.30033
-1.09234
0.0249506
-0.434711
-0.432069
0.629755
-1.51367
-0.220503
-1.16428
-0.92116
-0.457858
0.264407
1.21346
0.352194
-0.0662629
1.06244
-1.50061
0.227708
-1.3167
-0.526903
-0.714042
-0.173775
-0.804247
0.287637
0.324106
1.88588
0.12062
0.282699
0.573769
0.797778
0.0861878
-0.0335801
-0.536274
0.162122
1.08923
-0.389892
-0.00832503
-0.441433
-0.595776
0.389226
-1.18129
0.750138
-0.171575
-0.941027
-0.847609
-2.24963
1.57045
-0.435108
0.255741
0.0553901
-0.0340364
0.0196982
-0.199737
2.23545
-1.33758
1.83751
-1.47217
0.124137
-0.533363
-0.612704
0.499113
0.00149995
0.139021
1.62986
0.610017
-0.387869
-1.70808
0.763199
1.60705
-0.39104
0.702646
-0.149727
-0.138262
2.28582
3.78367
-0.126525
2.106
-0.998841
1.01891
0.624454
0.620589
0.966227
-0.64095
0.723562
-0.76543
-0.185188
0.0682173
1.64219
0.686559
-0.446378
-0.173102
-0.398805
0.18315
0.733178
-0.252612
0.510177
0.827778
-1.56949
-0.774384
0.49785
-0.504826
-0.193558
-1.1247
0.844801
-2.47813
-0.378456
0.628762
-2.4665
-0.867927
-1.88206
-0.383373
-0.687122
-0.257781
1.76156
0.563523
-0.797121
-0.460212
0.265066
0.248061
-1.64376
-0.502547
-0.611516
0.457859
-0.0746995
-1.31221
-0.782811
-0.757556
0.16648
-0.0336999
0.808571
0.183127
-0.334753
-0.723282
-1.74946
0.256382
2.58811
-0.260762
0.097634
-0.21067
1.63458
-0.963513
0.127525
-0.861432
-1.00968
0.15498
-1.12501
0.220143
0.895997
0.0407205
1.18238
-2.25578
0.174685
1.33536
-0.0715899
0.444194
0.170234
0.170777
0.755349
0.720429
-1.60285
1.47694
-1.431
-1.70286
-0.612736
-1.93427
-1.05961
-0.904379
0.419592
-0.461809
-0.726399
3.05766
-0.277341
-0.111366
-0.239066
1.27607
0.107394
-0.396507
0.892631
0.587096
0.736518
-2.34903
0.0570347
2.02183
0.484658
-0.0652095
0.122419
0.830662
-0.381795
-1.311
0.0240313
-0.0977715
0.940079
0.636973
0.695445
0.962008
0.279142
1.00932
1.17672
0.34464
0.29322
-1.08359
1.74551
1.08668
0.509185
0.474797
2.18899
0.360535
0.133467
0.430601
-0.178048
-0.433359
-0.406962
-0.801642
0.59779
-0.558954
0.739148
0.479872
-1.23754
0.401199
-2.08568
0.588531
-1.01972
0.477073
0.531634
-0.142371
0.973191
-0.268705
0.380911
-0.863365
-1.9512
0.307549
-0.343338
-0.628871
-0.970016
-0.439879
0.563123
0.00379533
0.459038
-0.920875
0.533116
-0.289333
-0.116511
-0.831476
0.537008
0.539282
-2.69291
-1.48791
-1.16545
0.190238
-0.400526
0.0889754
-0.443344
1.46166
0.766934
-1.35924
-1.93248
-0.0697521
-0.502029
0.698427
-0.591492
0.282155
-0.292763
-0.762069
-0.760606
-0.814878
1.43363
1.60169
1.7737
0.412096
-0.217723
1.57956
1.16999
0.33133
-0.680627
1.6674
1.94471
0.382513
-0.26238
-1.11783
-0.283138
0.620804
-1.89041
-0.887827
0.765025
0.415795
-1.7426
-0.0459593
-1.16618
-0.879169
0.385805
-0.0996044
0.0780171
-0.090428
-0.353156
-1.56216
0.910499
2.14145
-0.855179
-0.115814
0.688305
0.488818
0.879052
-0.307498
0.0664517
0.158618
-1.10062
0.037546
-0.15762
0.157797
1.42308
-1.55221
1.4945
-0.222982
0.376459
-0.184726
0.446497
-0.194151
1.17512
-0.0135193
1.53887
1.72338
-0.674267
1.09104
0.674077
0.610777
-1.94631
0.108124
-0.574628
1.02664
0.240992
0.35017
0.229579
-0.198298
-2.34308
-1.83328
-0.169225
-0.766106
-1.84639
-3.59668
-0.0122855
-0.300986
-0.333592
-0.706284
-1.33991
-0.119514
-0.020255
-0.7798
0.295177
-0.634979
0.0234015
0.900908
0.348351
-0.649166
0.574033
-0.32962
-0.199404
1.34335
0.898871
-0.149756
0.230342
0.0881436
-0.0221261
1.24542
-4.06138
-1.71672
0.0544029
0.891868
1.26855
1.06276
-0.722692
-0.725598
0.504937
0.27912
0.736333
-0.0478738
-0.475849
0.185917
0.418246
0.284247
0.1505
-0.671206
0.00598787
-0.852443
0.558042
0.585261
-1.30154
0.887066
1.99762
-0.256505
-0.893439
-0.210438
0.190618
-1.26162
0.394486
2.34793
1.11687
-0.855561
-0.0652217
0.804848
0.0674547
-0.441742
-0.335316
1.1866
0.261428
-1.5171
-1.09758
0.521606
-0.185337
-2.59467
-0.0177076
-1.42898
0.88003
-0.203644
-1.76081
3.66004
0.336214
0.144928
0.45823
-0.300057
0.0856042
0.513743
0.934168
-0.549637
-0.160774
-0.231159
-0.107001
0.386983
0.523643
0.890314
0.962492
0.103532
-0.467395
-0.552754
0.0768536
-0.445303
-1.61413
-0.187056
1.5181
-1.19897
-1.13403
0.305853
-0.34268
0.612755
0.220518
2.94296
-1.07555
1.96019
-0.283111
-0.268143
0.105935
0.622677
-0.0848773
2.9424
-0.0470367
-0.281986
-0.350407
-0.049865
0.698161
-0.174452
-1.24337
-0.497178
-0.105457
0.184899
-0.179917
0.846403
-0.178705
0.953422
1.52822
-1.40579
1.05015
1.49757
0.661323
0.336242
-0.163181
0.544132
0.628417
2.11987
0.848686
-0.703243
-0.302738
0.0514646
0.774067
-0.0576759
-1.40572
-1.07159
1.05081
-2.01873
-1.89335
-1.54623
-0.566893
1.21652
0.065483
-1.84752
0.0616544
-0.64759
1.05629
0.211048
0.278493
-0.314001
1.65217
2.10618
0.362861
0.863191
0.132351
-1.06409
-0.0368235
-0.555899
1.06005
0.0639984
0.75894
0.81578
1.46571
0.736892
3.35649
-0.607841
0.935702
0.96664
0.0822526
-0.799685
-0.444251
-0.222085
-0.924088
-0.372518
0.156826
-0.75119
0.0327478
0.648008
-0.966842
1.41389
0.212204
-0.0671191
-1.28148
-1.66856
-2.10942
-2.11753
-0.834988
0.897543
-0.985718
-0.344432
-0.87714
-0.00634846
-0.636191
-0.403346
-1.09481
-1.0222
-0.824514
0.209573
-0.0906811
0.322751
0.816618
-0.303314
0.0221956
0.358917
0.672034
-0.0043201
-2.32187
-1.10185
-0.826006
-0.611706
-0.623845
0.387296
-0.329564
-2.86534
-2.42353
-1.14461
2.43652
-0.0887865
0.249552
-0.20091
0.122696
0.754641
-0.318296
0.446378
0.80341
-0.501595
-0.0755685
-1.55581
-0.122232
0.174945
-0.420386
-0.890179
-0.987589
1.53061
-1.03086
-1.17227
0.079158
0.0883496
0.127853
-0.196503
-0.30135
-0.437397
0.63888
0.54297
0.762809
-0.94413
-0.403424
-2.03043
0.0965782
1.81083
-0.787474
0.0828634
-1.37747
-1.10093
-0.350309
-0.442047
-0.63308
-0.342594
-0.611951
2.27825
0.3836
-0.565039
-0.154414
-0.282494
-0.304323
0.568146
-0.948229
0.232948
-0.268048
1.12718
-0.352343
-0.17654
-0.646386
-0.87103
0.400839
0.467358
0.135625
-0.393514
0.452194
-0.252301
-2.97317
-0.776751
1.56178
-0.435659
-0.622115
0.205706
2.05247
1.00384
0.0758871
0.136642
1.09087
-0.488784
0.748949
-0.852794
-0.551451
-1.48614
0.107375
-0.18646
0.491897
1.07028
0.42102
-1.75323
-0.158948
0.832579
0.275931
-0.778811
0.138488
-0.372704
-1.04679
1.11897
-1.46907
1.69848
1.29024
-0.0498055
0.663685
-2.0685
0.174352
-2.97856
-0.100031
-1.0966
1.62367
-1.77699
0.045363
1.10779
1.20626
2.10262
1.05358
-0.92008
-0.038909
-0.151755
-2.58611
0.0530808
0.346385
-0.62044
-0.391857
-0.878184
0.31303
-0.40982
-1.61471
-0.693491
-0.663557
-0.0988854
0.978301
0.516837
0.0152748
0.417567
0.210595
1.01116
0.519364
-1.02992
0.461797
0.262875
-0.863095
0.568198
1.02108
0.436263
-0.624472
0.516142
-0.639455
-0.26776
0.988923
-0.0562647
-0.231723
-0.0287718
1.36461
1.09967
0.496599
0.889182
0.970751
0.170686
-1.4981
-0.164281
0.667694
0.339745
-0.451327
2.05966
1.80982
-1.06433
-1.50935
-1.7991
-0.524051
-0.751483
-0.0827791
0.150747
-0.528413
0.629499
-1.55471
1.95085
-1.44328
0.675074
-0.0401185
0.890832
0.544348
-0.355413
-0.542375
0.217988
0.128559
-0.292643
0.185357
-0.777078
-1.03223
-0.0625545
-2.04853
-0.098916
-0.252845
3.04508
0.768753
0.780009
1.42359
1.16759
0.758991
-1.44575
-0.493309
0.668616
-0.193394
0.0129195
-0.35955
-0.47862
-0.346058
-0.324921
-0.0210686
-0.471772
0.659242
-0.368821
-0.359846
-0.151365
0.929907
-1.02155
-0.857175
-0.749919
-1.03768
0.273208
0.168804
-0.186117
-1.68776
-0.132632
-0.176981
-0.217562
-1.41073
1.50824
-0.123075
1.20976
0.851614
0.347806
0.61777
-1.12991
0.894941
-0.677889
-0.247743
-0.55144
-0.434055
-0.185648
-2.18167
-1.37123
0.228673
-0.639323
-2.15842
-0.0121559
0.825947
1.80196
-0.0439823
-1.67304
0.535481
0.69086
1.59197
-0.193164
0.676884
-0.025501
-0.0398278
0.449067
0.182684
-0.14968
-0.167255
-0.884038
-2.46196
1.04331
2.11932
-0.124218
1.22715
0.323375
-1.20928
0.088947
-0.0167787
-0.696292
0.608113
0.0633766
0.850406
0.273409
0.258623
0.771925
-0.175151
0.128992
0.131534
-0.464212
-0.12528
-0.628176
0.560006
1.71204
0.289632
0.238901
-1.26261
-0.429683
0.384806
-0.281677
-0.767394
1.93992
1.08625
0.0374606
-2.37501
1.894
-1.57215
0.322491
1.08742
-0.728822
0.204115
0.394176
-0.970687
1.35469
-1.25714
-0.567777
-0.615642
1.63448
0.773791
-0.593596
-0.908647
-0.259203
-1.70873
1.36145
-1.42476
-0.197565
2.05237
-0.203055
0.27203
-1.42111
-0.749347
0.149746
1.04094
0.0764296
0.639618
0.402111
-2.99225
-1.61648
0.288206
-0.093787
-0.832012
0.988114
0.143059
0.0764979
1.66332
0.446732
-2.0797
-2.58289
0.257218
0.802861
-2.32568
-0.509666
-0.252839
-1.95891
-0.563569
0.612614
-1.31452
0.700567
0.300142
-0.434648
-0.0417474
0.288566
0.328968
-1.56218
-0.346247
-0.669333
-1.09032
0.703845
0.412479
0.49973
0.353548
1.1586
0.273732
0.102294
-0.330969
-0.438634
-1.89522
0.174385
-1.07833
0.228968
1.80304
-0.762904
0.117144
0.788145
0.0610204
-0.54101
-2.88715
0.613001
-1.89971
0.326148
-0.690527
0.285007
-1.00142
1.78982
-0.0844327
-0.126643
0.133394
0.0128857
1.53648
0.156031
0.166585
3.73626
0.772433
1.28341
-0.974072
2.18518
0.28098
0.371411
-0.325494
-0.684877
-3.00096
-0.363886
1.94137
0.263344
0.136157
0.363407
0.646853
-0.224302
1.93088
0.92705
1.10679
-0.237496
-0.960686
-0.493931
0.277883
0.946274
-0.25672
0.350934
0.1517
0.04728
-0.180549
-0.655187
0.450483
0.40293
-0.0321288
1.10386
-0.248652
0.752164
0.868222
-1.74658
-0.30647
0.762085
0.224467
-0.554846
-0.984569
-0.635932
-0.742751
-0.194191
1.53523
-0.202383
0.00192503
-0.318302
0.391312
-2.5153
-1.22832
0.241233
0.731828
0.214021
-2.70685
1.8258
0.570051
-0.328083
1.98579
-0.220847
1.91672
-0.136544
-0.613759
-0.104212
-0.27776
-0.481
-0.462374
0.288573
-2.5886
1.17132
0.694929
0.860531
0.467059
-2.59817
-1.18425
0.501619
0.563072
0.69105
1.97155
0.424094
1.08984
-1.34821
1.34171
-0.142317
0.489655
-0.195418
-2.09229
0.595476
-0.961733
-0.251082
-0.573109
0.242614
-0.0978002
0.912012
1.74539
0.117441
-0.357819
0.584592
-1.25654
1.36271
1.21826
-0.374281
-0.160559
-0.777598
-0.748363
0.375472
-0.738821
-0.263355
-0.803872
-0.0172533
0.741815
-0.322696
-2.62356
-0.188876
2.56114
0.929007
-1.69235
0.173142
0.0049564
0.477736
0.141443
1.50904
-0.723373
-2.21331
0.998184
-0.309874
0.44474
2.68807
-0.513392
-0.919435
0.752247
0.0720335
-1.46538
-0.037945
0.705515
0.439199
0.109449
-0.0188584
-1.23178
-0.496371
-0.58124
-0.443818
-1.36799
0.316746
1.12733
0.680444
-1.29717
0.984514
0.257819
0.403663
-0.238047
1.50763
0.862576
-1.50537
-0.112139
-1.02091
-0.228577
0.627808
-0.532364
1.13204
1.0473
0.105623
2.31066
-1.26462
0.720927
0.971125
-0.580039
-1.27318
-0.23814
2.34734
1.24857
-3.5048
-0.277007
0.297601
-0.870304
0.0452954
0.22195
2.49096
0.872992
0.194358
-2.4533
0.0833054
0.867224
0.29072
-0.275312
1.19423
0.571363
0.280387
1.3978
-0.24761
-1.3307
0.291276
0.104909
-0.26947
-0.128748
-0.604377
0.635441
-0.139765
0.238668
-0.617623
0.0243652
-1.42563
-0.682916
-0.257615
0.502765
0.0913805
0.979253
1.33806
-0.0648251
1.38433
0.898093
-0.629904
-0.0286165
-0.100426
0.660265
-0.965653
1.05395
-0.0439356
-0.449776
0.261577
2.02099
0.81596
-0.428253
-0.643348
-0.435925
-1.02317
-0.946718
0.588299
-0.872228
-0.18898
1.65128
-0.56255
-1.153
-0.0501506
1.01397
0.203533
-1.38578
1.07913
0.207577
-0.0205996
-2.26855
0.95281
0.647701
1.93636
0.510439
-1.42358
0.165177
0.28847
0.437821
-0.433974
-1.0244
0.478405
-2.17527
0.323351
0.59125
0.990419
0.0913315
1.04253
1.14705
-0.36369
0.102571
1.17956
-0.704215
-1.61593
-0.288484
-1.37025
-0.404215
-1.47693
0.665984
0.876752
-0.806197
0.0227008
0.592907
0.743935
0.178396
-0.387498
-1.06386
0.807011
-0.836873
1.40578
0.790346
0.380379
0.182047
-0.250096
0.843621
0.169462
-0.0231795
-0.386642
-0.0730355
1.16574
0.439641
-0.300809
2.33128
1.39892
-1.19008
-0.545706
0.508224
0.111637
0.671054
-0.357686
0.0662289
2.18403
-0.171732
1.74568
-0.779672
0.432893
2.00862
0.375341
-1.86594
1.34486
0.714259
-0.437525
0.463896
-1.09432
0.271336
2.04121
-0.4017
-1.16229
-1.22935
0.68453
0.404607
-0.466355
-0.0440304
2.12257
-0.378181
0.181955
1.17049
0.567657
-0.560599
1.37597
-0.824384
-0.0512017
1.41676
0.484128
1.30263
0.262514
-0.170991
-0.335811
-1.53111
1.46961
-0.680267
-0.139386
-0.10348
0.531315
0.793413
-0.543325
-0.445241
-0.643826
1.42529
-0.00673532
0.307891
-0.675475
1.15191
0.032469
-0.54971
-0.298272
-0.54351
0.66287
-1.23141
-0.000345085
3.01184
0.142606
0.665426
0.768324
-0.0660993
-0.152824
0.667738
0.615577
-1.0254
-0.567858
0.778131
1.13141
-0.957477
0.0103398
0.402321
-0.826327
0.733168
-1.33526
0.540567
-1.44753
0.0949536
-2.76579
0.469099
-0.79669
0.370497
0.0570212
1.19684
-0.918508
0.0870511
-2.24889
-0.682303
0.542793
0.29238
-0.00733344
-0.256799
2.91414
0.402458
-0.872802
-1.81334
-0.10059
0.575549
1.14157
-0.235204
-0.559372
-2.29746
1.58269
-1.04019
-1.44924
0.346332
-0.288375
-0.916737
0.805624
-0.563266
1.60344
-0.184326
-0.180705
-1.24025
-0.522263
-0.554688
-1.5891
-1.27256
-0.675089
0.31735
0.66486
1.17488
1.68721
-0.545456
0.412183
-0.899197
0.12879
-1.76628
0.670103
2.39638
-0.154216
0.645377
0.0820583
0.397015
0.786421
0.671324
1.29903
0.671508
0.999496
-0.49361
-1.46694
-0.168498
-0.28197
1.82368
-0.229446
-1.12516
-0.775669
1.11976
1.20043
-0.499188
-0.0614769
0.422587
0.443182
-1.43454
0.000481039
-0.874455
0.844677
-0.593307
-1.0784
0.393723
0.829494
1.21504
0.14317
-0.842211
-1.49612
-0.120523
-0.352691
1.13289
0.705145
-0.397005
0.104628
1.20242
-1.4842
-0.247072
-0.361692
0.715157
-0.369698
-0.139513
-0.612517
0.162381
-0.464997
0.43236
0.989468
-0.567558
-1.11383
0.161589
-0.25379
5.75963
-0.196117
1.03739
0.685038
-0.238324
-0.0673155
-0.465545
-1.03321
0.529078
-0.271429
-0.542607
-1.49605
-2.66063
-0.381805
-0.344956
1.86093
-0.826354
-1.54083
-0.13741
0.753883
0.578804
0.460361
1.65031
-1.80233
0.565706
0.700011
-0.0457219
-1.0567
-0.191318
0.120197
0.343308
0.162065
0.756064
-0.00272199
0.471941
0.478968
1.08834
0.518681
0.326958
-0.497595
0.667809
1.02948
0.553518
-0.781081
0.752517
-1.09234
0.550554
0.406587
0.0590929
-0.727199
-0.165873
0.0118101
-1.03467
-1.18136
-0.317719
0.242461
0.113654
0.298955
-0.017545
-0.806165
-0.0439028
0.582424
0.337994
-1.1137
0.258721
-0.722452
-0.461033
-0.382854
0.0219129
0.24877
-0.751978
0.06914
-1.06181
-0.385455
0.474392
-0.504062
0.117415
0.35886
1.00147
0.246815
-1.18891
1.21512
1.63211
0.0442738
0.10503
-1.01885
-0.0873376
-0.546614
-0.0447871
0.902434
-0.555341
0.0839369
-0.421389
-0.265676
-0.53512
0.599317
1.10965
1.65531
-0.131845
-0.432173
0.281724
0.138395
0.0428385
1.15352
-0.00100451
0.103882
-2.4747
0.194217
1.04823
-0.763586
-0.134286
-0.222663
0.789559
-0.271216
0.107483
-0.0149202
0.541839
0.0552327
0.0473839
1.22966
-1.32192
-0.732765
0.919867
0.456343
1.15504
0.102585
-0.644597
-0.554692
0.78286
-0.079668
-0.591176
0.307791
0.27496
1.24185
-1.11705
-1.12958
0.44399
0.0855992
0.0136717
-0.896682
-0.328996
0.0485103
-1.47216
-0.142361
0.223296
-0.548503
-0.56603
-0.649384
0.405214
-0.0434887
1.61925
0.175517
0.683825
-0.607941
0.074496
-0.372427
-1.01638
1.52705
-0.453632
0.338606
-0.0913145
-0.299534
-1.48849
-0.366801
0.16328
-0.369169
-0.125803
0.109737
0.348584
0.258266
1.03845
-0.607296
0.443362
-0.0944255
0.500684
0.692337
0.172016
-0.641267
0.269819
-0.733429
0.0110469
-1.00833
-2.95261
-0.107241
-0.890289
0.125128
-0.445805
0.528189
1.33592
0.171209
-0.445189
0.94168
-0.612877
-1.1429
-1.33484
-0.34996
1.02828
0.131111
-0.15424
-0.909201
0.189262
1.01779
0.0662644
-0.557628
0.516576
0.231249
-0.53731
-0.710874
0.894902
-1.75187
0.546401
1.29671
2.37299
0.0833765
-0.893125
-2.3055
-0.0324382
-0.229436
0.393712
0.842787
1.59085
-1.60637
-0.536499
-0.423054
2.11049
0.211355
-0.675693
-1.85796
-2.13204
1.72617
-0.324178
0.072757
0.702929
-0.236882
-0.446061
1.09617
-0.929367
-0.582189
-0.561971
-0.349122
0.966777
0.226992
-0.416524
-1.08033
-1.25566
1.21858
0.101978
0.267302
0.506272
-0.49764
0.075957
0.135085
-0.28555
2.05414
-1.04237
-0.848701
0.596177
0.813433
-0.847653
-0.38988
0.183422
0.661228
-1.34643
-0.771315
-0.664796
2.97698
0.92463
0.545871
-0.185752
0.296127
-0.218698
-0.921199
-0.955162
-2.28884
-1.10906
0.904665
-0.561833
-0.103331
-0.472467
-1.28686
-0.0116813
-0.593332
-0.144302
1.245
0.540994
-0.820267
0.0294674
-0.121195
-0.54031
0.00736037
0.0524611
0.713978
-0.668738
-1.2159
-1.07182
0.514676
-0.269303
0.688819
0.390228
0.298423
-1.18619
-0.528364
-0.303281
0.763429
1.22
0.356718
-0.312941
0.212202
0.576758
-1.7506
-1.72784
1.06937
0.232118
-0.196854
0.650989
-0.0106678
-0.794132
0.150227
-1.34367
0.98302
0.0923663
-0.380944
0.0317889
-1.67699
0.220401
-0.207836
0.406596
0.456119
0.411381
0.323208
-0.583871
-0.633339
0.10379
-0.121391
-1.67688
0.368984
-0.75611
0.398921
-0.969957
-0.605298
0.456756
-1.33189
1.47785
0.204722
-1.60059
0.306591
-0.574808
-0.128977
-1.22683
-0.103881
-1.52544
0.914886
-0.865385
-0.327589
-0.0204982
0.56213
0.392745
0.16139
-1.95955
0.72695
-0.262924
1.15742
0.768677
-0.410843
0.438695
-0.764326
1.14308
-0.355287
0.140333
0.955356
-0.704721
-0.1176
1.01183
-1.07852
-0.376756
-2.01232
-0.621284
-1.46604
-0.023084
0.963471
0.324777
0.894453
-0.591987
0.601343
0.448593
0.747068
0.960356
0.00142143
1.08678
1.13499
-0.0426919
-0.703275
0.826823
-0.5344
-0.527638
-0.458177
-0.440612
0.918544
-0.169333
-0.119024
-0.055587
-0.690177
1.095
0.662802
-0.356881
-0.585523
3.30064
-0.230891
-0.0243308
0.48179
0.578449
-0.68024
0.82492
1.52698
2.03168
0.138795
-0.662306
0.147235
-0.921191
0.535536
-0.145583
-0.194802
2.29411
0.72179
1.55466
-1.27021
-0.18507
0.348166
-0.106959
0.687179
-0.147047
-0.296752
0.447484
-0.122833
0.517106
0.0819532
2.40167
-1.2876
0.435107
1.49195
-2.41533
0.932179
-0.730023
1.86452
-0.794168
-0.492824
-0.564588
-1.32327
-0.0397551
0.929924
0.859507
0.577992
-0.0013398
-0.483231
0.566366
-0.363214
0.494213
2.42644
-0.31358
-0.1454
-0.1679
-0.811605
-1.35281
0.0758467
0.751248
-0.667864
0.839807
1.584
1.55078
-1.65413
0.598176
-1.11398
0.569446
0.68545
-1.63102
0.154113
-0.524304
-0.331657
-0.105873
-0.347326
-0.734148
-0.0340054
2.52933
-0.353272
-0.259783
-0.589012
-1.02663
1.02736
0.282759
-0.661721
0.358957
1.44062
-0.259887
1.12847
1.08781
-0.28039
0.297029
-1.27442
0.457868
-0.460198
0.915963
1.02232
-1.08999
-1.30221
-1.28625
1.74948
-0.330815
-0.608695
-0.0410394
-0.0261778
-0.0865626
1.18913
-0.710756
0.360939
0.266315
-2.39592
2.06047
2.25234
-0.0397391
0.872744
0.261093
0.1704
0.3198
1.20161
-1.55199
-1.24604
-1.98885
0.635839
0.935298
0.250945
2.01866
-1.1094
0.017183
-0.745535
-0.684892
0.139245
-0.555391
-0.19141
-1.1162
-0.723083
-0.531641
-1.24449
0.595684
0.332571
0.111337
0.073735
1.49591
1.23595
2.15004
-0.556824
-0.778634
0.788007
0.465184
0.185066
-0.306995
-0.211002
1.48645
-1.14213
0.495158
-0.257652
-0.459108
-0.333027
0.304992
0.0728061
-0.990028
-0.496679
-0.891046
-0.142796
-0.0828971
0.0709038
0.10052
-0.954725
0.847103
0.533164
1.67043
0.35287
0.140265
0.248886
-0.355449
-0.754804
0.00296033
0.167646
0.570226
-0.69182
-0.0904508
-2.22262
-0.650268
0.594185
0.0997336
1.15437
0.771854
0.0154027
3.1858
-0.966156
0.49533
-0.45327
-0.589663
-1.16074
-0.343338
-2.45
0.101603
-0.490058
-0.245459
-0.645919
-0.449791
-0.414575
1.2744
0.934458
-0.835637
0.974012
-0.255292
0.744293
1.30918
0.895359
-0.409454
-1.50825
0.249822
-0.388638
0.561273
-1.65906
1.06769
0.444501
-1.67208
-0.403189
0.127846
0.636453
2.73037
2.57754
-1.4242
-1.14777
-0.207016
0.796568
0.712446
-0.727247
1.17434
-0.505809
1.48417
0.898458
-0.883336
0.391125
-0.596816
-0.608782
0.0308438
0.188157
0.0102368
-1.13201
-0.27137
-0.759371
0.947609
0.188747
0.756737
0.865023
-0.283776
0.0944834
1.98914
-0.136822
-1.22032
-0.283937
0.847847
2.12618
-0.232282
0.0986219
-1.04636
0.730578
-0.767759
1.23219
0.399431
-0.182731
-0.0627946
0.552499
-0.252387
1.06674
0.678588
-0.129415
-0.112353
0.0111267
-0.196515
1.10792
-0.244446
-1.24809
-0.388873
0.556929
-0.289224
0.43682
-0.0922586
0.570484
-0.538652
-0.420716
1.25151
-0.431568
-0.767264
-1.75899
-2.33773
1.12416
-1.09869
-0.236997
-0.379232
0.330481
-1.72384
-0.00488536
-0.0593964
-1.29374
0.0771516
-1.01785
-1.33451
-0.713074
0.594577
0.796779
-0.515627
-0.445636
0.306354
0.408244
0.786366
-1.19199
0.902954
1.84103
-2.15373
0.455253
-0.0700259
-0.203036
-0.424124
-0.0946648
3.35806
-0.219035
-1.00052
-0.142573
-1.65816
-0.308497
-0.0289476
1.34232
0.00657723
0.140873
0.0389314
0.459355
0.396869
0.868664
1.67377
2.31428
-0.469119
3.46372
0.774512
-2.64282
-1.04731
-2.26373
1.22915
0.402834
-0.014438
0.527163
-0.00573909
-1.7401
-0.277211
-0.110949
-0.0188608
-0.386332
-0.563575
-0.903145
-0.159446
-0.737615
1.58908
0.067392
-1.7606
0.255267
0.0687205
0.134009
-0.0912795
0.87502
0.542601
-0.97183
-0.44623
-0.631147
-0.0373035
-0.1944
0.0146325
0.417478
-0.729
-0.779018
0.313394
-0.293379
-0.187774
0.0717937
-1.14122
1.29877
0.852345
1.78372
0.544635
0.36307
0.709239
1.8779
-0.124129
-0.716614
-1.26113
0.310826
0.216796
-0.904029
-0.656604
-0.902262
2.022
0.207605
0.434779
0.728136
-0.312476
-0.296845
-2.82883
-0.233478
-0.652641
-0.399166
0.704963
-0.138619
0.616627
-0.515696
-0.129608
-3.06577
1.20937
-0.512826
0.811874
-0.145836
1.64649
-0.0862258
0.33008
0.313351
0.201192
0.281468
3.3076
-0.216191
-0.215448
0.425321
0.18173
-0.302371
1.06319
0.696747
0.673371
1.27728
0.259115
1.50646
0.184265
-0.203463
-1.00731
0.248195
-2.2929
1.05007
-1.41857
-1.17705
1.58469
0.466218
-1.78782
0.0739321
0.975731
-0.0427545
0.768474
0.969292
-1.05469
-2.07445
-0.660333
0.670381
-0.172977
1.22599
0.138272
0.230888
1.17883
0.168739
-0.193706
1.46804
0.707611
0.849391
0.757295
0.657186
0.242634
0.413513
-0.724671
-0.680984
0.0268211
-0.125113
-1.34684
-0.936011
2.24231
0.272694
1.97395
-1.22918
-1.11005
0.437961
-2.32478
-0.0546413
0.137553
1.50508
-1.12697
-1.2175
2.67417
-1.15078
0.126094
-0.157795
-0.437446
0.381025
1.8307
-0.46791
0.333814
-1.80555
0.118591
-0.0661499
-0.240888
-1.22241
-0.803651
1.39863
-0.178101
-0.186982
-0.0411168
0.792685
1.08386
0.541878
-0.647618
0.281486
-0.728397
2.25655
2.21862
-0.805676
1.21844
-0.504391
-0.0568507
-0.128893
-0.217398
-0.62544
-0.912475
-0.84432
0.656577
-1.21713
0.384373
-0.642149
-0.191072
0.761865
0.744002
0.542666
2.00022
0.907486
0.673774
-0.51872
-0.534997
-0.484795
-0.112418
-2.1799
1.54775
-0.945685
-0.272386
-0.191441
1.15295
1.8201
0.313719
-0.683551
0.222265
-0.299301
0.0101846
0.538001
0.100564
1.10482
-1.37292
-0.584889
0.663216
-0.287726
-0.827464
-0.107581
-0.640364
-0.0645256
-0.42631
-0.53109
-0.984468
0.735413
0.188312
0.444694
0.607704
0.0568136
-0.0842607
0.0134063
-0.168096
-0.535929
0.0826293
0.457379
0.753155
-1.68488
-0.2068
0.53832
-1.16603
0.263286
3.5344
-0.327386
-1.39527
-0.865928
0.169556
-0.583311
-0.47767
-0.56988
-0.595941
0.0593471
3.10834
0.325679
-0.0467788
-1.00804
-1.01041
-0.106636
-0.323081
-1.53221
0.831269
0.678811
0.843898
-0.0432317
0.584441
-0.236576
-0.246976
0.0407579
0.895607
2.43777
1.04106
-0.139605
-0.463827
1.13162
1.60682
-0.926742
0.694004
0.825203
1.08777
0.589877
-0.931406
-0.285101
1.28587
-0.270961
1.27896
-2.25578
0.0837773
-1.75808
-0.746141
-1.28035
0.473497
1.35532
0.283834
-0.193625
-0.846785
1.34834
-0.593805
-0.12634
0.844745
0.276409
0.0397418
0.847534
-0.430115
0.0133614
0.67514
0.716068
1.48912
0.388316
0.37264
-0.0189229
0.123494
-1.14353
-0.780455
-0.123008
2.59613
1.13411
0.31787
0.230202
-0.119689
-0.0590429
1.0869
0.660487
1.36589
0.757653
0.244051
1.2211
0.449555
0.96173
0.927127
1.14284
-0.190764
-0.522511
-1.93967
0.714864
0.0277725
-1.21599
-0.589143
0.541027
-0.138074
0.693418
0.0412909
0.412331
0.198155
-0.490345
3.2019
1.82278
1.21046
2.43405
-0.103016
-0.941847
0.161768
-1.26542
0.898226
-1.05855
-0.361751
-2.08702
-0.819103
1.04155
-0.845773
-1.01801
-0.364463
1.06304
-1.35906
-1.13807
-0.893163
-4.85509
-0.710442
-1.77003
0.404094
0.809855
-0.0677058
0.540854
0.0980663
0.746875
-0.353836
-0.20003
-1.18432
-1.05525
0.628304
0.873776
1.02286
-0.00316604
-0.0665841
0.0598282
1.03549
0.496002
-0.631288
0.454407
0.118202
-0.697327
0.570952
1.06
-1.33786
1.09808
0.841594
-0.0231097
0.098721
-1.13132
-1.81212
1.21078
0.358427
-0.172709
0.479305
2.25708
1.52206
0.831568
0.802291
0.226702
0.341625
-0.484459
0.400569
0.160481
0.525505
0.529134
-0.961349
-2.66326
0.186382
-0.147012
-1.2276
1.32431
0.0633235
-0.129125
0.814622
0.549341
-0.456054
0.896118
-0.0819045
0.756844
1.48073
0.0345479
0.901176
-1.35294
-1.22744
-0.583897
0.867805
0.157847
3.36035
-0.731072
-2.2926
-0.357304
0.245557
-0.0675282
0.463015
-1.56637
-1.25715
-0.729493
-0.353472
1.04836
-0.93323
-0.496159
0.451695
-0.529904
-0.392684
0.762294
0.663445
-0.389054
-0.553404
0.670475
0.942983
2.88286
0.878115
1.3158
-0.558566
0.398521
-0.344609
-0.36648
-0.324946
0.812117
1.62333
-0.572025
-1.15678
0.102387
-2.95398
-0.203123
-0.251737
0.463329
0.63791
0.162911
0.383322
0.827705
-1.69647
-1.3143
0.661749
0.112913
0.101317
-0.0211652
-0.0337214
0.752364
-1.48746
-0.0951844
0.680825
-0.608025
0.959371
1.1799
-0.902549
-0.751977
0.102394
-0.947923
0.495045
0.520326
0.00656248
1.64133
-0.65457
-0.147771
-0.32282
-0.944573
0.898068
-0.351988
-0.486434
-0.359629
0.547937
-0.292322
-1.32154
0.362588
-0.0852805
0.448854
-0.689378
1.02892
0.406015
-0.0220812
-0.285173
1.00839
-0.221725
-0.750411
0.516956
-0.842278
2.15418
0.0637207
-2.11871
-0.584565
-1.01829
-0.901133
-0.97225
-2.86497
-0.082247
-0.194679
1.05732
0.950739
-0.345055
0.405867
1.99648
-1.89624
0.333853
0.3643
0.510557
-0.119364
-1.46468
0.158926
-0.679853
0.480111
-0.502025
-0.717275
-0.237313
-2.86568
-1.63037
-1.21321
0.227734
-0.685451
-0.621104
-0.194911
-0.197615
-0.0911505
-0.595736
-0.299998
0.388445
-0.16235
-0.77845
-0.838859
0.555825
-0.00502319
-0.47489
-0.625577
2.39092
0.809881
0.921139
-0.162484
-0.453396
0.529459
0.243379
-0.719118
-0.461997
0.284672
0.909955
0.574689
1.27738
-0.848544
0.164315
-0.431332
0.341028
-0.738373
0.502637
-0.3073
1.75448
0.301969
0.708695
-0.998193
0.194974
0.741542
-0.0380942
-0.176746
0.639704
0.0793909
0.0217821
-1.38857
-0.215773
-0.65298
-0.224587
-0.243661
0.406169
-0.784526
0.393698
-0.415729
0.448789
1.61861
-0.188286
1.09612
-0.465597
1.95431
0.788914
-2.15746
0.00589659
-0.192572
0.508508
0.189095
0.422068
-0.668598
-0.386066
0.918468
-0.0294291
0.361592
-0.79985
-1.43746
0.0754165
0.209084
-0.465718
-0.0705689
1.26219
0.0781856
-0.161334
0.151379
-0.467896
-0.0984257
-0.0475748
2.35876
-1.9449
0.556428
0.420644
0.0908936
-0.69103
0.138179
0.423114
0.922628
-1.79165
-1.34776
0.422242
-2.03946
-0.125001
1.14204
1.21927
-1.29453
-0.110214
-0.682533
-0.563275
-0.223503
0.0677825
-0.00528233
1.65551
-2.81211
0.291651
-1.78967
0.042386
-0.126599
0.097283
-1.24071
-0.827981
-0.651189
0.0893802
-0.461089
1.4804
0.45944
1.27182
-0.510458
-0.444399
1.4877
0.154414
-0.62561
-0.304775
-0.415882
0.615377
2.45216
1.4572
0.590286
0.591384
1.54439
0.68906
-0.928583
-1.03186
0.0509472
-0.00206353
-0.673422
-0.451113
0.189093
-0.0983223
-1.60493
-0.235161
0.860508
0.978224
-0.601921
0.108201
0.120838
1.18681
-1.11922
-0.0796851
-1.23045
-0.278367
-0.978587
-1.00254
0.118709
-0.489801
-0.0402193
-1.83665
1.2555
-0.300427
-1.75477
-0.962042
-0.467436
1.19398
-0.396454
-0.435997
-0.968519
3.25396
0.776857
-0.204217
0.471647
-0.969118
0.945378
-0.983785
-0.18611
-0.660115
-0.130842
-0.495253
0.0478169
0.509903
0.596492
0.812553
-0.836756
0.225063
0.432356
0.368117
0.379121
1.71789
-0.243533
-0.147195
-2.28006
0.788253
-0.92962
0.622209
-0.775466
0.295826
1.63126
-1.92262
0.28028
0.343146
0.137913
0.39837
-0.891885
-0.780357
0.61791
-0.618661
1.0426
-0.835926
0.443446
-0.891664
-0.102503
0.197859
-0.165809
0.120677
0.525417
-0.927447
0.144949
0.227247
-0.594842
-0.305832
1.14623
0.0213762
0.987575
-1.15553
-0.239792
-0.000828802
-1.32911
1.45126
-0.995788
-1.10652
-0.148212
-0.938787
-1.10234
-0.57965
0.033213
-0.434197
1.46595
-1.33167
0.21087
0.676886
0.229281
1.46388
-0.205058
-0.483424
-0.433127
1.20251
-0.0450077
-0.51146
-0.975235
-2.99945
1.03181
0.783378
-0.304019
0.0891508
-0.200395
0.352039
-1.51377
-1.45447
-0.566858
1.39583
-0.466812
1.51048
0.593816
-0.0701164
1.68475
-1.33443
-1.01312
-0.317443
-0.207676
0.142564
-1.40361
-0.727403
0.803146
-1.53293
0.0771297
-0.934255
-0.869138
0.814316
0.712311
-0.444237
0.00496519
-0.280327
-0.475054
-4.54302
-0.735492
-0.0973866
0.0112112
-0.428361
0.804925
-0.844325
-1.40836
1.85807
0.637432
-0.673234
-2.10088
1.76199
-0.810965
-0.0398243
1.83926
0.479278
-0.488848
0.460998
-0.252068
-0.0910688
0.764071
0.22106
-0.331277
0.431447
0.569153
-0.340712
-0.172806
0.427741
-2.49067
-1.86028
-0.598038
0.0975844
1.40549
-1.08937
0.298229
-0.212187
-0.0524563
-0.10349
1.44897
-0.912748
1.09633
-1.12842
1.1414
-0.843736
0.229377
1.99057
0.393205
-0.613153
0.131854
-0.0162854
0.257279
-1.18614
1.47151
-0.114209
0.72728
-0.219289
0.095843
1.74557
-0.344791
0.20751
0.0379832
0.889488
1.12442
-0.415557
-0.481629
-0.0541854
1.12209
2.88955
-0.943648
1.41879
-0.181536
-1.62647
1.49927
0.688239
-0.163205
-0.91213
0.79126
-0.0708361
0.329716
-0.781477
0.584402
1.40648
0.520085
-1.05895
0.176193
1.03601
2.36899
0.961248
0.742094
0.399737
0.335854
-0.228015
-0.248421
-0.765399
-0.146147
-0.0115179
0.964854
-0.259972
0.84233
0.597915
0.896831
-0.274166
1.16982
-1.06427
-0.52078
-0.279117
1.90425
0.882634
0.527379
0.189404
-1.79121
-0.313024
1.47022
1.37198
-0.487349
-0.0885381
0.387502
0.400122
-0.672876
-0.0270752
-0.444914
2.06736
-1.18651
-1.00156
2.13394
-0.598916
0.10702
-0.535627
1.42054
0.443806
0.417786
2.18089
0.121528
-3.81146
-1.42929
1.0005
0.419192
1.28607
-1.67896
-0.0108621
0.545444
-0.59036
1.19205
1.64954
-2.33541
0.316215
1.47218
-0.143817
0.302759
1.40939
0.861061
0.55806
0.542698
0.63878
-1.00824
0.0650282
0.986695
-1.60242
0.0491356
0.0947773
-1.36035
-0.417871
-0.716222
0.817296
1.53418
-1.15024
-1.57669
-0.754764
-0.527966
0.190974
1.26806
1.60452
1.14967
-0.845519
-0.660547
1.00545
-0.915745
-1.50658
1.68952
-0.64286
0.00443199
0.182134
-0.977211
0.966935
-0.928801
0.670695
-0.363936
0.639089
0.0617146
0.0981703
0.391905
0.379015
1.8142
0.000534372
-0.841792
0.237283
2.94425
0.668668
-0.734421
-0.795944
1.6665
1.83016
-0.0074599
-1.31495
-0.426536
-0.743179
-0.444423
0.962015
-0.326742
-0.757802
-0.883388
1.11529
-0.769826
2.90589
-1.52995
-0.560009
0.464491
-0.0485365
0.142162
-1.2403
-0.945131
-0.272001
0.518345
0.732477
-1.64816
0.375292
-1.14923
1.28442
-0.668041
-0.98339
-0.270306
-4.04042
-0.340693
-0.103988
-0.0926898
0.978597
0.329755
0.803274
0.00891239
-1.67712
-0.521483
-0.608675
-1.38495
-0.689767
-0.108253
0.439713
-0.751319
0.984989
0.369134
1.39563
-2.80507
0.637402
0.034437
-0.681396
0.989268
-1.38372
-0.27994
0.89233
-1.53151
0.47429
-2.14532
-1.01964
0.880744
-0.526134
-0.290005
1.51487
0.583302
-0.0361437
0.279578
-0.175263
-1.02833
-0.0647962
-0.706181
-0.189279
-1.13424
-1.01063
0.142663
0.510947
-1.47873
-0.342279
0.20525
-0.187026
-1.72505
-0.97852
0.604082
-0.719336
-0.213354
-1.41923
-0.462881
1.11693
0.577563
-0.209349
0.391304
-0.683306
1.12861
-0.340507
-1.10769
0.378711
0.199592
2.10599
-0.190919
-0.850733
0.102742
-0.243903
-0.419496
-0.59404
-0.174497
-0.501207
0.0407902
-1.09727
-0.149814
-0.462452
-0.595086
-1.78246
0.363499
0.0695906
1.55213
-0.506906
-2.57592
0.111757
-1.58124
0.0459409
0.62959
1.33749
0.18298
-0.655816
0.78178
-1.19703
1.45441
1.60485
-0.470146
0.561882
-0.0459702
-0.239648
0.131133
0.235673
1.69911
0.083033
0.69213
0.230901
1.0135
-0.769371
-0.180486
-1.12863
0.595223
0.199018
-1.20355
-0.585268
0.795299
-0.860152
2.22914
0.0775123
-3.25858
-1.27289
-0.0423402
0.0618347
-0.683954
-0.242338
0.722658
-0.508721
1.13409
-0.435548
-1.79408
0.690088
0.596218
0.0324988
-0.376767
-1.47988
-0.339008
0.915603
0.337052
-2.57319
0.197273
-2.64285
-0.76381
0.145186
1.26594
3.15356
0.29007
0.99092
-0.67148
-0.376376
-0.398107
0.389541
-0.289538
-1.9302
1.45932
0.0288042
0.133061
0.727564
-0.714571
0.2288
-0.418432
2.63692
-0.359416
0.205094
-2.1887
-0.153202
-0.458291
0.216228
0.49748
1.38159
-0.177485
-0.0200726
-0.458022
0.179939
0.640004
-0.844606
0.285566
-3.70663
-0.0510885
-0.798919
0.682166
-0.210327
0.734139
0.999441
-1.29718
1.33138
-1.02128
0.855844
-0.065539
-0.0542475
0.274027
-1.32194
-0.340398
-1.2508
-0.69755
2.60171
1.45976
-0.265533
0.690295
0.339505
0.213973
0.745418
-0.575297
-0.37024
-0.850027
0.657871
-3.67906
-2.20732
-0.233225
0.838155
1.46539
-0.616431
0.555828
-0.323368
-0.812205
-1.30774
0.468545
-0.291123
0.79269
0.0304111
-0.438844
-0.189538
0.388533
0.158559
0.055221
1.30373
0.644756
-0.432239
-0.900616
0.482582
-0.227571
-0.357058
0.562332
0.0384919
0.384075
-0.721012
-0.249798
-2.13092
-0.76482
-0.469465
1.68634
-0.593576
-0.293827
0.0380144
-0.226697
-0.620177
-0.866141
3.45295
-0.120615
0.959099
-2.06639
1.54754
-0.756699
0.00638914
0.295206
0.32308
-1.21427
1.38295
0.286122
0.0061343
-2.29338
-1.45246
0.466658
-1.19709
1.63572
-0.0728363
0.754416
-0.155751
-0.075664
-1.82054
-0.873748
0.353417
-1.00922
0.25878
-1.71309
0.204746
0.848705
0.430735
0.150609
1.3745
-0.162007
0.0684239
-1.2442
-0.745243
-0.161036
1.26531
-0.501092
-1.40726
-1.76672
1.65984
2.66746
-0.285688
-0.0444768
-0.0746633
-0.315288
1.00534
0.315984
-0.502897
2.27454
-1.04323
0.957117
-1.71999
-1.18164
0.38116
0.199297
-0.910826
1.3593
0.744624
0.562948
-0.902814
1.13124
-1.01522
-0.906912
-1.68318
-0.496433
0.685474
-0.00998171
-0.776608
0.21812
1.5288
1.36262
-1.6872
0.8933
0.723306
-0.434958
-0.307419
0.103965
-0.78466
-0.756056
-0.786436
-0.190283
0.403225
0.658118
-0.201094
0.345731
1.47162
-1.13063
-0.153795
-0.018246
0.543517
1.16164
-1.12167
0.667544
0.807101
0.342831
-0.800572
-0.651319
-0.516948
-0.348632
1.3414
0.345144
0.615486
3.41529
1.24909
-0.973507
-0.603334
-0.541574
0.931289
0.343165
-1.54692
-0.391045
-0.793585
2.707
-1.41896
-0.756801
-0.081552
-1.24914
-0.332014
-0.012062
-1.04705
-0.23077
-0.163733
-1.08418
-0.262461
0.802848
-0.0523162
0.22435
1.23851
0.909994
0.116333
0.0658704
1.26383
0.358816
0.738185
0.909627
0.326421
1.15429
-0.45103
0.56226
2.65033
-1.06475
0.0793556
-0.457859
-0.106296
1.8136
-0.147451
-0.861164
0.788706
0.63141
-0.150998
-0.546915
-0.717686
-0.40739
0.0983319
-0.692601
-0.131118
1.11604
-0.584589
1.20374
-0.109321
-0.152743
-1.43936
-0.250897
0.9307
2.01209
-0.337351
1.77931
0.179329
-0.733129
-0.750103
0.0697426
-1.23824
1.22818
1.68424
0.70039
-0.759054
-0.0893758
-0.283365
-0.412106
-0.0236149
0.397292
0.57949
1.09242
-1.09575
-2.1681
-0.214681
0.132551
0.668698
-0.318387
-1.47422
1.4231
-0.618362
-0.182687
-1.15803
1.47577
0.147595
-0.905215
-0.620181
0.849855
-0.142716
0.766765
-0.77032
0.901307
-0.94481
-1.0046
1.0922
0.989982
1.12012
-0.956169
1.14728
-0.395009
0.487262
0.405387
1.42619
0.746665
1.98672
-1.09226
-0.614329
3.49932
0.350053
-0.387092
1.89791
-1.34464
0.645476
0.32916
0.161464
1.55795
-0.525745
0.707612
-0.662546
1.28792
1.03152
-1.06383
-0.401012
-0.783282
-3.04551
1.33589
-0.730521
-0.372224
0.451898
-1.87635
0.152008
0.512381
0.371066
-0.809392
2.16488
-0.171664
-1.22357
0.27364
-0.304722
0.517056
2.32567
1.43347
-0.0594323
-0.526039
-0.0338484
0.71389
1.49816
-0.00257515
0.489843
1.10197
0.610712
0.184484
1.65223
-1.44397
-0.134879
-0.332531
-0.275532
-0.927812
0.472999
1.90092
1.17278
2.45325
-0.495375
0.26104
0.415164
0.0424181
-0.617955
-0.406681
-0.921134
0.52731
0.182081
0.526645
-1.19416
-0.29901
-0.526632
0.449644
0.261296
-0.388549
0.211316
0.857212
-0.136792
0.899057
0.623052
0.540296
-0.942463
0.514926
1.27135
-0.57122
1.19149
-0.825326
-0.00207416
1.18457
0.947766
0.769639
-0.418818
-0.19341
0.949601
-0.0523526
-1.21469
0.59416
3.70155
-0.275753
-1.65121
0.817577
0.322701
-0.532281
-0.156544
-0.128644
0.156161
0.778956
1.2589
0.607017
0.907034
-0.39501
-0.3652
-0.590125
1.86475
1.31922
0.0703503
0.468174
0.675256
0.379752
0.600036
0.98284
-1.45594
-0.683372
0.344392
-0.24743
-0.90682
0.490161
-1.22816
0.639103
-0.373453
0.38096
1.70273
0.0843989
0.824335
2.08185
-2.31284
-0.429079
0.598493
-1.81043
-0.296374
0.0640108
1.62357
2.22237
0.161128
-0.623974
-0.0031475
-0.458694
-0.152537
0.76822
1.85282
-0.830367
1.284
0.430863
-0.444452
1.05799
-0.471546
-0.506283
-0.166055
-0.0507084
-0.0909595
-1.93311
-0.790459
-0.0260266
-0.0997947
0.128081
0.824353
0.359293
1.87258
-2.29283
-0.281888
0.041418
-0.835742
-0.505613
-0.593882
-1.24432
-1.10002
3.88817
0.15722
-0.00940211
-0.155107
-2.22711
0.7443
0.938633
-0.527011
-0.160598
-0.587341
1.4257
0.967478
1.36943
1.11789
0.837404
-0.182346
-0.865921
-0.15128
-0.414715
-1.89991
1.04412
-1.61421
-0.644293
-1.59148
1.13757
-1.63878
0.131615
0.207072
2.15731
-0.177888
0.157069
0.757333
-2.19947
-0.164003
-0.379704
-1.36656
-0.879113
-0.819672
-0.150243
-0.117692
-0.402353
0.925237
-0.138382
0.921518
0.657494
-1.09759
0.0627503
-0.677799
-1.65578
-2.48229
0.649354
0.277641
1.33071
-0.117335
-1.17287
0.707841
-0.494884
-2.4328
0.941356
-0.959802
0.391514
0.624868
-0.479851
-0.3966
-0.704808
-1.04596
1.58627
-1.76248
0.560018
-1.53667
-1.12983
-1.85806
1.11333
-0.24864
0.331037
-0.505203
-0.785722
0.73154
1.64512
0.333863
-0.204104
-0.365643
-0.637699
-0.416968
1.34561
0.312364
-0.337986
-0.723939
-1.82334
0.252544
-0.859222
1.15748
0.501198
-0.637209
-1.43201
-0.715026
-0.641452
0.242884
-0.515406
-0.266957
-0.374114
1.13021
0.412841
0.68141
-1.18936
-0.658003
-0.0516961
0.0138698
0.642362
0.183354
-0.764658
-0.843203
-1.13747
-0.639748
0.32414
3.50445
-0.375713
-1.24979
0.0426404
-0.294643
-0.176264
-2.49061
-0.375387
0.606715
-0.0552345
0.819854
-1.06304
-0.837087
-0.782585
0.272537
0.272331
0.27992
0.179512
-0.689422
1.03433
0.408429
-1.46116
-0.899477
-0.0208686
0.0364792
0.606395
-0.0265963
-0.434197
-1.05695
-0.241909
-0.852801
-0.147654
-0.396356
-0.0632078
0.266899
-1.45291
0.446128
-0.0662497
0.125755
-0.944584
0.920711
-1.02932
-2.21048
-0.227981
-0.521983
1.28641
0.0881589
-0.256637
0.347307
-0.247536
0.015868
-2.13931
-0.413802
-0.18268
-0.588207
-0.721419
0.0771076
0.231464
1.30754
1.15491
1.17803
0.82128
-1.19755
-2.44591
-1.55052
-1.53408
1.30928
-0.184461
0.307556
0.349807
-0.16511
0.0543565
0.543845
-1.57689
0.502
-0.367896
0.00363582
0.511801
0.498536
-1.42791
0.224602
-2.66542
0.0363818
0.425334
-0.159884
-0.824086
1.31593
0.673588
1.30909
-1.22283
-0.357766
0.351896
0.590968
-1.42438
-1.43599
0.426252
0.253206
2.57494
-0.436971
0.139818
-0.261842
-0.812456
0.838975
-2.26426
1.51029
-0.446111
1.38927
0.28381
-0.642888
0.728923
-0.956791
-0.401305
-0.071208
0.795822
0.719531
1.07612
0.231938
-1.20073
0.502122
-1.57012
0.480081
-0.974014
0.574948
0.393884
1.62277
0.131294
0.582814
-0.795359
-0.847104
1.04628
-0.0421442
-0.161621
0.40101
0.664657
0.889475
-0.288854
0.480789
0.426065
1.1896
1.1147
-0.812014
-0.574566
-3.44399
0.46423
-0.113057
0.860153
-0.116593
0.15597
-1.1157
1.46077
-0.668053
-2.14389
0.649656
-0.76495
0.125024
0.644923
-0.30005
-1.47206
2.07507
0.719809
0.209887
1.37973
-0.169563
0.179618
0.801503
0.010657
0.126015
-0.375294
-0.126995
-0.398874
-0.120423
0.861998
-0.966102
-0.4568
2.52894
1.11657
-1.20744
0.143279
-0.767672
-0.540912
0.0317251
-0.480545
-0.458918
-0.652077
-0.277973
1.29406
-0.0612396
-0.878008
-0.669837
-0.306292
2.05601
0.0614962
1.16375
0.571089
-0.601449
0.718974
0.550071
0.671636
0.515825
-0.539142
0.41047
0.378783
0.00415001
-2.38812
-0.291526
0.00581222
0.197098
-0.434551
-0.954287
-1.47112
0.779742
-0.179254
-0.665571
1.34894
-0.185552
-0.194216
0.103201
-0.39918
0.998673
0.154572
0.389202
-0.186355
-0.607464
-1.03123
-0.152923
-0.190426
-0.338918
-2.76506
0.0283615
0.374876
0.232167
0.338105
0.282533
0.404656
-0.20089
-0.245687
0.556647
0.227824
0.000876517
0.778544
-1.15549
0.109805
-0.886868
1.15553
-0.366107
-0.00143057
-0.104543
-0.438434
3.1193
-0.537086
2.5144
-1.06482
-0.632013
1.74872
-0.278082
-1.39253
-0.0156421
-0.379855
0.26883
0.362352
0.653484
-1.35012
-0.536307
1.44997
-0.290838
-1.14117
-0.380741
-0.754624
0.807076
1.12054
-0.903004
-0.47135
-1.38883
-0.144221
-1.15606
-0.108969
-0.0635304
-2.55798
0.129771
0.390612
0.381094
-0.614365
0.624982
1.35794
-0.0280672
-0.452396
-2.38897
-0.111658
-1.05572
-0.608424
1.34974
-0.438122
0.811571
0.309804
1.2478
-0.752878
0.0945688
-0.248592
-0.386192
-0.869524
1.21294
1.31966
-0.349529
-0.138466
-0.234219
-1.91572
-1.769
-1.42593
-0.963145
-1.01874
-0.731886
-0.46548
0.240477
-1.28074
-1.25571
1.28863
-1.41975
0.172096
-1.56343
-0.588576
-0.134895
0.548139
0.680403
-0.576218
-0.723402
-0.510104
-0.400532
-1.34161
0.859694
0.713211
0.957965
0.744688
-0.691621
1.99833
0.816822
0.528878
-0.388233
-0.186565
0.401031
1.42597
-0.00949233
-0.243024
3.10809
1.02355
-0.493367
0.161936
-0.881593
-0.126217
0.392058
0.484077
-0.146957
0.0461994
0.156007
-0.0991883
-0.495762
0.0828507
1.12808
-0.583866
1.41862
-0.580607
0.576436
-0.12635
-3.59018
-0.814874
-0.0196052
-0.144463
-0.0139877
-0.933169
-0.432486
0.447565
0.203776
0.490757
-0.0589022
1.33496
-2.23049
-0.755737
1.34646
0.0185723
-0.380437
0.228109
0.413994
-1.22576
-0.233746
-0.146052
-0.246826
0.714326
0.16753
0.0720283
0.0786862
0.55041
-0.499109
0.26842
-1.0286
-0.0276806
-1.30244
0.286553
-0.185554
-0.762133
0.953601
0.612794
0.122961
-0.000727122
0.500653
1.93243
-0.620268
-2.33331
-1.21266
1.15104
-0.987441
0.835859
-0.13896
0.104152
-1.17251
-1.44233
-0.196971
-1.16759
-1.77208
0.946544
0.141178
0.3366
-2.37484
-0.679539
0.529708
0.677636
0.201353
1.33434
1.65433
-0.669692
-1.00555
-0.230176
2.09137
0.59819
0.789919
-0.288238
-1.86246
0.993634
0.0657285
0.407061
-0.0913426
-0.867251
-0.784148
-0.490446
-0.566689
-1.66014
-0.368183
-0.620189
0.666145
-1.11398
0.529189
-0.834226
0.697025
-0.599975
-0.984486
1.01563
-0.94094
0.0581317
0.210403
0.0424062
1.19322
0.0689209
0.345627
1.6532
0.445415
-0.211936
1.49966
-0.0582753
-0.53755
1.20059
-0.0742563
1.66083
-0.101612
0.679744
-0.475305
0.776838
-0.240357
-1.98286
0.0701306
0.22423
0.415709
0.225786
1.48768
0.509675
-0.242922
-1.06669
0.0136023
1.7631
0.647789
-0.192804
1.01821
-1.03635
-0.517469
-0.775829
-1.50794
0.100433
-1.66677
0.335306
-2.1028
-1.23926
0.66507
-0.643936
2.97107
-0.115278
0.283499
-0.596071
-0.387894
-0.909732
2.49591
-0.289542
0.180391
0.112851
-0.302847
1.89379
-0.35437
-0.684186
-0.998881
-0.218035
0.137682
-0.742304
0.423561
0.184437
-0.178415
-1.05039
-0.0187601
1.26449
0.729699
-1.27582
-1.37499
-0.4234
0.266761
-0.106776
-0.739297
0.0313464
-0.744437
0.139496
0.0619613
0.851002
-0.276711
1.5048
-0.700045
1.01781
-0.831175
0.660638
0.152696
0.35497
-0.729636
0.434257
0.19308
-0.333317
-4.40542e-05
-0.888221
0.321279
2.09787
-0.245179
-1.42462
-0.902262
0.15454
-0.685113
-0.336443
-0.589777
1.35892
-0.0535307
0.0563819
0.00832952
0.262584
1.02339
0.00923813
-1.84856
0.686606
0.717348
0.401859
0.53804
-0.233278
1.20291
-0.11415
0.978177
0.493883
0.0510842
0.973742
-0.260429
-0.428704
-0.415482
-0.628381
-1.21655
-0.110642
-3.39797
0.280662
0.112717
2.89467
0.346884
0.385532
-0.125127
-0.30837
-0.59604
0.883478
-0.623866
-0.0861628
-0.145711
-0.214037
-0.61503
0.292684
-1.02612
-0.878753
-0.235679
0.221337
-2.4456
0.815149
0.272683
-0.826586
0.101574
1.13488
-0.883053
-0.0223263
0.722759
-0.621549
0.938212
0.831106
0.129402
0.963294
-1.0076
0.627227
-1.31058
1.36991
0.103704
1.64168
1.2746
0.186811
0.198108
0.183396
0.347774
-0.378713
-0.53338
0.417055
0.0797635
-4.21849
-0.881008
2.65947
-0.709492
0.239845
-0.0357191
1.17053
0.872086
-0.959167
0.0377745
-0.61676
-1.94581
1.11134
-0.632063
0.542438
-1.03336
-3.08548
-0.304379
-0.651046
0.366248
0.450891
0.149894
-1.66877
0.700484
0.890762
1.39029
0.396852
-1.39724
-0.346284
-0.105268
-0.357132
-0.334019
-0.45041
-1.45764
-2.13453
-1.92208
1.35624
1.03975
-0.360049
2.66601
-0.344823
-0.742313
0.240514
-0.44722
-1.35425
-0.383057
-1.7527
0.385352
-0.0995387
-0.714823
0.765969
0.400539
-0.318326
0.623441
0.132572
-0.246328
-0.568614
0.0227013
-0.237305
-0.967629
-0.568064
-0.0896938
0.621268
1.05474
0.766397
-0.336478
-2.00012
0.385963
0.501901
0.242518
0.61791
1.36584
-0.307418
2.26703
1.23595
-0.207907
0.35693
-2.24865
-1.54041
1.15922
0.0782482
-0.623704
-1.44584
-1.35161
3.71521
0.167549
0.473118
0.366867
-1.53422
-0.130156
0.536531
-0.768273
0.250388
-0.789315
-0.0441121
-0.385212
-2.16043
-0.394199
-0.124886
-0.379308
1.59323
1.78772
-0.391536
-0.229374
0.726001
0.0856576
0.538162
-0.381651
-1.06814
0.512189
-0.954195
2.89309
1.37985
0.178679
-0.79405
1.1207
0.642102
-0.242948
-0.320678
0.329473
0.283445
-0.311805
-1.8919
-0.504226
-1.11156
0.42861
0.554153
-0.283605
-0.591119
1.29952
-0.0278185
-1.23317
1.89791
-1.8357
-0.568334
-0.0473476
-0.0669738
-1.71538
-1.40794
-0.182451
1.94529
-0.688755
0.526796
-0.05139
0.702779
2.22995
-0.571918
0.312544
-0.13713
-0.138088
0.171216
-0.217615
-0.0537611
-0.377428
0.358411
-0.395524
0.50863
1.06789
0.0714539
-0.584175
-0.134746
-0.494033
1.42569
0.49729
-0.304814
0.167652
-0.527702
-0.738712
-1.68464
-1.18934
-0.0099028
-0.0426978
0.0875841
0.0323137
-0.904709
1.04908
-0.208529
0.508133
0.464458
-0.603647
-0.7025
-0.788781
1.30873
-2.36119
0.173523
0.643325
0.56862
-0.55737
-0.0885661
0.0324311
-0.675202
-0.696517
-0.187093
2.37518
1.05189
-0.502691
-0.91196
0.306128
-0.231173
-0.263726
-0.610849
-1.95281
-1.51608
-0.447574
0.535729
0.613878
0.161427
0.3614
1.413
0.33197
0.847451
-0.424203
1.23904
-1.10623
0.443094
1.90195
-0.0346737
0.111174
2.93143
0.57791
-1.3916
-0.388834
0.00875347
0.901127
0.423579
-0.286957
0.296899
-0.299261
-0.0901541
-0.943919
-1.09276
-1.15589
-2.3175
-2.07935
0.600441
-0.304104
-2.07286
0.203645
0.767437
-0.004715
1.29873
1.37751
1.2231
0.381275
0.897223
-0.4881
0.0617292
0.843618
0.0563319
2.34921
-0.615383
-0.300971
-0.105201
0.724499
1.66982
-0.582003
-0.310228
3.67167
-0.565529
-0.0757889
-0.285056
1.01666
-0.342329
-0.491285
0.715352
-0.808099
-0.623274
-1.11447
0.110859
0.330554
-1.37488
0.678158
-1.31578
-1.06458
0.102642
0.000918184
0.46154
0.564644
-0.85611
1.05044
-0.46455
0.0683802
0.928604
0.544169
1.96718
1.3053
1.75691
0.569892
-0.0275234
0.0965607
0.635501
-0.269978
0.995336
-0.414877
-1.02184
0.332899
-0.526995
1.31287
-0.0411913
0.561914
0.995168
0.607952
0.689649
-0.853769
2.00993
0.183786
-1.40503
0.272884
-1.93693
-2.12379
0.757042
0.0900333
0.177764
-1.28717
0.303619
0.846287
3.20473
0.593144
-0.184198
0.593893
1.55194
1.14029
0.341589
1.07626
1.3442
-0.14252
-0.833103
-0.9339
-0.48076
-0.589388
0.327187
-0.0438033
1.50025
0.274024
0.417118
-0.446161
-0.975968
0.173986
0.671883
2.99124
-0.831993
1.58773
0.141796
-1.30588
0.699044
-0.83936
-0.964555
-1.04042
-0.35514
0.198884
-0.897955
1.33819
-0.0875618
1.19964
2.39173
2.25654
-2.06248
0.136478
-1.2474
-0.63693
-0.615754
2.01869
-1.22277
1.29837
1.5983
-0.601247
-2.50795
-0.759132
0.216479
0.735993
-0.609414
-0.0994842
1.65381
-0.61636
0.380125
-1.00989
1.72457
-0.0693602
0.979769
-0.167088
-0.307129
-0.360955
-0.361464
0.248043
-0.492492
1.1476
-0.0379489
-0.0225348
2.94733
0.198593
-0.208039
0.0839612
0.959419
0.180865
1.15098
-0.00462989
-1.55501
0.431278
-0.613709
0.692479
-1.83441
0.295024
-0.545427
0.829082
0.103536
-0.107907
-0.0972558
-0.974156
0.433883
0.116325
0.634919
0.055293
-0.642144
-0.745632
-0.272927
-0.00730531
0.174527
0.259008
-0.00354732
2.8652
1.94079
0.880255
0.451616
-1.11905
0.612479
0.174845
1.57638
2.74515
0.275901
-0.978416
-0.0290853
0.308726
1.65541
0.6832
1.36172
0.206578
-0.126151
-0.467101
0.180548
0.750584
-0.919107
0.846591
0.529399
0.701604
-1.64794
-0.4828
-0.350509
1.61118
0.35515
-0.915114
1.09466
-0.413085
-2.15502
-0.185959
0.261863
0.151927
-1.49869
0.113777
-0.351554
-0.235555
0.388411
-0.933142
-0.356143
-0.744201
0.0517981
1.45365
0.0813365
0.60989
-0.121081
0.794915
1.67673
-0.0142781
-1.28263
-0.0321703
-0.384917
-0.37167
-0.393875
-0.158561
0.27299
-1.80859
-1.3403
-0.277324
-1.91059
-1.21366
-1.29236
-1.60457
0.541246
-0.507664
1.45535
-0.284035
-1.47567
-0.10077
1.25949
-1.80878
1.49616
0.1974
-0.20547
0.540051
0.809105
0.209247
-0.389762
1.12838
0.0889538
-0.867245
-0.519724
-0.114088
0.241931
0.0423994
0.0278616
0.654487
0.452197
0.53223
0.590649
-0.570649
1.3957
1.07923
-0.398662
1.15779
0.712113
-0.673228
-1.05443
1.01513
0.518328
-0.329892
0.331991
1.16481
-0.71149
0.442823
0.453563
-1.12051
-0.480924
-0.0112322
0.41435
-0.843763
-0.301203
0.623512
-0.0110209
1.10166
-1.12046
-2.00004
0.593241
-0.359182
0.646961
-0.143325
2.35723
-0.262601
0.0472763
-1.35033
-0.037054
1.10378
0.11669
-0.364648
-0.12008
-0.139116
-0.426194
0.650878
0.0632666
0.199292
-0.269099
-0.0330527
-2.34544
0.335346
2.57367
-1.01372
-0.260982
1.63384
-1.52301
1.16069
-0.0913371
0.263324
2.0056
-1.64273
-0.132714
0.751336
1.14138
-0.163094
-2.37739
0.0869023
-0.706593
0.346034
0.563671
1.20765
-0.755228
-0.162183
0.00456988
-1.23724
-0.593417
-0.302419
0.483437
-2.10958
0.892816
-0.186135
-0.192286
-0.413327
-0.0865079
-1.64071
2.46823
0.257907
-1.90694
-0.921022
0.447691
0.294108
0.875727
-0.582846
0.10952
-0.479796
2.1542
-0.728964
-0.11067
-1.2572
-0.757762
0.0168311
0.181132
1.2375
-0.838057
-0.705126
0.547238
-1.25109
0.121085
0.778891
1.2707
1.06996
-1.33168
2.84006
-0.0906445
-0.0719759
0.970581
-0.369042
-0.600496
1.98716
-1.14216
-1.42461
0.504669
0.0124705
-0.643972
-0.00112073
0.266986
-0.210126
2.24865
-0.320042
0.104134
-0.2425
0.0179224
0.771126
1.53301
0.70857
-1.65246
-0.16808
0.367661
0.20857
-0.810165
1.96409
2.42764
-1.56188
-0.593302
-0.0376504
0.758154
0.75449
-0.3807
-0.869418
0.421813
0.761212
-0.648744
0.91791
0.330357
-1.073
0.334851
0.146491
-1.08372
0.0532947
-0.332354
-0.806241
-0.399644
2.17709
0.467916
-0.231417
0.535883
2.13032
-0.73751
-0.615601
0.471186
0.134037
-0.626484
0.114747
2.56432
0.00776016
-0.00311005
0.2552
-1.08663
-0.472092
-1.28296
1.13188
1.06031
1.30132
0.242265
5.1227
1.14583
-0.773765
-0.471077
-0.0582747
-1.75097
-0.28635
-0.889264
-0.224619
1.27725
0.0947225
0.224723
-3.1654
-0.714946
1.13474
-1.40626
-2.66126
0.0405242
-0.0140873
-0.303875
0.655068
-3.32163
0.332627
-0.666393
0.263257
-1.13355
0.101752
0.989332
-0.900044
0.888766
-0.177947
-1.30888
-0.800864
-1.19746
0.0137848
-0.0735683
0.883717
0.612399
-0.119503
1.48552
-0.0164933
1.46882
-0.110094
-0.473387
0.494154
-0.516718
-2.43607
1.56375
1.02756
-4.52672
-1.46246
-2.60961
0.698656
-0.840531
-1.08387
1.52633
0.338852
-1.05329
-0.403344
-1.51725
-1.50353
-0.391024
-0.199503
-0.230795
0.0851107
-0.301052
-0.241042
0.335064
1.6568
0.965877
2.36284
-0.0674256
0.687943
-0.0714242
0.987823
0.361984
-0.23796
-0.0847863
-0.507033
0.0284636
0.514648
2.44677
-0.112345
0.409591
0.709224
-1.15891
-1.22395
1.69968
1.72117
-0.303345
0.12293
-0.401864
-0.268286
-1.16614
0.133376
-1.14713
-2.11928
-0.650282
-0.634748
0.0596622
0.368027
3.16435
0.481234
0.133586
-0.776517
-0.293781
0.0784168
-0.305705
0.224808
1.21129
-0.361974
0.192189
0.255336
-0.275257
0.138186
0.442883
1.91619
1.14895
1.74325
0.476713
-0.380886
0.462038
-0.723818
-0.64105
-0.0882095
-0.432542
0.277651
-0.426923
0.203549
-1.76792
-2.14665
0.0639871
1.04097
0.811761
-0.366332
2.54753
-0.0738008
0.56698
-0.0300188
-0.0422068
-0.712891
-0.166174
-0.0507089
1.0621
0.0100869
0.0413955
1.5034
0.310203
-0.431621
0.206705
0.481601
1.35453
-0.535417
-0.0676348
-0.197079
1.07392
1.76631
-0.419188
-0.012439
-0.0677363
-0.849436
-0.324732
0.371534
0.176448
-0.00210135
0.760695
-0.756692
1.69494
0.458844
-0.122662
0.0894974
0.772377
0.0814464
1.48829
1.16414
0.087933
-0.472993
0.371359
0.753522
1.27488
0.954413
-0.628657
0.448556
0.205296
-0.164759
-0.856518
0.390221
0.285731
-0.980704
2.12101
-0.493763
0.501954
-0.606851
-0.214123
0.254293
0.0072861
0.456532
0.216712
-0.165059
0.539316
-0.276732
-2.35725
-1.03665
-0.982956
-0.189461
0.375569
3.60364
0.872633
-1.09574
0.774035
-0.272382
-2.10392
0.526827
-0.08794
0.780306
0.400267
0.0834893
-0.130825
-0.294445
0.0386322
-0.168118
1.15687
0.293331
-0.145001
-0.487662
0.498502
1.1409
-0.494395
-0.223058
0.292636
-0.299904
-1.68725
2.25814
0.66491
0.15144
0.345642
1.74437
0.706369
0.707806
-0.630182
0.264995
0.629173
-0.11303
-0.00443944
-0.471969
0.391947
0.205248
-0.30757
1.46476
1.93373
0.44459
0.434407
2.99698
-0.376531
1.42992
-0.602588
-0.195612
2.25779
0.872305
-0.292361
-1.15922
-1.07464
-0.517312
0.188957
-1.95842
-0.309906
0.336208
-1.36187
0.129166
0.403525
-0.50849
-0.161912
1.54533
0.726663
0.217986
-0.432766
-0.165189
-0.607307
-0.624743
-1.23577
0.91115
0.168948
-0.336587
0.282739
0.237241
-0.38923
-1.4944
0.973568
0.00236427
-0.0432141
0.404737
-0.980376
0.469297
0.59011
-1.57046
1.05244
-0.847376
-1.57103
0.569842
0.280843
-0.07333
0.123984
0.180466
-1.67284
1.16301
-0.114729
0.539407
-0.792316
0.525375
-0.839395
1.08549
0.323899
-0.637928
0.95078
-3.19055
0.0172436
0.0794472
0.233888
-1.51061
-0.696955
1.0709
0.0305614
0.15762
0.0218834
0.930103
1.56132
-0.219052
-0.18097
0.529119
0.575754
1.39925
-0.201309
0.0770009
-0.435244
-1.00327
1.71971
-1.19884
-0.780246
0.300966
-0.400557
-0.846867
0.157337
2.86051
0.885452
-0.837706
-3.34064
0.212562
0.287492
0.135
0.451446
-0.183863
-0.295576
-1.18142
-1.2051
0.565344
2.33642
-0.0823415
-0.44771
-0.0155777
0.0607081
0.192984
1.00366
0.0319796
0.166974
-0.445218
-1.14974
1.19392
-0.884061
0.0746369
1.50133
-0.200962
-0.048848
1.61347
0.74693
0.12669
0.790118
-0.495582
1.44997
-0.0140391
-0.832653
0.522214
0.28197
-2.03143
0.012732
-1.3795
0.0960962
0.283689
0.901311
0.831258
1.94589
-0.420011
0.209692
-0.865125
-0.157252
0.829458
-2.00859
-1.25672
0.689243
-0.716999
-1.14614
-0.439142
0.871304
-0.526297
1.30918
0.727369
0.887989
0.932205
-1.63296
-1.16855
1.47176
-0.623809
-0.416873
-0.195749
-0.699429
0.184513
0.0973549
-0.027395
-3.36812
0.829478
-1.39574
0.122785
-0.941163
0.687306
0.168454
1.54825
1.02044
0.0900164
0.432812
-0.231867
-0.232173
0.814984
0.845632
-0.132321
-1.34528
0.0271
-0.755955
-0.176145
-0.0849398
0.681903
0.0786194
-1.18753
-2.04131
-0.337417
-1.35292
0.671513
0.731289
-0.998183
0.246267
0.0376458
-0.768002
-0.182932
1.42724
0.764906
1.53888
-0.522992
-0.706041
0.236259
0.0679655
-0.175486
0.803376
1.39873
-0.147424
1.58255
-0.28376
-0.692118
1.65388
1.68533
-0.0343092
1.19216
-0.167749
0.163938
0.48737
0.383578
-0.0385728
0.337349
0.211013
-1.40147
-0.00676908
-2.65843
-0.243008
0.155486
-0.094477
0.400523
-0.411444
0.855148
-0.644075
0.25455
-0.140273
-0.455533
0.0380481
-0.136
-1.21077
-0.926146
-0.359175
0.513712
0.264144
-1.20611
0.366221
-0.37974
2.9067
-0.558531
-0.586391
1.41525
2.46621
-1.51615
0.381678
-0.00799761
0.812454
0.959439
-0.330897
-0.637483
-0.685698
1.30615
0.0339253
-0.00328387
-0.386009
0.757907
1.1519
0.0642821
0.47159
0.65502
-1.54443
-0.282163
0.794392
2.42878
0.370949
-1.55488
0.0729617
-1.27543
0.519815
0.200283
0.758331
0.0516501
0.92684
0.164567
-0.0838746
-0.461311
-0.389332
0.57142
-0.581508
2.54451
0.104681
1.19946
-1.02458
2.78153
0.916417
0.0767654
-0.0341266
-1.13917
-0.0910166
0.54411
-0.652344
1.80357
-0.859082
0.981777
2.06621
0.40978
0.406416
0.342837
-0.25538
0.708509
-1.06042
1.61608
-0.0222078
-0.64936
-1.28175
1.27381
0.337167
-0.635966
-0.600443
-0.217792
-0.205078
-0.1476
2.17331
-1.42154
0.978605
0.490308
0.00742721
-0.554129
0.969824
1.44261
0.113073
-0.20272
-0.392595
0.552272
-3.65441
-0.471943
0.227948
0.574506
0.250102
-0.239128
0.563609
0.242022
-0.758913
0.823656
-1.15354
0.301683
1.86356
-0.721318
-0.00463413
-0.109686
0.448936
0.103111
0.601079
-1.18248
-1.49899
-3.03991
-0.37457
0.849274
-0.581253
0.0179957
0.212614
-1.19555
0.288455
-2.11506
-1.78838
0.5903
-0.872081
-0.0629451
-0.170589
0.329384
1.55273
-0.0740675
-0.816081
-0.928101
1.61748
-0.0372088
0.554649
0.098102
-1.03698
0.857097
-1.26822
0.516732
-0.517534
1.21935
0.431122
0.00450709
0.988667
-0.373346
-1.18163
0.00646886
1.10089
0.798347
-1.51815
-0.967608
2.2181
4.18548
0.942231
-0.27636
0.392697
0.140109
0.31289
-0.651281
0.810197
-0.623999
0.940319
-0.133361
0.0602715
0.358387
-0.737336
-1.50901
1.41056
0.268783
-0.216786
-1.22644
-0.342508
-1.23057
-1.16004
-0.640916
-0.567155
-0.734006
0.626708
0.147554
-0.301233
0.897963
-0.289434
0.126196
-0.935628
0.233678
1.94827
-0.329115
-0.426256
-0.226551
-0.676533
1.22589
-0.409397
0.218789
-0.110488
0.984578
-0.587648
0.379715
-0.658621
2.01213
-0.578045
0.711046
-1.04996
0.302882
-0.213057
-0.0814753
-0.158534
-0.395631
-0.21533
0.310387
-0.145023
0.72175
-0.532497
-1.27645
-0.385332
1.39941
0.535045
-0.928957
-0.341841
0.66576
0.824097
-1.52086
0.459661
0.172383
-2.39088
0.572642
0.497535
-0.371755
1.21968
1.46652
1.15674
2.58073
-0.170554
2.21255
1.02064
-1.41132
0.396018
-1.71547
0.156003
-1.1969
0.720374
-1.11562
0.454576
1.36517
0.782409
-0.382484
-0.870556
0.887971
-0.0877475
0.738728
-1.35773
0.226925
0.132027
0.331837
0.251269
0.833961
0.178276
-0.499472
0.521329
2.44257
-0.0517298
0.190962
3.10651
-1.25098
-1.0161
-0.319172
-0.0365939
-0.677445
0.432248
-1.63897
-1.30087
1.45816
-2.06897
0.962034
0.766119
0.404866
-0.0959054
-0.842283
0.163104
-0.359164
-0.378033
1.26708
-0.0480583
-0.116473
0.248534
0.889762
2.25451
-1.53857
0.94111
-1.98933
-0.200202
-0.539907
-1.36953
-0.174807
-1.07201
-0.159125
0.535324
-0.299611
-0.830116
0.236719
-0.606983
0.212703
0.600907
0.61946
0.962308
-0.464767
-0.448775
-1.26666
-1.64782
-0.796646
-1.0714
0.0149601
0.594866
-0.3316
-0.761792
-0.321062
0.578151
-0.568977
1.34231
0.505434
0.413018
0.694667
0.875896
-0.0902931
-0.18592
0.0711463
0.013143
0.810166
0.488898
0.114917
-1.16392
0.687268
0.624287
-0.204621
-0.39844
-0.316626
0.0299028
1.08176
-0.302402
0.375934
-1.69734
-0.185068
-1.3326
0.578595
-1.69723
0.931923
-0.0405778
2.28714
-0.94983
1.21525
-0.0409663
-0.504202
-0.902411
0.0378432
-0.206934
0.268317
2.54598
-1.08154
-0.300473
-0.617256
1.01024
-1.65327
0.0222397
0.884523
-0.734344
0.884713
1.30021
0.0554276
-1.32692
-0.455575
-0.0180079
-0.989176
0.271757
-0.140957
0.266397
-0.0203439
0.541616
-0.311708
0.744012
-1.51645
0.325448
-0.133628
-0.340568
0.975361
0.213849
-1.68286
-1.52787
0.293489
0.0885901
-0.903607
0.513325
-0.144238
-0.090672
-0.0862385
-0.469638
0.142145
-0.709231
1.45125
0.0980533
-2.70954
0.00820544
0.494046
-0.599007
0.0563544
0.572061
0.370225
-0.313955
0.746592
-0.68731
1.07786
0.189433
-0.629091
0.13221
0.228716
1.56832
0.571797
1.16032
0.243973
-0.564451
-0.535372
-0.0406306
-0.464406
0.374125
1.46963
0.467459
-1.66675
0.362837
0.536591
-0.0348914
-0.396491
-2.17128
-0.785846
-0.0558387
-0.459852
-0.039843
1.45382
-1.04277
-2.2804
0.906288
0.00917878
-0.282893
1.20858
-1.24849
0.0920666
2.51201
0.149695
0.549151
-1.35196
0.0521541
-0.794956
0.149002
-2.01618
-0.941591
-0.189995
-1.52584
0.0102564
0.0799131
0.946754
-0.00395384
-0.555864
-1.13341
-0.338048
2.60041
0.172037
-2.42741
-0.451726
-0.389125
0.985695
0.66672
1.30762
-0.892509
-0.404518
0.534339
0.684985
0.0698585
0.107556
0.766727
1.25466
-0.132906
-0.260529
-0.425767
-0.554257
-0.00988334
-0.0376937
-0.697612
1.37678
0.631114
0.767812
-0.958117
-0.761667
0.00315869
0.23377
0.159069
-0.339657
-1.81886
0.926441
-0.0256115
-0.771716
3.0863
-0.243278
-0.156159
-0.752256
-0.68827
1.16374
1.22112
-0.97733
0.182936
-1.28302
0.508379
-1.09911
-0.0772851
1.02906
-0.861247
0.314853
-0.231312
-1.96368
0.740517
0.553768
0.0972498
-0.168401
0.479292
-1.01456
-0.216013
1.30388
-0.712559
0.944645
-1.2659
-0.601156
0.830175
-0.208616
-0.112251
-1.34612
-0.250282
-0.064956
-2.30111
-0.0111418
0.820462
0.362389
-3.71825
-0.288701
-0.130481
0.22547
-1.5777
-0.943677
1.57502
-0.392353
0.146173
-0.621678
-1.07156
0.179942
-1.31426
1.08912
-0.832631
0.676998
-0.503174
-0.617434
0.592255
-0.0981146
-1.20337
0.181357
0.159222
0.337773
-2.17341
-0.992474
-1.21534
-0.259426
0.199534
-0.966142
0.339139
-0.38978
-0.871671
0.812359
0.12067
-0.690699
0.438132
1.18987
1.07725
0.765109
-0.356131
-0.0571043
0.020081
-1.4556
-0.281847
0.199556
0.80863
-0.0054604
-0.375495
-0.422389
-0.303229
-0.99979
0.406706
-3.1795
-2.75976
-0.939544
1.03818
0.0834593
-0.897757
-0.121102
1.18172
1.13055
1.11924
-1.28706
-0.754167
0.39594
-0.171742
0.178195
-1.30093
-1.00612
-1.67131
-1.22425
1.05712
1.19904
1.81309
1.25147
0.477681
-1.49616
0.546216
0.42995
-0.0268176
-0.124494
-1.40754
-2.10184
-0.388961
0.078319
-1.07848
0.845193
2.24357
-0.61054
0.247755
-0.55336
1.13145
0.0247671
1.69197
0.729266
0.177897
0.673536
1.92506
0.727828
0.487609
1.54095
1.23183
1.03855
-0.252562
1.25887
-1.51281
-0.100053
1.59827
0.390808
-0.745064
0.179615
0.702803
0.874174
-1.96859
-0.941169
0.199084
0.11745
0.066141
-0.0105861
1.97656
0.271305
-0.789523
1.29567
0.68619
0.0493456
-0.192971
-0.841996
-0.490564
0.352506
-0.803032
-0.874628
0.945937
-1.11113
-0.507634
1.98012
1.04392
0.215402
0.555588
1.28288
-1.2875
0.535515
-1.00273
-1.235
-0.739635
-2.10517
2.12356
0.0860753
-1.00589
5.00195
-1.29853
0.208979
-1.27453
0.191615
-2.36385
0.597038
-0.123846
0.407817
0.319099
-1.86847
-0.159786
0.54971
0.336186
0.335803
0.147675
0.455366
0.00893759
-0.801703
-0.895741
0.0563872
0.459538
-1.07394
0.209031
-0.241902
-0.0275878
0.174009
0.694529
0.541183
1.42206
-0.196238
0.922652
0.043027
-0.377516
-1.64288
0.91644
1.28093
-0.46873
-2.51564
0.869364
0.545624
0.354548
1.16747
-0.434748
-0.249772
-0.186151
2.17566
0.120893
-0.252673
-0.550707
0.534236
-0.158614
1.21757
0.207155
-0.603885
-0.377788
-1.87812
-1.32023
-0.743034
-0.350404
-1.7079
0.292313
1.13352
-1.61729
-0.275414
-1.36074
-0.631481
-1.14467
0.802204
1.04501
1.06365
-1.01062
-0.0194395
-0.354891
0.998354
-0.393
0.861886
-0.561211
0.859519
-0.970512
-0.232349
-0.266782
-0.609057
-0.457763
0.675683
1.74557
0.84626
0.13974
-0.549422
2.00445
1.87178
-1.84703
0.41707
-0.261755
0.304171
0.0313852
0.696824
0.619451
3.37307
-0.168795
0.197616
-1.91064
-0.097386
-0.972655
0.423378
0.214691
0.0269998
1.20053
0.33485
-0.0936521
0.265307
-1.1308
-0.980656
0.46488
-1.11884
-1.25981
0.27094
0.00877886
-0.167492
-0.0082181
-0.099833
1.61336
0.277616
-0.586865
0.173171
-0.604754
-0.507467
-0.853659
0.836862
0.417277
0.549773
0.0207395
-0.343996
-0.608283
0.913413
-1.40354
0.724541
-0.510981
1.04507
0.0356247
0.961507
2.40345
1.90853
1.80394
-0.129633
-2.96075
1.82767
0.226022
-1.45142
0.325674
-0.0111016
-1.02113
0.458618
0.334232
0.0455787
-2.50477
-1.2453
0.233402
1.9388
0.903668
0.808108
-0.699851
0.339898
2.01819
-0.9742
-0.889581
0.378452
-0.633855
0.399757
0.549064
-2.00534
-0.691107
0.821608
0.169604
0.518834
-3.04793
-0.279795
0.419097
-0.439813
-0.414328
0.366041
0.337924
0.299116
1.25394
0.290366
0.512843
-1.08243
0.680264
-0.1436
-0.816491
-0.796499
-0.780712
0.521571
1.26769
-0.385572
-1.05599
0.290528
-0.165268
-0.362597
2.72371
-1.11245
0.0386808
-0.352237
-0.373127
-1.03965
-0.806626
-2.21162
0.106034
-2.14322
0.109992
0.000101528
0.552795
-0.729041
1.2811
0.885767
0.37784
-0.333034
0.0841206
-2.21532
0.176616
1.03092
-1.02841
-0.203356
-1.46013
0.562967
0.291924
-1.88718
-0.486176
-0.259268
-0.355728
-0.391013
1.32656
-1.87105
1.26415
0.782707
-0.91872
-1.86599
-0.131895
2.57328
-0.917417
-0.736839
-0.609554
-0.409852
-1.97732
-2.97992
1.45987
-0.352844
0.070036
0.00741305
-1.15411
-0.353087
2.69852
1.39677
-1.16865
0.132237
1.37883
-0.477036
0.694835
-0.527386
-0.168207
0.0103869
-0.0166035
0.26951
1.57339
-1.13315
1.71273
0.0774652
-1.40114
-0.473151
0.843251
-0.0463957
-0.14577
2.77327
-0.835308
-0.75043
1.47396
-0.668645
-0.291572
-0.762167
-2.20707
-1.25486
-0.85008
0.062489
-1.133
-0.101327
0.537541
2.11014
0.381169
0.261021
0.209053
0.791855
0.503126
-0.372595
-1.65405
-0.404555
0.122363
0.845081
-1.66147
-1.23311
-0.106267
-0.45997
0.496085
0.101029
-1.9635
-0.286154
0.132015
-0.653069
-0.576574
-0.0263966
1.71187
-1.23723
-0.195258
-1.42952
0.0429579
1.76578
-1.12988
0.3602
0.373061
1.20519
0.591635
0.198695
0.621698
-1.2879
0.275812
-0.0393264
0.0946463
0.79294
0.34078
0.804117
-0.00991229
0.0718501
1.19301
-0.90739
-0.493017
0.186104
2.872
0.738723
-0.376497
-1.39138
0.105484
0.441773
-0.49235
-0.932691
-0.619707
1.2858
-0.633938
-0.373645
-3.64579
-1.02388
-0.00476642
0.53234
-2.38814
0.205547
0.163058
-1.50014
0.288382
-0.343817
-0.0743081
0.53607
0.478755
0.150772
-0.0733407
0.0493578
-1.16512
1.21184
1.1774
0.724877
0.574836
-1.40675
0.000409588
-1.78953
-0.850996
0.276271
-0.0742915
-0.176184
0.361076
-1.63249
0.0436277
0.273089
-0.492564
-1.24373
-1.44929
-0.212401
-0.389364
-1.3257
-1.32879
-0.419166
-1.09521
-0.809284
0.154593
0.321197
0.193213
0.686153
1.05675
-1.73744
0.399456
0.253233
-0.356499
0.358143
0.334049
-1.46946
-0.284925
-0.0501288
-0.267585
-0.924837
0.360227
0.115343
0.600839
-1.89243
-0.442107
0.277095
-0.206202
0.136858
-0.148741
0.711164
-0.510452
1.19606
0.344314
0.0903771
0.00817223
0.393834
-1.13399
-1.5621
-0.408208
-0.207555
-1.02787
0.118653
-0.620911
0.338487
-0.150663
0.391234
-0.383786
-0.338064
2.27938
0.637966
-0.054929
0.740206
0.533782
3.31583
-0.490718
-0.490507
-0.400896
0.403102
0.466494
-0.561552
0.811965
0.204962
0.603948
0.65478
-0.108988
0.494669
0.393474
0.584771
-0.780022
1.09071
-0.144869
1.43693
0.29048
-0.409584
1.40018
1.28355
-0.774446
0.113468
-0.483047
0.469286
-1.03107
0.104198
0.510486
1.08785
-0.916888
0.128133
-1.13011
-0.322776
-0.554698
-0.641816
0.48132
0.511375
0.181412
2.28851
-0.332193
1.26357
0.467024
0.170758
0.509658
-0.445689
-1.10773
0.91893
-1.06871
-1.30275
-0.0327228
-1.09975
-0.312196
0.0800841
0.452752
0.104677
0.685031
0.598444
-0.121101
-0.655437
-0.232865
3.449
0.564902
-0.221086
-0.807906
-0.512969
2.37954
-1.18422
-0.356498
2.40369
-1.9706
-0.252186
-0.71681
-2.67867
0.361123
0.423729
-0.885943
-0.49231
0.14142
-1.15271
-0.694786
0.42364
-0.249121
0.682941
0.291726
-0.610513
-0.433013
0.731783
2.28356
1.45673
-0.525423
0.0597259
-0.56458
-0.594074
-0.747165
-0.850105
-2.06349
0.326928
-0.811803
-1.12408
0.0652132
1.05502
0.580385
-0.368342
0.516484
0.754589
-0.301604
2.28767
0.175897
-1.98138
2.9294
-0.00631621
1.72146
-0.259704
1.06523
-0.167348
0.764591
-1.18531
-0.133735
0.906721
0.0769338
0.0273766
-0.564892
-0.525034
0.592328
0.150124
1.11766
-1.2028
-0.166009
-0.683739
-1.32776
0.512965
-0.134517
0.442227
-0.516427
-1.45868
-1.10418
0.361218
0.0223402
-1.34726
-0.484925
0.400738
-0.395688
1.14795
-0.0981116
0.567367
0.245985
0.223019
0.143113
-0.307605
-1.52068
0.779002
0.42885
-1.01433
0.559052
0.89065
0.0928745
0.65053
-0.576185
-1.06146
-0.163942
-0.347646
0.121138
0.58681
-0.0417141
0.548275
-0.342643
-1.31582
-0.0663262
1.69405
-1.66284
-0.57592
-0.326933
2.31091
0.546557
-2.25238
-3.21058
1.51428
-0.78383
-1.62203
-0.714364
0.883206
-2.08061
0.929327
2.29617
2.76892
3.96634
1.8399
-0.0694397
0.0999674
1.40102
0.195645
0.383017
-0.378269
-0.132122
-1.79252
2.50292
-0.188218
-0.146881
1.63918
1.33307
0.417909
1.00565
0.732674
1.491
0.37924
0.385724
0.812649
0.795797
-1.38249
0.547
-1.5087
-0.0480756
-1.00767
-0.660255
-0.350398
-0.439625
0.856286
-2.1098
-0.0982754
0.0766568
1.33778
-0.79139
0.440503
-1.07337
0.169504
-0.702836
0.813612
1.08576
0.0596231
2.06284
0.533746
0.0326457
1.53137
0.480712
-2.61434
0.0178069
0.833168
0.967586
0.645964
1.34931
0.489224
-0.0528789
0.0413837
1.47327
0.241029
1.22811
-0.17711
-1.09322
-0.578877
1.37759
-0.186769
0.733897
1.31008
0.0908555
0.977325
1.94501
-0.117575
-0.857393
-0.340777
0.393985
-1.39575
0.0345784
-0.0801893
-0.287721
0.779647
0.729612
0.466025
-0.0923059
-2.13496
1.09105
0.248816
0.271974
0.627487
0.278869
0.317289
-0.247394
1.44684
-0.161286
-0.423993
-0.131177
0.240375
-0.394569
-0.541036
-1.54758
-1.45852
1.92927
-0.14972
-0.526498
-2.00228
-2.25512
0.157546
-0.189627
0.209053
-1.56931
-0.480155
-1.42899
-0.117785
-0.622515
1.35674
0.871613
-0.726222
-0.507808
-0.40818
-0.288675
0.674601
-0.291878
-0.816857
-0.638603
-0.0244639
-1.20974
-1.12481
-0.0984079
0.198006
-0.820693
-0.488894
0.0385559
-0.202632
-0.0274586
1.32354
1.63335
-0.840337
0.00472653
0.24891
-0.344728
2.2503
2.09975
-3.22372
-1.74858
0.662415
-0.635197
-0.67791
-0.123817
-0.0929765
0.710025
0.238587
0.12625
-0.647916
-0.361994
-1.42238
1.83587
0.189693
-1.62069
-1.11806
0.486527
-0.440474
0.901843
-0.637072
1.02075
-0.419011
-2.16232
-3.64761
0.291837
0.64775
-1.2906
0.298228
-1.00647
0.877439
0.197666
0.946954
-1.10393
-0.237902
-2.08355
-1.02276
0.557517
0.679439
-0.150459
1.72984
0.523375
0.213229
0.485831
-1.62306
-0.918787
-0.873979
1.69584
0.516092
-0.369219
1.41192
-2.38768
-3.12401
0.0795653
1.63785
-1.6205
0.73461
-0.15762
0.445605
-0.288011
0.910885
-2.11959
-1.30448
-0.975543
0.776202
2.12973
0.0509503
-1.20117
0.875412
1.21429
-0.0140058
-1.0347
1.56229
0.339024
-0.590729
0.167463
-1.4349
1.28481
-0.340688
0.132226
-0.349845
-1.40312
-0.0288402
0.375412
0.768422
0.45407
0.369489
-0.257789
-0.547341
-0.652138
0.922902
0.283949
1.27959
0.627576
-0.132162
1.00852
0.227891
-0.28995
1.20622
0.212698
-0.557075
-1.13936
0.984746
-1.86215
0.0037109
0.426947
-0.237851
0.283006
0.0114054
0.262098
-0.0100502
-0.26115
0.390263
-0.252557
-0.0272059
-0.501809
-0.0250449
-0.308413
0.0661505
2.20692
-0.443354
1.51296
1.29146
0.0948306
-0.998512
1.13575
-0.814049
0.449673
-0.205906
-0.501881
-2.03418
-0.152608
1.28155
0.000683575
-2.26807
0.311475
0.198154
0.339247
2.4741
1.08575
0.178164
-0.0941624
0.192414
1.0642
-2.88338
-0.428746
1.23604
0.128672
-0.399319
-0.962571
-0.892295
0.270561
0.0295333
0.43609
-0.0771151
1.40082
0.987813
-0.38299
-2.25883
0.185592
0.0734984
0.269455
-1.15217
0.82619
-0.751966
1.37424
0.862823
-1.4019
-0.90866
0.623775
0.241044
-0.954798
-0.0930366
-0.722832
-0.0474345
0.169712
-1.35705
-1.38366
-0.252516
-0.830479
-0.859196
1.08465
0.628351
-0.00598319
-0.0267159
1.29554
0.9913
0.906984
1.13621
1.93421
0.213408
-0.305934
-2.59999
-0.00791076
0.53559
-0.104909
-1.53831
-1.01796
-0.32828
0.475359
-0.165767
0.437217
-0.982774
-0.811671
0.998618
-0.175169
0.865544
0.383655
-2.35271
0.310633
1.48483
-0.789273
-1.04645
0.230381
0.151722
-1.327
-1.45005
-0.473975
-1.49198
2.71691
-0.0831838
0.698536
0.107875
0.365001
0.933368
0.315626
-0.144905
0.674929
-0.188541
0.151031
0.344486
-0.642767
0.0571888
0.929926
1.43172
0.191504
0.335485
-0.513186
0.513571
-0.0989856
-1.41025
0.531956
-0.0412039
-0.726271
0.415175
-0.240666
0.456615
-0.424603
-0.332773
-0.424714
-0.523149
-2.94873
-1.06874
-0.273445
0.831967
0.168797
0.77631
-0.525901
0.0711063
-0.339772
0.246147
-0.541593
0.42389
1.29741
-0.25482
1.71997
0.901853
-0.547081
-0.903579
-0.0432559
0.97065
-1.4489
0.0751628
0.0208159
-1.51939
-0.360993
-2.13347
-1.23927
-0.403247
-0.856823
-0.76538
-0.419706
0.503633
-0.638108
0.184338
0.600688
0.946254
0.236977
0.722862
-0.264184
0.973742
0.330467
-0.456162
0.649334
0.64523
2.75593
-0.379359
-1.39376
0.633698
-1.41944
-0.260569
-1.10897
-0.325939
-0.0655139
0.563995
0.90612
-1.14699
1.07461
-0.203993
0.595185
-0.833286
0.42926
0.968832
0.425462
-2.03244
1.01445
0.341239
-1.07415
0.528011
-1.35256
0.358308
-0.806678
0.327325
-1.61131
-0.660043
-3.22974
-0.280306
1.69148
-0.227372
0.0950338
1.75548
0.137417
-0.0304518
0.096598
0.714638
0.26971
-0.0136191
-0.122646
0.895272
-1.06864
1.37921
1.05426
-0.423339
1.10051
0.987358
-1.87048
0.266768
-0.4094
0.3829
-0.470144
-0.481463
0.0277575
1.94304
0.979606
-0.328932
0.0400823
-0.534612
0.891829
0.813898
1.44169
2.30086
0.845911
0.389531
1.11982
0.888301
0.632099
-0.205362
1.28755
0.601511
-0.440225
0.675221
0.0634221
0.318426
-0.365768
-0.00755539
-0.0433946
-0.0280854
0.189688
0.0692101
-1.12106
0.400337
-0.7992
0.725636
0.327568
-0.128903
0.243629
0.125903
-0.1892
1.18228
0.528671
0.309614
-0.101188
-0.767871
1.92226
-0.925936
-0.821726
0.310797
0.328558
0.0772394
0.584913
0.183822
-0.129962
1.6148
0.705395
-1.46952
0.45946
0.547614
0.868353
-1.7397
0.646876
0.452782
0.659841
-0.307457
-0.681073
0.899018
-0.161866
0.84725
-0.793165
-0.0451609
-1.71662
-0.58212
0.386262
-1.34649
-0.612658
-0.280166
-0.306702
0.497973
-0.886527
0.748095
-1.19674
1.09454
-0.505162
-0.115817
1.31947
-0.660026
0.0331224
0.66207
-0.304788
-1.06756
-0.30645
-1.37114
-0.54867
-0.0363106
-0.5267
-1.90789
-0.819064
-0.267149
0.560764
-0.0972579
-0.503864
1.56834
1.11361
-1.01223
-0.15749
1.68093
0.379107
0.00782386
1.08252
1.30113
-0.934548
-0.155577
0.080975
-1.16305
-0.539731
0.55547
0.320638
-1.04178
-0.267735
0.52258
-0.236271
-0.197819
0.53192
1.20636
-0.0319436
-2.06736
1.49657
-0.0638304
0.865398
-0.118054
-0.197825
0.30729
-0.524804
-0.250336
-0.0685257
-0.559825
-2.33925
0.198504
0.440369
0.0644563
0.201491
-0.75548
0.422305
-1.10728
0.107151
0.772098
-1.24559
0.263424
0.527369
-0.201439
0.0547368
-0.219756
0.877428
-0.32202
0.208241
1.82579
-0.21051
-0.522195
-0.102884
0.244716
0.136304
-0.201066
-0.742288
-0.0428935
0.48731
2.36742
2.38692
-0.792327
1.61291
-2.46733
-1.01781
-1.75177
-0.659805
-0.208934
-0.269191
-1.76246
1.04152
0.0492062
-0.579426
-0.171134
0.461208
-0.866778
0.0700177
1.03258
-0.387738
-1.12389
-0.21128
0.709334
-0.102513
-0.210788
0.0300648
-0.355789
-0.0440078
1.35286
-0.191474
0.129653
2.84059
-0.463711
-1.04042
-0.279086
-0.125295
0.394158
0.57596
-0.17521
1.80028
-0.210941
-0.100127
-0.542316
-1.96035
-0.48051
0.505258
0.384811
0.189979
0.498192
0.739174
0.0402572
-0.69778
-0.822552
-0.15587
-0.450035
0.50498
0.105348
-0.17584
1.57095
0.554952
-0.0835654
-0.987083
0.0187966
0.476537
-0.562555
3.49857
-1.58945
0.307619
0.343234
1.20044
1.16671
-0.126227
0.457299
-0.412958
-1.26265
0.0256527
0.374028
1.19306
-0.33627
-2.00013
-0.656118
-1.0338
-1.05948
-0.575147
-1.42081
-1.6189
0.198468
-0.0643871
0.0308656
-0.155673
-0.221677
0.614611
-0.0539719
0.775902
0.927382
0.681047
-1.01606
2.12012
