-0.318541
2.68488
-1.3958
-4.71069
-1.3123
1.14064
0.258975
4.55153
0.51077
1.43638
0.0675018
-1.50935
0.145535
0.802346
1.07178
-0.775251
5.25625
-2.73905
-3.73527
-0.790221
2.75917
-0.234205
2.20957
1.15895
3.4692
-3.2325
1.94089
-1.45397
1.53224
0.926956
-4.25404
1.13686
-3.82491
0.747654
-5.05685
0.579404
0.602708
-2.20434
-1.42121
-1.88601
-2.48692
1.01644
1.14509
-0.96381
-0.428712
0.812657
1.64639
0.637579
-3.40865
1.06384
0.604193
1.79535
-3.53586
-1.72908
1.04957
0.803676
-0.566527
3.1543
0.296695
-1.59715
2.42707
-0.602551
2.76418
0.635084
-1.9595
-1.05296
7.36306
0.776244
4.43869
-0.734758
0.764489
-2.55752
5.54165
3.91849
0.00249114
0.477488
5.36352
2.07791
-1.45187
-1.65079
-4.52121
-0.170058
-0.159238
-0.422278
-0.0827676
1.82383
-0.281746
1.58056
-0.0862524
-5.55084
0.525689
-2.26023
1.27288
-1.15749
-0.184304
-0.628333
0.780824
4.3663
0.769843
-1.20385
0.654642
-3.25981
-4.27161
-3.40307
-1.01052
-1.15034
-0.325183
-0.215791
-1.20299
6.10064
1.72939
0.904437
0.611902
1.69371
-2.62184
-0.942251
-2.02422
3.74107
-0.468273
0.114602
1.07621
1.47844
-2.78643
-1.92494
-1.09065
3.33315
2.32444
0.265123
5.70267
-1.14865
0.141538
-1.40316
-0.541835
-2.12795
-3.36658
0.444626
0.820926
-1.53445
1.22698
-7.16353
1.51801
-0.818869
6.98496
0.367253
-0.8064
0.24759
1.31031
7.6586
1.14315
1.53467
0.0649404
-2.471
-1.44527
-1.65248
-0.26557
-1.48539
-4.04089
-4.67495
0.451108
-3.26505
2.49354
5.57565
6.05809
-2.13442
6.0187
-0.130121
-1.77726
3.50049
-1.06261
0.595815
-1.33954
-1.86762
0.153736
-0.919107
-3.09896
0.942585
5.4928
-3.55939
3.86953
6.32613
-0.748618
1.21908
-2.40924
-0.0435172
-0.283865
-1.64808
1.96139
4.10231
-0.670263
0.137319
1.74101
0.182751
-0.603932
-1.46675
1.16174
-1.55696
2.00171
0.380151
-2.43863
1.84404
-2.4066
-0.373418
3.97206
-0.342973
-0.146317
-3.26398
-1.75631
2.57507
-3.33882
1.70052
-7.61473
-0.496725
-1.6501
1.09675
-3.13571
1.14193
-0.626952
-0.731379
2.1092
-0.194288
-2.3725
3.11973
3.68651
2.36362
-0.461196
-0.703273
-0.430721
1.28723
0.880035
1.23003
1.05506
-3.85323
2.07434
1.88628
0.376129
-1.66222
3.08398
0.397377
2.27625
-0.431404
-1.08198
0.706951
-0.87711
0.519071
0.145937
-1.58125
1.73295
0.633832
2.47774
4.58422
-2.05242
0.788254
-2.52077
-2.04611
0.0320244
-1.1565
3.34022
-2.16245
2.97254
-3.08229
-1.0389
1.12092
2.31569
3.25111
0.767453
2.09009
-1.8074
-2.4437
3.23726
0.0438221
-3.46178
-0.571662
0.320121
0.00802241
1.79033
-0.0740954
0.300428
2.29911
0.255831
-0.521362
1.60775
0.349882
-4.47297
-2.74368
-6.64478
0.658954
-0.982312
0.126875
1.18484
-2.30284
1.47993
0.666361
-0.405108
-1.84346
3.46148
-3.56733
-2.81108
3.34245
0.632011
1.27277
0.159219
7.51044
1.47732
3.0813
6.6391
1.04263
-2.55047
-1.93316
6.83275
1.09796
2.58546
2.11726
-1.12202
2.2688
0.222989
-3.7014
3.97079
-1.42089
-0.5231
1.15327
2.94295
-1.58674
2.17246
1.49402
-0.240058
-0.944919
3.06856
0.787671
0.673096
0.963179
0.850958
1.47728
2.95767
-1.1938
1.56237
-2.4124
-1.17775
-2.31957
-0.639921
3.50115
-3.17516
-3.79284
0.834769
1.07807
-1.20019
7.06803
0.304897
-0.875464
-1.16824
-3.09913
-0.73259
0.381681
-0.519825
1.60765
1.68778
1.24941
-0.832388
-5.27649
1.04482
2.18665
-4.2041
5.92581
0.637009
3.5325
4.1679
-3.11205
-1.41484
-0.547664
0.718336
-2.13264
-2.17675
1.84945
1.47698
1.04933
1.01222
-3.71165
-3.62899
-0.425808
-1.70487
-3.91395
1.43715
-4.22664
-1.26648
0.728551
-2.21953
-0.903546
2.84771
4.33384
-0.577359
0.899169
-0.776584
1.54996
-0.305469
-2.12723
0.683707
-2.48328
5.68717
1.28505
-4.23382
-0.478158
0.0935893
-1.29865
0.826921
1.09503
-0.405965
-2.56402
2.4846
1.41754
0.75778
-0.930765
-2.42158
-0.444767
1.58776
0.356829
-2.07968
1.60079
1.37131
-4.095
-4.57591
-1.47126
-1.31201
1.7913
-3.32119
-0.863691
3.36362
-0.299874
-0.480261
3.60922
-3.30254
-3.08981
-1.01923
2.27306
0.294034
-2.9436
0.20848
2.50294
-0.209295
-0.783211
-3.27022
-3.11037
-2.49103
-2.2148
-2.36633
1.92555
2.24874
-0.946705
-2.34765
4.14242
-0.335405
-1.79283
3.65016
1.23232
-4.27465
-1.30415
1.00646
-1.3119
2.60159
4.91037
-1.24425
5.89159
0.34131
-1.38419
-0.20776
2.62953
3.88228
-0.955722
-0.150195
2.77458
2.85417
-5.14763
0.159591
-1.35706
-0.278783
-0.180739
4.23847
1.84689
1.82563
2.44898
1.85868
1.09914
0.469235
-1.20383
-0.209037
1.78365
1.69233
1.35575
0.164978
-2.55714
0.375986
0.460289
0.37359
-2.13866
2.48474
4.00737
-0.599539
-0.387756
-2.80789
0.710458
-1.99063
-5.47253
1.31509
-2.27346
2.16488
0.93996
-2.75583
-2.5645
4.04323
2.59042
-0.273871
-2.01513
-1.89257
-2.39789
2.1553
0.343994
0.241082
-1.44005
-1.71268
-0.24125
-1.2299
5.58894
1.95147
3.01907
-0.248587
0.0231967
-0.193343
-2.38303
-4.84964
2.34807
-1.63485
0.399161
6.01704
0.504563
1.62705
-0.320145
1.80724
0.947148
1.0708
1.88403
3.68728
0.401227
-1.84799
0.907264
0.0930343
0.141858
-5.36105
-0.760447
-2.05845
-3.63693
1.32017
-1.11657
-6.13442
-5.34923
3.75774
-1.70088
-0.0966795
-0.805427
0.910952
-0.213927
1.00232
-0.360113
1.31751
-2.38025
0.323867
-0.708421
-1.22183
3.84949
2.53269
-0.0774063
-0.778241
-0.255175
0.157677
-1.5777
-2.51045
-4.59614
1.94604
-1.21589
-1.5621
-0.562349
1.97622
-0.115741
6.97522
-0.616522
1.0621
1.04508
-8.3035
0.849015
-0.831102
-0.220153
-1.25817
-0.0814687
-0.459734
-1.29751
-0.453489
-10.2724
0.0690179
1.56327
-0.156332
-1.49284
0.474925
-2.54596
0.797144
0.00136146
1.25852
-0.300716
3.80546
2.0953
-2.29505
-0.318771
-2.0858
1.28779
0.405804
-2.04578
1.16137
-3.29052
1.37313
0.61311
1.38388
0.623014
-1.70985
2.05651
2.10305
-0.302341
-0.745132
-3.82394
3.57757
2.69137
0.690109
-0.18139
-0.138332
-0.779782
2.31151
0.656021
-3.38317
1.86651
1.5597
4.31122
-0.20078
0.402161
-1.87125
-0.862107
-2.06386
1.1501
-2.18334
-1.31402
-4.5989
-4.10711
0.880462
2.17137
-2.88739
0.0596702
0.398859
-2.13972
0.0547181
-0.191973
-1.80897
0.366934
1.44933
-2.95952
0.349464
1.65396
-1.78105
-0.402579
0.780227
0.452466
-2.89799
-0.657253
-0.506051
-2.02238
0.469723
-1.61035
-0.96676
-1.55213
-2.87007
0.659731
1.39127
-2.00354
-2.42575
-1.24249
-1.65128
-0.192731
0.681408
-0.220908
3.56428
-1.13949
1.89092
2.47138
-0.322432
3.38076
1.0569
-1.11402
1.14215
-0.897381
2.02006
0.106629
0.80505
2.00238
-1.2614
0.477906
3.96138
-1.52673
-0.712469
-0.522966
-1.07917
2.98095
0.205109
0.604343
1.97506
-3.21939
0.733216
-0.00788405
0.902319
1.00964
-2.33598
-2.17741
0.791977
0.208471
-2.13258
4.71985
-0.120679
1.14618
-0.968103
2.05051
-3.21948
-0.117199
-2.21615
1.89484
0.473668
3.39001
1.66781
7.42048
-2.31067
3.11595
-1.92014
3.20849
-0.0994628
-0.248589
-0.608145
3.36168
0.126882
-3.68156
-5.85347
3.90076
1.9393
0.960772
-0.601636
-1.00837
0.375524
0.510709
-5.35049
4.25352
-1.69211
-0.164136
0.964157
1.73455
0.535241
-2.4918
-0.701912
-2.30243
2.15625
-0.647412
3.54539
0.136085
0.927686
2.98222
1.66246
1.27971
-2.50954
2.84567
1.91161
-0.789092
2.33325
-2.05165
0.64222
-2.62234
0.411555
-1.38806
-3.11905
-1.6115
-0.0298054
-0.480234
-3.33616
-3.01696
-0.754002
-1.51512
-0.785052
0.311188
-4.63045
4.7658
-2.18631
-0.704774
2.28429
-2.10207
-4.29034
0.254402
-0.383733
-1.80613
0.557398
3.57054
2.31321
0.718873
1.68903
-0.486534
1.46324
2.92491
0.792561
-1.45827
1.27165
-3.76541
0.494626
-1.03037
-1.2694
2.33458
0.480773
-4.47346
-1.10736
-0.936955
0.353638
-1.79372
-3.89714
1.02756
-0.586951
-4.81055
-3.203
0.337579
3.71972
0.26777
-3.37274
-0.302139
1.05413
-2.19833
-4.31043
-1.66528
2.49185
-0.354186
-0.380437
1.67932
0.450212
1.03216
-2.1678
-3.77426
2.74643
-2.74013
-1.02676
0.126077
4.11356
-1.16209
1.73282
0.246358
1.29689
0.0781519
0.926544
-1.96357
-2.43808
-0.7671
1.97625
-3.22508
0.353551
1.83074
-1.14103
4.2071
-1.54139
-2.48146
4.30517
-0.229269
1.97611
0.156852
1.90495
-0.0443057
-0.866063
3.94085
2.31244
7.2151
-6.31817
4.04567
-2.93388
3.65859
1.83111
-4.07488
-5.11379
-0.511142
0.745659
0.357135
-1.73554
1.93561
2.6604
-2.01289
1.48309
0.638988
-3.02045
-0.929389
0.454717
1.55577
1.48669
0.403258
-0.457318
-0.221262
-0.0423844
0.166093
-3.12819
-0.313043
0.911376
5.32309
1.41116
-3.41388
-0.937634
2.09975
-3.34411
0.532358
4.70682
-0.0295787
0.896803
-3.26875
6.08954
-1.37112
0.464016
-0.897469
-0.0384889
-0.0806116
2.08559
1.60447
11.0336
0.482022
-1.66534
0.563437
1.44023
-3.19512
1.22246
0.360513
-2.61892
0.135483
2.70932
-2.8502
-3.48739
6.63654
-4.2923
0.320974
-2.87801
2.87283
-5.55697
0.454747
1.44998
3.14935
0.487321
2.9527
-1.87425
1.74878
2.28479
-1.21854
2.60436
1.81452
1.82135
-0.811427
1.24779
-1.1046
1.94218
-1.68684
0.345131
6.34421
-0.535984
0.670787
1.94742
-1.35986
-1.78238
0.764242
0.125532
4.13897
0.762031
1.1113
2.25815
-1.57791
-3.54897
-1.08405
-0.193335
-1.95116
0.561857
1.19521
1.40539
-1.99466
1.21495
-3.39445
4.29992
1.70622
-1.38118
0.290996
-0.876212
-3.59331
0.657625
-2.39689
3.53951
0.562772
-1.83486
0.905539
1.64812
0.275812
-1.13902
7.47569
-0.687779
3.05796
1.68499
-2.31654
3.97639
-0.180199
4.59549
1.19993
0.00379877
-0.861698
-0.343514
5.1159
2.66064
-2.43074
1.89001
-2.27217
6.52168
-0.820025
-2.62991
2.60897
-1.72941
2.03661
-7.14599
1.63808
-0.0738055
1.7269
3.2784
-2.60423
-3.18097
1.25264
1.26789
2.42718
-4.23304
-3.67103
-1.14658
-2.6389
-1.25669
-2.01773
-2.65981
0.606044
-0.21739
2.69009
2.34909
0.675393
5.23883
-0.73348
6.09739
-2.64553
-0.424542
0.307475
-2.22271
-0.0497095
-0.326284
-1.05167
3.49582
2.99073
0.601994
-1.78069
-2.27495
0.339558
-0.631463
0.82131
-0.0365717
-3.18856
-1.77904
0.234709
-3.01535
-1.69448
-0.948916
1.23149
-0.974771
-2.25867
3.51058
-0.145414
2.16626
0.81199
0.374767
-1.45048
0.283979
-1.99071
-2.22894
-1.09804
-2.92009
-2.21557
-1.86555
0.842185
0.0334756
2.80641
-1.9978
-0.0659775
-2.00788
-0.455964
-3.15539
-3.06873
0.846198
0.272685
-1.16015
0.0308698
-0.157909
1.5885
0.627114
0.209472
5.55866
-5.30416
2.79018
1.85639
-1.51792
4.41958
-0.8172
-0.910676
0.165113
1.52575
-0.780791
2.55017
-0.113155
1.97567
3.78815
1.32463
-0.589736
6.1161
-0.323416
-1.21866
2.76147
0.144046
-2.48824
-0.0353444
-3.92595
5.72867
4.09654
2.10925
-1.34114
1.10255
-0.503163
2.96459
-0.497178
-1.57602
1.91254
2.63752
-1.78496
0.51833
-3.1185
-1.15711
5.10745
-3.75352
-1.42089
-4.74956
-2.81653
-1.01203
-4.67732
-0.731412
-3.8131
-3.3148
-0.607962
-2.03392
0.456365
0.565482
1.5847
-4.75264
-2.18825
0.459286
1.62639
3.35905
0.540557
-0.14556
-1.89919
-0.740607
0.590022
1.82047
-3.62874
1.84586
-2.30682
-2.33514
-2.44899
-1.31186
1.86383
-2.55223
1.39653
0.00560614
-0.26385
4.43622
1.46584
-0.168399
-1.76971
1.47449
1.42711
4.36602
-0.801216
3.89186
1.86433
4.04148
-0.409772
-1.86591
-3.87303
-0.262978
1.11417
-0.602959
0.776684
-0.937894
-4.68499
2.65398
4.5525
2.82404
1.25355
0.933629
-4.01368
-1.30652
-0.811889
1.26224
-0.122725
2.1557
-2.94005
3.89984
-0.163745
-0.0625435
1.61828
2.08722
0.207444
1.54599
0.384639
-1.14287
-4.85505
-4.30007
2.88419
-0.267541
-1.65769
0.31949
5.32504
1.85848
-0.82245
-0.606752
-6.12165
-1.60118
4.49064
1.10824
-3.27411
-0.0799271
0.849019
-0.596582
-1.15396
-0.051645
4.97306
0.406688
-1.18646
1.04015
3.73557
0.740748
-3.59258
-0.442119
2.234
1.30926
-1.72498
0.751689
0.254974
-1.20323
3.39976
5.44042
0.746635
1.97334
-2.40958
3.04427
0.679941
1.23362
4.55455
-0.678136
2.27651
-2.51765
-1.28455
0.57383
1.56533
3.62289
-2.36592
1.56871
2.49787
0.0900552
-1.2497
0.366686
-4.11739
-0.726072
-2.34337
-0.577261
-0.421248
1.21548
1.09845
-0.10928
-4.6731
-2.2909
-2.26097
-1.75544
2.13422
2.58919
2.13928
-1.4998
-4.61572
2.03571
-3.60138
2.33225
-2.38763
1.03552
1.82481
1.41877
-4.51064
0.135474
-0.0311906
-0.510651
-0.531937
-2.22692
1.60939
-2.37472
-1.4223
0.422591
-2.10069
-0.113764
-1.22295
-1.43905
6.16459
0.808278
2.88909
-1.21247
-1.33767
-1.34433
1.59643
0.873239
-2.45211
-1.10021
-3.50503
-0.722366
3.86393
-0.965425
2.00275
0.273132
-0.0138212
-0.780129
0.132428
-0.57654
2.0971
0.54201
0.264269
-2.38439
1.87309
-2.19112
0.421119
-3.55204
-1.65501
1.10598
-1.09146
0.445492
1.70575
0.267602
-0.158748
1.38441
-1.01683
3.14537
-4.43943
-1.91811
1.36978
-1.70883
3.17486
0.437873
1.78758
-2.05276
3.09268
-1.89311
0.796124
-0.521417
2.34086
-0.96066
-0.271775
-0.668202
2.76907
1.40376
-0.297288
4.21077
-1.48497
-1.37812
-2.06654
-4.65988
-1.43782
-1.13847
-0.460882
-1.18589
0.694211
0.124035
1.31878
1.10696
-2.6767
0.487699
3.08489
-6.11366
-3.79059
3.90794
1.89442
2.20002
0.37684
1.02898
1.32945
-0.235553
0.108886
3.05034
-3.97789
-2.42226
-3.84644
0.455578
-1.76083
-5.98467
-0.622392
3.85162
-0.793994
2.56738
-5.1823
1.89535
-0.138216
-0.724967
2.97847
2.01072
1.41362
1.5647
-2.48357
7.45949
2.33051
-0.354647
-1.35286
0.065691
3.20964
-2.29104
0.563151
4.80113
-2.59173
-1.89828
-4.59683
-0.20538
0.288331
0.67104
0.104244
0.306784
-1.97317
-0.53654
1.48694
-1.64259
-1.38021
3.29279
0.00585573
-4.72422
-1.8758
-0.336639
-6.44589
-1.28167
1.74716
-1.02932
1.70651
-0.114472
-0.667935
-2.69681
-6.71499
1.47489
-0.652664
-1.0401
-3.17468
-2.22331
-5.14387
-1.51119
-0.0761676
-3.61772
3.77972
-1.06496
1.62949
-2.64396
2.01334
4.05346
-0.963333
-1.53349
-1.67924
-0.694194
-0.681148
2.11954
-0.767736
-1.99145
2.29869
-0.745405
-0.142767
2.41906
-0.95889
-0.397846
-1.04664
0.471231
1.56274
1.83617
-1.26574
-0.3284
-0.665039
-1.70578
-1.04246
-1.64105
-0.0873011
-5.45947
-2.01873
5.32345
0.736383
4.77984
6.94414
-1.91222
-0.776757
-6.22319
-0.31054
2.72803
-0.318905
1.01672
1.97456
1.76779
-1.7292
2.98498
-0.445819
1.37039
-0.695641
0.804326
-1.78794
-3.34
0.887598
-0.32122
0.29253
-0.265462
-1.35133
-0.0819908
-3.78142
-3.35818
1.11599
2.53554
1.96643
-1.97651
-1.32088
0.147674
2.21578
-0.227962
-3.50263
-0.396254
-0.0745727
-0.550199
0.668943
0.253294
3.31442
0.621307
3.04984
-2.13898
1.04763
-2.32905
-2.04275
-0.350064
1.15982
-0.376424
0.800932
-1.12816
-2.01937
-5.59418
1.06005
1.50072
0.923559
1.72338
1.37784
0.646028
-0.575688
0.419909
4.2443
-0.463361
1.20701
2.36228
4.11247
-0.225215
3.66033
0.581603
2.98412
-2.4562
1.11003
2.30951
-2.35967
0.941497
-2.26803
1.23142
1.43426
1.08759
-0.840295
-4.8709
0.0344155
-4.67893
0.500667
3.49551
1.76516
3.96533
2.91657
-1.86774
9.44504
0.805181
0.228766
1.76472
-0.0916058
1.21422
-1.21942
-0.365093
-0.475502
-2.33305
-1.56742
1.64582
-1.27376
-1.84011
4.60459
-0.167708
2.36316
-0.589274
-4.39289
1.4657
1.47446
-2.67446
0.152645
-0.687814
4.35809
-0.00968064
-5.8628
0.979671
2.56776
-3.94082
-0.880629
1.78775
2.48276
-2.61254
-0.947933
1.12327
-0.633968
-1.85066
1.42871
-1.76693
1.22524
1.82931
-2.24253
-2.40918
0.472404
-0.231669
-2.21081
1.24742
0.559669
-1.66225
1.39763
-1.20772
-2.95179
7.07705
-1.44615
-1.66959
6.64012
-1.02558
0.000341257
-1.37738
-1.85925
4.23319
-0.903754
-1.91058
-0.163669
1.34062
1.77178
1.54473
-3.49608
1.00716
-0.80972
-1.40559
-0.412992
3.86467
-1.14679
-3.15089
-3.8304
-2.58632
-0.867873
-0.424889
0.0489235
0.0117917
-2.0729
6.05457
2.51824
-2.11884
5.2956
1.6555
-0.517487
-0.26478
0.202854
-0.0976439
0.858766
0.803454
-3.57248
1.14124
6.24167
-2.57737
6.8172
0.758065
1.47899
4.05655
1.85958
-4.12335
3.53093
0.449526
-2.68586
4.54514
4.70874
-1.73566
-0.990496
3.415
-0.649438
0.643821
-3.43593
0.442444
-0.494011
-1.15953
-4.03005
3.65538
2.80555
4.2562
-0.160643
1.64134
-1.66783
-0.0332898
-1.12482
-1.12857
-2.51583
3.10231
-1.8774
2.54941
4.93846
2.94434
-0.939516
-0.0790955
2.30838
0.557624
4.81135
-1.75815
-0.416926
0.203331
1.31322
-2.89122
-3.82749
-0.829572
-3.29289
0.595643
-1.913
-2.74281
-0.132975
-0.143685
-4.61538
-0.414107
0.770178
1.97683
-0.194882
-2.21588
-0.889597
-3.95604
-1.30392
0.576924
0.450795
-1.55656
-0.172089
-0.226607
-0.666543
5.82587
2.73065
-9.24384
-0.492863
0.96222
-1.58444
-0.834312
0.041363
-0.965998
-1.09511
3.01074
3.22608
-2.4735
-2.82733
1.3154
2.043
-1.47219
-1.36981
0.318054
-0.336237
0.00857621
2.03996
-1.30403
0.495911
4.04351
-1.39531
-4.22142
-1.39061
-1.06364
2.83363
1.88182
-1.50696
-0.653583
0.527799
1.64528
-1.89984
5.5514
1.5569
1.15625
-1.53374
-1.20819
1.92746
-1.89571
-1.38584
-1.98934
3.23799
-1.36811
4.48443
0.930563
2.54275
-0.706444
-0.198311
0.849642
-5.51617
3.986
-3.93269
-0.274442
2.61833
0.358668
2.2071
-1.35394
-0.720193
0.0170019
-0.79872
1.6945
0.265964
2.94587
1.03005
-1.66022
1.12884
-1.31589
1.24284
-5.48179
-0.304818
1.12745
-1.97491
1.29477
-1.78718
3.35298
3.39185
0.451713
1.21267
10.4257
-1.60692
-0.188094
-0.524744
0.460821
2.95681
0.416992
1.83393
0.125267
-0.175158
0.946569
2.81217
0.916301
-2.28837
-2.5579
-0.75608
-0.896113
-0.963695
1.54812
-4.29353
-1.96143
1.61213
-1.77565
0.708961
-0.793177
1.6739
1.56063
1.22524
-4.69495
-1.58866
-1.68272
1.13253
3.47077
0.517709
4.19118
1.07384
1.53504
-1.75841
-1.3854
1.02244
-5.3533
-0.726121
-0.495685
-0.857575
4.16432
-2.09337
2.15781
-0.971777
-0.590036
1.26118
-4.29378
-2.30413
-2.16908
-2.09332
-2.0758
0.853728
1.64508
0.532272
-1.1725
-0.0472236
-1.79888
-0.401217
2.14638
0.990096
0.233814
0.110409
0.490178
-0.724795
-5.84272
-3.29521
-2.40517
1.79809
1.32392
2.09709
2.05113
-3.72582
2.64224
6.71289
-0.291703
-1.11038
-6.48546
1.24319
1.27401
2.0481
1.03661
3.86883
-2.19617
-2.805
-4.92818
-2.80943
-0.401003
-2.20633
3.2028
4.49308
-1.32485
-1.48824
-2.00039
0.687012
2.61012
-3.69413
-5.45879
-1.03874
0.646056
-6.71364
1.04939
-3.65574
-2.001
0.225486
-0.79437
-0.0578326
2.28063
3.00996
-3.34999
1.55048
-1.23257
1.85511
-1.5326
-6.7079
0.698359
3.08154
0.998845
1.53808
-1.10653
-1.49959
2.28185
1.47347
-0.716769
1.83814
-0.516256
-1.0317
0.740006
0.550117
-1.6034
-2.39954
1.18682
-3.2885
-1.7965
3.9462
2.39709
-0.293122
0.693966
-2.81093
0.278541
3.42767
0.0761891
0.194521
-0.118216
1.93565
3.24561
1.38614
-0.698075
4.48319
-0.34319
-1.8319
2.20595
0.482987
-1.92023
2.98773
0.639267
-2.16916
-0.065654
1.44277
0.128987
-0.0560432
-3.52752
-3.10683
-0.494795
-2.23101
-2.01812
0.947205
0.287566
4.05096
-0.348331
1.28035
-2.02484
2.77669
0.756427
-4.88094
2.24033
-1.83134
0.535494
-0.998538
2.63984
1.13852
1.75176
-2.18776
-0.430471
-0.214781
6.43484
0.678338
-3.56386
2.12766
-0.161275
-0.179685
-0.724652
2.36441
-4.25046
4.98162
-3.852
1.72187
0.256001
0.357106
1.13225
-1.01926
1.78591
-2.82347
-0.969292
0.708273
-0.607546
3.4378
0.268472
2.92249
1.13563
0.235254
-1.28344
-6.46716
-1.0632
1.44583
-0.0298478
-1.52493
2.40051
-0.576628
0.869754
2.05913
-0.823861
-2.96635
-0.940647
-0.557052
-0.508908
0.946785
0.986111
0.243665
0.114094
-0.827442
-0.443641
-0.214154
6.54937
-3.85705
-2.45358
-0.204406
-1.21715
-1.07479
2.62223
2.86674
1.986
-1.84069
-4.45731
-0.0544675
1.80357
3.73374
-5.1303
0.664608
-5.64466
1.88426
1.00235
2.3607
1.29347
3.29109
1.45322
-0.732884
-1.71888
-0.450622
-1.16352
0.901858
0.791649
-0.443396
-1.77258
4.91919
-2.8966
4.84237
2.18336
2.18241
2.32218
2.61208
1.46535
2.00157
-1.94167
0.420765
-2.44672
0.92936
-0.290815
-0.228004
0.572027
1.3944
-1.86056
-2.46885
-0.893351
-1.4423
-1.06159
3.522
1.99724
0.994692
2.08074
-0.37987
2.89749
1.62303
-0.38042
3.61608
-1.10961
0.392271
-1.15134
0.639567
-4.2856
-1.1979
0.870606
4.30283
-1.46248
0.094502
-5.61306
-0.598343
-1.34255
-1.47874
-1.23205
2.17522
1.36445
-0.26685
-0.654961
1.83359
1.5544
-3.55437
-0.0449093
2.75504
-1.44671
0.316926
1.72105
1.0036
-3.90981
2.14937
0.298504
0.73714
2.1586
1.50794
-2.14468
-4.00167
2.11457
-0.767795
2.08429
2.11152
0.451392
3.07598
-2.49797
-0.668289
1.39077
0.195155
3.6058
3.0659
-2.70751
-1.73441
-0.811569
2.03799
-1.27703
-0.213152
0.341731
4.19398
-1.8329
0.016655
-2.56761
0.105705
-1.80863
4.89371
-2.6441
-0.165997
0.329551
-0.529675
0.747179
-1.34974
-5.90144
-2.4073
-0.222166
-0.291083
0.507659
-2.11777
0.860453
-2.2991
1.92686
0.101683
-0.396144
0.592706
1.18676
-0.218153
0.144939
3.15711
1.82788
0.929722
0.738348
-0.18363
-5.81913
0.393677
-2.43258
3.00622
0.174122
0.768891
-1.63895
-0.481439
2.33838
0.52999
2.33759
-4.37185
-2.49755
0.576733
5.21689
0.15635
-0.338728
1.90139
-0.371753
0.0717856
0.329187
-2.49707
-2.68919
0.824
-0.202634
0.665214
2.67334
1.50508
2.81916
4.13974
-2.87812
3.37861
1.31374
-3.58776
1.84876
-1.68617
-3.79598
2.50302
3.99984
-0.587542
-0.230352
1.25646
-0.661605
3.77797
-6.22948
-1.97552
-1.51956
-1.43518
-1.0473
-2.83281
-1.94375
3.70328
-0.407196
0.780445
-1.29305
-6.0782
-1.0637
2.85126
-2.09237
-0.906887
-5.58994
3.72459
-0.936471
2.13062
0.399089
-3.93364
2.14866
3.47435
0.49304
6.11843
-0.747313
-9.28374
-1.10973
-1.85877
0.0383777
-0.228943
0.928324
1.6712
-0.0257442
0.44031
-1.02871
-0.083538
-1.24091
-0.713198
1.35292
-0.324072
3.90648
-2.18085
0.626279
7.05733
0.362308
5.40968
-2.0421
-1.40843
0.530598
-1.00176
-2.74479
-0.409555
-0.00964969
-1.4829
2.53451
-0.917017
0.637152
2.57492
-0.055334
2.14797
-4.93993
0.253563
-1.58978
-0.857533
-1.85432
1.21659
1.70398
2.27243
-1.19142
-1.27252
-1.09968
0.0999876
4.89657
0.0506507
2.30572
0.906478
-3.54758
4.85654
-3.51073
3.78227
-1.60914
-3.52384
0.0521132
-0.655639
-4.52278
0.53104
-1.29797
0.101964
2.42736
-1.44142
0.623861
-0.664774
5.19379
-0.7434
1.64381
0.778463
3.22356
-0.00159411
5.28642
3.62811
1.01565
0.392846
2.60279
1.17686
0.26892
-0.413463
-1.17692
-1.70589
-0.693917
0.939605
-3.85945
2.85844
-0.766886
-6.26757
-0.774208
0.538686
0.142019
2.95762
1.01266
-1.36889
0.563441
-2.23209
0.0394885
-0.324986
2.44953
6.07631
-2.29035
-2.39025
1.56551
4.42048
3.50677
-0.404768
-1.22301
1.28731
-0.983065
-0.76394
-0.647759
-1.58432
-5.10973
-3.89041
7.03165
-0.746617
-1.4707
-0.502013
0.50162
1.74486
3.16565
-0.70362
1.64334
-0.618967
3.57136
0.121442
0.592733
0.760034
-0.188022
-0.717201
1.62909
0.276228
-1.21585
-0.613761
-3.33857
1.04275
2.10043
1.44471
0.388167
-0.502643
0.249555
-0.714772
-1.4517
2.47739
3.83244
4.39982
1.03772
2.69537
-5.01773
1.94351
-0.307799
-4.16375
1.26184
-0.623844
-0.0049328
1.83668
2.38121
-1.44803
4.43631
-2.85092
-4.14584
-0.599359
-3.86526
-0.653993
0.334243
0.225954
1.50541
-1.04667
0.828089
0.651387
-1.1793
1.15066
-0.181505
-0.857501
0.11565
-1.29517
-1.93522
2.66633
-1.22495
2.9889
0.675894
2.24774
3.53835
-0.656354
-1.4109
-1.78401
-0.309133
2.25442
-2.85803
-2.61795
4.30895
4.61737
1.68405
0.940159
0.665669
4.94358
1.29216
3.35313
0.186862
0.165981
2.21686
5.22367
4.56143
-2.07019
-1.14133
3.26428
5.94873
-1.64562
-0.893
1.44781
-3.47261
0.0938522
4.81961
-6.28766
-3.27778
-0.805308
-2.09853
-2.13151
1.4384
3.80638
-0.198325
0.97914
0.970614
-0.706098
-2.30894
-3.22994
-3.13269
0.362787
5.37742
0.364925
0.373273
3.25052
-1.05569
-0.679983
-2.89043
-0.0186011
2.66682
0.334837
-1.07714
-4.24072
0.911178
2.19417
-0.916312
4.82432
-1.10774
1.35076
0.425545
-1.10027
0.485599
-4.28511
0.0863465
2.24677
-1.86222
-1.65381
2.3376
1.06928
-2.18617
-3.92782
-3.37178
-2.58787
1.17302
-2.3858
-1.64758
1.93902
-2.86946
1.04146
0.713617
6.01355
3.42221
-2.34473
-1.32554
-3.16601
0.379541
-3.45626
-0.0632036
-1.7592
0.34153
-0.394569
1.76056
-0.937826
0.350275
2.4098
-1.47378
-0.0966103
0.849684
2.80918
1.90876
0.216196
3.39722
-1.89639
3.02287
-2.69667
-3.52554
1.19293
-2.16389
-0.816797
-0.12499
-0.786209
2.15313
-0.885248
0.557262
-1.95053
-1.81886
0.549274
6.89593
-3.37429
1.12827
-7.44743
-1.84305
1.89429
-1.44677
1.06055
-0.829466
0.0174103
1.16522
0.77494
-1.36133
-0.91085
0.166226
-0.2177
2.61828
-3.35747
2.00944
0.617727
-2.78978
-3.13174
-1.60247
1.18162
1.10083
1.97083
-4.44905
3.04953
-0.748601
0.945285
0.134182
0.017648
-2.38434
0.308811
-1.39961
-4.98903
2.41053
0.462112
0.136959
-1.82164
2.2647
-2.64141
3.59244
1.37662
0.103424
-2.57194
2.62237
-0.029035
-5.01913
-1.3311
-2.39812
-1.1285
-2.46196
-2.90576
1.36233
0.113857
0.164877
-0.202605
-0.225519
0.725609
1.94017
-2.47154
1.33296
-0.838621
0.47925
0.235586
6.30161
-1.87243
2.12516
0.978131
3.7646
3.95844
0.440427
0.711864
-1.23733
-0.18451
-1.85932
-0.82318
-0.229366
2.63235
-2.8773
0.629619
1.66108
0.975657
0.447675
0.429822
-0.694471
-0.909675
1.36955
1.25955
2.99794
0.992272
-1.56902
-1.55954
0.982387
2.53591
-0.871034
2.87883
2.67821
1.528
0.330444
0.129575
3.35598
0.178328
-1.08999
2.56496
1.85259
-2.9624
-1.42915
0.086507
0.984673
-4.02512
0.226931
0.554591
-0.115887
-0.373818
-1.20104
-1.36527
0.051329
-0.913344
3.91933
-1.74224
-0.726123
2.61524
1.8761
-1.37109
-1.04946
2.36652
0.859119
-0.384569
-5.65602
-2.54507
-2.20262
1.34858
0.451719
-0.110716
2.06999
0.070143
0.846512
0.77099
4.36672
-1.29728
0.206806
-0.352655
-0.538305
-4.45683
0.41533
1.63342
5.53031
2.60248
-1.58621
-0.141715
3.46583
1.49471
3.44161
3.58861
0.127917
-2.18996
6.48286
5.62558
-0.106745
-2.02763
-3.52018
0.446848
0.123944
-5.05562
-0.226183
0.362281
-0.381356
0.909466
-1.09153
-2.62034
3.50153
-0.342357
-3.32431
-1.18594
-1.53051
-6.19918
6.89644
-2.4283
-0.31186
-5.45985
-2.02435
2.77407
4.30532
0.257305
-0.00699412
3.0426
-1.13152
0.00376095
2.3005
-4.57542
-2.56766
2.41727
3.31883
-0.383418
1.37627
4.3684
2.19859
-0.933435
-3.67406
2.6198
2.64562
-1.454
-1.82409
0.571355
3.34983
1.38585
1.97306
-0.854664
0.171294
-0.941269
2.91804
1.04923
2.42154
3.23725
-3.54036
-1.02013
4.50118
0.61954
1.33093
-1.92569
3.6839
1.4508
-3.22684
0.0153283
1.10741
-0.719428
2.93572
-1.7565
1.72579
-2.27287
2.46741
0.404161
3.34047
2.1321
-2.03212
0.729401
-1.04501
-0.50321
0.181152
1.97945
2.75724
-1.22743
-0.67256
0.941344
-0.186744
0.993476
-1.20691
-5.0589
-1.09876
0.536603
0.544056
2.52474
2.44333
3.26747
-1.7551
-1.64337
-3.13983
-6.67588
0.322795
0.302559
-0.337879
-0.43433
1.99145
-0.69659
-0.90491
1.07536
-0.142124
-1.59959
0.689311
-1.79455
0.200066
-3.33652
0.472797
0.752281
1.57802
-0.316506
-1.64899
-1.08197
3.83083
-4.60628
-3.98452
-2.89425
3.28546
0.0891182
-0.319385
2.48172
-0.235184
-2.33884
-0.0905732
1.5419
1.96408
-0.110189
-0.38359
2.44533
-1.07774
1.99216
3.62976
1.94294
2.58395
3.49001
1.38611
0.337127
-2.85445
2.61473
-0.441006
-1.50173
-5.39218
-2.19139
-1.2362
0.214776
0.00217382
2.48656
1.32847
-2.36844
2.95809
-0.628922
-0.554978
-3.79052
3.55966
6.60206
-0.836884
0.466114
-6.13515
-1.15013
-7.54774
-0.402354
-0.231181
-0.598186
-0.0193188
-1.53227
-4.07181
-0.406439
0.169695
-1.04872
1.77073
2.13043
-0.33038
3.96186
1.17571
0.103141
-1.55368
-3.42287
-4.87543
-1.76678
4.46076
-2.884
2.37263
3.4337
3.89943
-2.49537
-0.49351
4.64866
-2.47122
4.07145
0.790722
1.69955
1.6702
-1.56319
-1.08034
1.29953
-0.481911
-0.750591
-0.56422
2.1019
-0.990237
-1.24365
2.97049
2.18325
3.78632
-3.90675
0.0813117
2.19469
3.19844
-3.06296
-0.978064
-1.60019
-0.0714361
-0.30879
-1.13401
1.00705
4.99082
3.03157
-0.377128
-0.34141
-2.19981
5.20813
-2.82106
0.310735
-1.62558
-0.324322
-0.152172
-2.54555
-4.30046
-2.02051
-1.77427
1.39534
-1.53596
-5.62555
1.55935
-2.3
1.35473
-0.198694
1.01474
-6.70424
-2.51171
-0.223248
5.0907
6.4554
0.784455
-1.70798
-3.5787
1.22716
-1.53679
1.62545
-0.219744
0.181512
-3.26676
0.833353
1.53838
1.94626
-1.02699
-0.176583
1.41344
0.435763
0.698565
1.1968
-0.491182
3.12558
1.76657
-1.58523
3.84529
2.34559
-1.60788
0.563845
-4.40179
5.61535
0.387177
3.89126
-1.35682
6.33191
2.52898
0.185075
-5.3043
-0.966256
1.02234
-0.79281
3.53558
-0.717462
1.61652
2.33918
-0.315919
-2.76024
-2.28772
3.12622
3.60848
-0.437795
1.29858
3.9804
-1.53354
-5.92592
0.51197
-0.808148
0.5208
1.85885
-3.32058
-2.81129
2.94922
1.27709
-1.34786
-4.56483
2.75318
-0.807599
0.1957
2.15581
-2.06808
0.490524
-1.55621
-0.304552
0.524344
2.58873
0.101789
0.232603
2.38434
1.76715
-0.428949
-0.399111
-0.788719
2.327
2.56126
-0.701906
-4.77472
-1.714
2.11403
-0.572049
-2.49775
0.499337
4.70075
2.64576
2.00743
0.0442094
0.343794
-5.12415
-0.227811
-7.21072
-0.630206
-1.86388
-1.08908
1.05731
-1.95059
1.30146
0.0466531
-1.29863
-2.09746
2.47162
-1.24079
3.4075
4.86801
-0.904421
3.51837
1.88286
3.09759
-0.0720487
1.66358
6.77799
0.376035
1.57553
-0.114548
-0.00808489
-0.441552
-0.0260181
-1.04481
-2.08175
-3.77398
0.213381
2.20358
-2.92061
-0.7597
-1.59396
2.10466
-0.144119
-0.526703
-1.82076
-6.75363
-1.3701
-0.459792
2.10716
-1.93494
-0.835937
-1.72063
-1.30549
2.43751
-1.50233
1.29074
1.14942
2.05502
-1.93779
1.88119
-3.32159
1.76229
-2.92571
4.35287
-1.06308
-4.43034
0.643003
-2.41441
1.54097
-0.165177
-2.44661
0.631453
-0.326727
-2.68372
0.341188
-1.10321
-2.30302
1.80098
0.395964
1.27921
-0.912654
1.77625
1.15415
0.245728
-1.19867
-3.44165
-2.75366
-2.50082
0.242843
7.03936
-0.207188
-5.27133
1.88961
-1.20958
-2.30839
2.86003
0.267532
3.20696
3.26649
1.40104
2.21573
-2.80861
-0.279698
-2.22079
1.53795
0.827486
0.838547
1.43877
-0.975575
1.97174
5.16828
1.64895
0.106736
0.438705
-1.2519
-1.16048
1.2066
-3.35106
-0.076154
2.153
-0.297212
-1.8305
0.121804
0.0983523
0.301237
0.202211
-1.9469
-0.165057
1.05028
1.00493
-0.323173
1.6247
1.37452
-2.98708
-0.381313
0.442117
-0.95797
-2.83176
-0.427518
0.232418
-2.22499
1.27999
2.11646
1.1287
4.2505
-3.10241
0.740168
2.26767
-3.17209
0.713433
-3.72396
0.888937
-2.53459
1.4377
7.24536
2.06226
1.81434
-1.68317
-1.68402
-0.690426
2.03468
-1.44269
0.931338
-0.022658
-1.36599
-1.80595
-2.24295
1.03994
-3.8848
-0.626997
-0.563905
-1.89834
0.662861
-0.59073
-0.265187
4.68129
0.330928
0.225652
-0.624288
-1.08638
-0.93155
-0.824408
-0.546739
2.89459
2.7348
1.97719
2.68668
-5.85045
0.543319
1.78601
3.59627
-0.454494
0.491013
2.89284
-0.173044
-2.81855
-0.48691
0.45614
-0.468564
0.402021
-0.245805
-1.03702
0.600301
-3.08347
0.848149
-5.40575
0.551187
-0.989701
-1.77645
-0.626827
-0.0672309
-1.19825
-1.2842
-0.070144
-0.284827
0.467568
5.06171
2.44923
1.1
3.02694
-1.20895
2.09514
-0.557037
4.00872
-2.68584
-0.436236
0.208617
2.21483
0.0770042
1.40187
-2.20681
-2.026
-1.01277
-2.3648
3.26592
-0.43719
-0.803625
1.12924
-1.95464
0.273333
-1.60933
-5.8655
3.24595
3.87433
-4.25994
1.59774
0.362177
2.50909
0.372027
-1.61046
-3.06066
-0.566484
-0.0367454
-1.53086
-1.60013
-0.93746
0.229879
-9.26389
-0.82432
-1.79983
0.460225
-1.15389
-2.3051
-4.09245
3.13823
-4.52462
0.457907
-1.77672
-1.12971
2.00406
3.26994
-2.09899
1.78358
1.30219
3.23345
4.97478
4.13159
1.66537
4.8364
1.96907
-3.30498
4.66445
-0.671522
-2.80292
0.267917
-0.599819
6.45374
1.21751
-1.48831
2.76121
-1.87734
-3.31503
-2.01372
0.272573
0.35567
2.89814
1.20202
0.370338
-2.91701
-0.919847
1.50775
-2.54403
1.79418
-3.73451
2.87239
-3.05093
0.661086
1.72197
-4.22675
0.913566
1.97447
-0.844863
0.331582
2.6621
-3.34625
-0.183252
0.942135
2.58865
2.42348
-2.56534
-1.1821
-3.01177
0.356061
-0.656445
1.32939
-1.79881
0.00101333
2.0974
4.41987
-5.99429
3.2484
-3.08286
2.49566
0.250553
-1.15256
3.60662
-0.60201
-3.95846
2.78348
-2.41954
-0.0426595
1.84782
2.12248
3.32326
-0.980479
1.31428
-2.31591
-2.67011
5.02947
1.21769
3.18572
0.112375
-0.235522
-0.199666
-0.855538
1.6308
-2.01932
-0.421282
-0.504356
1.08815
2.39411
1.07529
0.741574
2.11191
3.40716
-0.410118
2.99706
2.67113
-0.618705
1.68099
-1.83533
-0.601947
-1.40768
-0.1817
3.61327
-0.615611
4.71422
-2.06645
0.529253
-0.628113
6.85456
-2.9187
-0.929372
4.11651
-2.01554
4.03575
-0.372112
0.355885
1.78722
0.0911197
5.77702
4.76292
-3.9527
-1.34121
-1.69615
3.86656
1.07076
0.204821
-0.588221
0.240023
-1.82735
-0.676377
-3.44383
5.03762
-2.00056
-6.77081
-0.874435
0.190479
-1.45692
-0.103762
1.14587
4.34035
0.227101
5.88382
3.92673
-1.59906
-2.78311
1.93231
5.11375
-0.0338919
0.129552
4.30987
0.268301
-0.483962
-1.75244
-2.75884
2.61291
-2.4773
5.33771
-4.74597
-2.93311
-2.61381
3.33297
3.73182
-0.992932
1.35687
0.213364
-3.27771
-0.411678
0.0852179
1.57251
3.44126
-0.237762
3.57935
-2.61879
-3.58976
-0.00244537
-0.989395
-2.80395
0.0493727
4.13221
-1.9028
0.492478
2.23673
3.55109
0.49686
1.89592
2.08171
0.608604
-1.5681
-0.978655
-0.465055
0.33714
-0.707179
1.78175
1.14832
-1.02438
1.91897
-0.21675
5.72929
-0.117872
4.87194
2.14363
2.27023
3.26978
-0.868794
4.75338
-1.41032
-0.953748
3.28621
-2.17466
0.767599
-1.79999
2.26264
0.692105
0.928326
-2.78499
-0.298555
-2.12256
-0.632798
-1.6349
-1.32538
5.16681
-2.4655
-3.30567
0.895439
0.24288
-0.642149
1.08613
-0.975019
-1.2055
-3.38405
-0.74379
-2.51285
-3.09477
-3.6086
6.28064
-4.26509
-0.316592
1.62684
-3.04221
3.6333
-2.50005
-0.595715
2.31908
-3.3472
1.08642
-2.49464
0.0814314
-1.60159
3.05191
-0.0549362
3.93305
-1.78092
-0.250196
-0.0755297
-3.39215
0.17824
0.697379
1.64954
-2.29046
-2.10459
0.0545965
0.372058
-0.737729
-1.78872
3.7979
2.90118
3.7145
-0.721606
3.1133
-4.58799
1.98856
5.90768
1.87953
-2.23166
1.59586
5.42069
4.70672
0.0833525
2.16429
0.757469
-0.771068
-0.641787
-1.11559
1.54712
0.992747
2.55367
5.43927
-2.58386
0.694878
-0.0774367
1.41076
-0.558399
4.26654
2.40302
0.319543
4.5445
1.39794
2.06146
1.97948
2.30565
-0.361248
1.06994
1.55524
-3.09934
2.86768
-2.87318
4.15335
0.538905
-0.206395
1.40201
-1.55116
-0.404025
1.78508
-1.4264
-1.22047
-0.0781387
-1.97133
3.24047
-0.760136
4.42219
-0.605507
-0.692839
0.490487
3.0826
-2.0295
3.58029
4.11555
0.835151
-0.266513
0.466029
-0.529181
-2.52377
2.48014
0.406308
1.27706
5.27361
0.987552
4.10079
1.11738
-2.68202
-2.28599
-0.977082
3.73728
0.770821
1.56363
-0.729238
1.05548
-1.73778
2.0828
0.650053
0.380386
3.0003
-1.62858
-1.15604
-0.0145362
-5.33849
-0.0941321
-2.04596
1.04994
-1.03779
-8.92672
-2.55451
-1.03177
1.82777
-4.10153
1.9746
-4.77567
-0.37598
-1.11588
4.57121
-2.19163
2.69867
-4.79566
0.360441
4.47106
-0.974543
-1.30165
1.59794
-1.01462
-3.13065
4.05714
-0.944591
6.24957
-2.92122
0.00197089
-7.31841
0.100662
-1.10117
-5.20192
-3.72208
0.551639
0.876919
2.28704
-0.936529
-1.59117
6.50806
1.72633
-2.09348
-4.19753
5.35136
1.61438
0.811592
2.01604
1.46469
-1.11439
4.0652
4.40737
-0.698622
2.63093
-0.332197
3.83668
-2.91829
-1.96433
-2.79632
-1.47207
-1.22412
-0.0528251
1.38954
2.44731
-4.30931
0.110029
-6.68809
0.492055
-0.808653
1.59635
-0.373834
-3.81865
1.17191
1.7738
-0.627555
-2.20871
4.50437
-0.0673917
0.845268
-2.06038
1.71275
1.13752
0.998074
-1.4413
-2.3323
-4.15263
-0.0909403
1.77678
-0.917955
-1.74099
0.864672
-0.479178
1.3455
-0.807176
-1.57092
0.559551
-0.679426
2.14049
1.97729
2.96517
0.983862
3.64582
-3.17321
-6.06897
-1.79769
-0.666378
2.19651
0.388108
-2.71839
2.77129
-0.303523
-2.78594
0.321349
-1.64774
-0.0283984
4.29541
3.83089
2.52548
-0.378003
3.7038
2.85826
-0.221614
2.37887
-1.28637
4.68274
-2.28172
-1.17078
-2.26597
-1.06674
0.285748
-1.62865
-1.20339
1.66112
3.85405
-0.776876
1.1449
-0.443908
2.23538
-2.0054
1.67974
2.02758
-0.643147
0.328402
-2.08812
-2.12983
0.376974
4.81212
-2.71756
-3.71107
0.255118
0.222511
1.174
3.33424
-0.352231
-1.93771
-1.49297
-0.0642797
-0.900322
-3.07521
-3.4282
-1.06207
2.64934
5.81422
1.69278
4.25176
0.363323
2.03234
-1.9598
-1.4764
-1.82963
-0.409389
2.454
1.85416
-1.00489
-3.00169
0.240555
-2.44765
4.58511
-4.21596
-0.183935
0.689952
0.671145
-4.9934
2.66777
0.29757
-0.0822196
3.84035
3.89128
0.309147
-1.98759
0.0608894
-0.150366
-2.58775
1.39232
-1.45218
-2.02485
-0.919686
1.81105
0.144299
-3.29504
0.913615
-1.92184
-0.100424
0.206521
3.97315
0.929523
3.04783
0.0212083
6.22551
0.977562
-2.18387
-0.213511
-2.96505
2.14997
-0.46324
0.0490584
0.31226
1.54879
-0.337162
1.25664
-1.18516
-0.11495
3.43171
1.66793
4.22295
2.44749
-2.06152
-0.352333
-1.23904
-2.21423
3.77311
-0.128948
-0.187713
-1.62155
1.63275
-1.1888
1.95822
-0.776967
-1.36862
0.39685
-0.934896
0.516426
0.807909
1.11417
-1.30371
-1.32067
1.00751
0.834181
-0.726775
-1.41497
-0.583519
-0.999302
-1.80965
0.683271
1.10848
-2.19468
0.349777
1.87969
-0.702823
-2.10823
2.12917
1.10943
-4.71444
3.00587
-5.27391
-0.921008
0.73533
1.19005
-3.95363
-0.449527
-0.814254
-3.61314
-0.385838
-2.21087
-1.35034
1.09912
-0.881671
4.55555
0.240637
2.4508
-0.629528
2.73475
5.27201
0.411741
-3.36307
-0.231027
3.45499
1.17331
-2.72774
-0.645484
-0.0740611
-1.91182
5.71409
-3.10568
1.4339
0.365807
-2.94638
5.18553
6.06457
0.834459
-0.44231
-2.41701
-0.349604
1.93641
-1.81941
-0.419161
2.01447
-1.10546
-1.96583
-2.13783
5.23362
-0.196588
-1.80875
-1.15503
1.88264
-1.43919
0.353552
-2.88531
4.16452
0.8747
0.489311
-2.97428
-8.63771
1.1504
-2.42009
-2.47605
0.0944562
3.02813
-3.08294
0.738083
-2.34671
0.905334
-0.194377
-5.67211
0.647951
0.111701
0.206138
-0.955828
0.324436
-1.46798
1.83009
-5.06322
3.07137
-2.87112
2.89011
3.6232
4.32117
-0.276733
1.14142
0.828051
2.87355
2.5065
-2.05436
-0.819241
2.41532
-2.23176
1.60765
2.84675
0.0282588
-2.25202
0.517907
0.834259
-1.61212
-0.0595139
-0.909176
2.54742
2.03235
-1.10151
2.11074
-1.11216
-0.654109
0.0943707
1.8771
-2.43201
-3.07481
-2.74717
-2.29395
-2.12659
0.218799
0.999194
0.461025
-0.335026
0.360916
1.21526
-1.84262
0.416511
-4.5024
-1.42008
3.8097
-3.83746
1.71681
-1.133
4.58349
3.27746
1.77786
4.06316
3.2447
3.93192
1.53418
-0.88546
0.626691
0.303606
4.72504
-3.51432
1.30916
0.116183
0.877145
-1.33349
0.076604
3.13654
0.115352
-0.404786
3.47461
-2.8136
0.765354
-2.51035
1.68226
1.83241
-2.06904
0.31542
1.68643
-10.6271
-3.05835
3.39407
4.22356
-4.08216
3.87744
-0.598099
-4.68701
1.1199
1.06391
-0.0981607
1.70461
1.44751
3.69144
-1.3721
0.898677
2.72373
1.73368
0.767704
2.225
-2.11142
2.72518
4.49424
6.34622
-4.7599
1.00601
-7.88208
0.925665
-2.35484
0.131443
0.425977
-1.8238
0.289103
-2.11011
-1.69017
-2.94675
0.489084
-0.789329
-1.84265
3.87052
-1.29563
1.11696
-0.741668
0.496678
4.27856
-0.179218
5.37866
-1.0787
-2.58979
-0.33519
-2.11507
-0.720282
-1.78464
-1.08596
0.490687
-3.00799
-4.17375
0.852516
0.758504
5.42182
-2.24125
3.51619
4.90203
-1.36528
-2.9034
5.39834
1.73596
-1.99148
-1.37897
3.1214
0.782206
-1.06777
-0.610835
-1.27858
-1.66372
5.61668
-2.10482
3.1863
0.0106809
0.640027
2.6122
2.58625
0.315161
2.37803
-2.37897
-3.02596
-0.491156
-0.455223
-1.07152
-0.474528
0.483989
-0.757241
2.63533
2.73122
-2.36564
-2.01976
-0.862238
2.18723
2.48749
1.84355
-1.38962
0.0624498
-1.96107
0.455829
0.177256
0.133519
-1.50183
-4.26798
2.87014
-1.16616
0.506546
-2.01687
-1.10414
-1.15632
-2.24375
2.84419
2.14177
-0.230372
3.04988
-0.0688196
-0.117923
-3.24345
-0.329075
4.22188
0.652409
0.670315
-4.10861
-2.73796
-0.746139
3.09822
3.00104
-1.77059
-0.244379
0.350305
0.968608
-1.41137
-0.424209
-0.638848
0.230482
-1.96691
0.931912
-1.80945
1.2578
0.316321
3.65717
2.9062
1.14443
-1.77602
4.88351
-1.76948
0.840243
-4.40789
-0.149044
-1.76083
-0.336003
0.135807
-0.562008
0.236351
-1.38114
-1.36045
-0.715118
0.261668
-1.8197
-0.132356
-3.07296
-0.736148
4.29206
-4.15583
0.667464
-2.16688
3.43743
-0.722096
-2.73403
-1.16561
0.46667
3.74921
-2.77177
4.4364
-5.07518
1.12862
1.5925
-2.2382
0.89031
-2.96701
2.33681
0.538145
2.48831
0.436649
1.65732
-1.34921
-0.793594
-3.00472
1.13744
-0.59118
-0.136618
-1.51469
-1.29478
-2.02693
-2.16845
-1.39238
0.0996375
-9.2532
-1.5577
1.37294
3.12479
-1.23648
1.0532
-2.93327
-1.70243
-0.169273
-0.144837
-2.53841
2.05372
-1.78607
0.489482
-0.496603
-2.44761
-2.25457
-0.619052
1.27335
-0.767067
3.83597
-3.0272
-0.217815
-1.49028
-0.63867
1.45474
-1.79247
2.13581
-1.10683
-0.0236559
1.1658
3.16554
0.0927768
-0.89084
-0.701132
-1.25442
2.21417
-0.998337
2.26723
4.24541
0.134494
0.661928
-1.94836
0.508899
1.65624
1.18144
2.91964
-0.854627
-2.39336
-1.75546
-0.544971
1.44497
0.946851
4.23368
-0.421488
3.47493
-2.7545
0.703459
4.81891
-1.1634
-0.696139
1.024
-0.933272
2.35063
3.2865
0.280066
-2.72686
-0.226622
0.325235
-1.23062
-0.429101
0.0176527
-3.05259
2.02636
-4.69312
0.493452
-1.5921
-1.86198
0.330022
-1.15025
2.74727
-3.88975
-1.97607
-1.83527
0.709801
1.44195
-1.16693
1.30632
-2.36008
0.748165
-4.59749
-0.469889
2.9362
0.335675
-0.111506
3.15351
2.76971
-0.728372
-1.1351
-1.18758
-0.6767
0.4709
-0.100003
-1.20789
2.48586
-0.611877
0.975901
-0.0462321
-2.90418
-1.1113
1.38117
-1.33989
-1.72955
-0.581299
0.346879
1.21233
0.870021
0.281166
-0.504476
-1.1408
-1.57633
0.471201
2.78564
1.51809
2.19725
0.249228
1.20272
0.422319
-2.76587
-2.83754
-4.59842
4.04603
1.3805
-0.384064
1.59319
-0.84227
-5.94146
-0.534028
4.15675
-1.36319
-0.407206
-1.6182
0.889363
-1.08421
1.85176
-0.168485
3.24536
-0.33456
-0.174563
1.75686
4.2588
-0.770264
-4.83778
2.27595
-3.83222
1.31646
1.46093
0.274388
-0.587943
2.85215
-0.23366
-0.679085
-0.0255742
2.9311
0.413055
1.53877
-0.776425
1.21617
1.58527
-0.533348
1.19275
-0.436473
-2.63762
0.897032
1.73251
-0.630791
0.246405
0.352954
-2.74508
0.990985
-0.780722
-0.279307
-0.718773
1.17445
-3.15852
2.33528
0.28539
-0.156042
-1.97175
-1.6024
0.568624
0.0256757
0.510058
-2.99956
2.00398
0.119617
-2.38404
-1.20058
-1.98946
-1.91635
3.67116
-1.06435
-0.113527
0.0900517
-0.527682
1.02827
2.71223
-1.84506
2.07382
-1.00509
-2.7601
-0.841696
-0.0681454
-0.159528
-2.4029
-1.17327
-0.00155433
3.80505
0.708494
-3.39883
-1.56599
-4.32892
0.115799
1.03351
-1.56043
1.56584
1.30761
-4.09568
-0.158385
-1.64457
2.72198
3.14056
2.25092
-1.02753
0.713963
1.48234
0.000236885
1.9962
0.649254
-1.39328
0.632937
-0.187014
-3.17833
-0.360061
3.15753
-0.555784
-0.231467
5.88122
1.78667
-3.40239
-1.79325
3.69971
-6.22614
-3.74713
1.4776
-0.346854
0.119645
0.237155
8.17398
-1.19582
-1.43299
1.21082
-2.61332
0.978086
2.18793
3.44071
-2.50661
-4.64494
-1.79134
1.72877
0.36367
10.0993
3.93871
1.08099
-3.46862
-2.29522
0.80145
-3.07735
2.68945
-1.79831
4.65059
-2.78492
3.4024
-0.149852
-1.93714
1.41393
-2.99757
-2.3952
-3.27986
-3.08825
-2.07592
0.426671
5.79184
0.281634
-1.58824
3.56563
-0.929296
0.581702
-1.90495
0.493989
0.544751
-1.73222
0.441675
-1.76079
-1.24932
-0.227184
-1.84655
1.15386
-2.05094
0.145947
-2.25367
1.91262
3.55858
-2.1377
-2.33931
0.436518
1.59468
1.61328
-4.85674
-1.89466
-0.257823
-1.64554
-1.41637
-2.40694
2.42706
-0.341218
0.0245328
-0.0813012
-0.0689768
-3.7439
1.79612
0.803218
-1.37796
0.556964
-0.112392
0.57622
-4.1755
-2.33042
-2.32444
0.935568
0.211042
0.640107
-0.791726
2.88123
-1.92268
3.2272
-2.49803
-0.292205
-1.68465
0.563298
1.35188
1.53784
1.23327
1.00292
-0.822467
-2.88224
-0.0599779
5.21073
1.51695
3.1429
1.25922
-0.25523
-7.5873
3.10401
2.99678
-2.52414
0.720696
1.32711
0.546771
-0.235411
1.57112
0.808966
1.83491
-3.27747
2.50834
-1.55642
1.78005
-1.56793
1.36302
5.10902
3.84335
-0.163466
7.06888
0.429566
-1.26042
1.53125
-6.06934
-0.178428
2.82555
1.81124
0.0248147
1.15441
-0.916919
4.70169
-2.21053
1.83955
0.31832
0.230351
-1.07227
-3.97453
0.997358
-1.6721
-2.93431
-0.758318
1.14241
0.730158
-0.233742
-0.932884
5.42833
-1.00926
-0.798304
-0.583149
-1.89243
-0.776628
-0.921637
-0.405659
0.874882
-1.13845
-1.80093
-2.98879
0.817232
-0.0935739
-4.30561
1.08686
-2.09777
-2.9814
0.554439
-0.078158
-0.469913
0.776267
1.81171
1.23255
-3.55049
4.55176
2.68985
1.4006
-0.309047
0.761792
-0.0104133
-1.72589
-0.560347
-0.332589
-1.51144
-1.33357
1.46616
-1.88742
-1.1076
-0.65412
-0.0398063
0.711697
0.369142
3.86134
1.1238
0.524572
-0.811283
-0.0965765
1.00138
-2.63647
1.11949
1.16875
0.171084
-1.54718
-2.49457
0.133465
-1.15125
-3.53288
0.305647
-3.33215
-0.916521
2.4344
3.85044
1.56984
0.608024
-1.17549
0.794673
0.773415
2.78745
0.393533
1.47155
-0.533782
-2.35529
1.16498
-2.92164
-1.14293
-2.80015
2.14373
-1.79448
-0.834453
0.747295
0.761729
4.1351
-0.518842
0.363201
-0.0635435
5.85118
-0.796464
-1.92774
1.99291
0.896636
-4.66508
-2.05451
-0.31751
1.2023
0.897921
2.00425
-1.48162
2.50151
-7.30916
-0.521517
0.348834
0.359687
0.215403
-1.63165
2.21461
1.24831
-0.449324
1.14118
-3.4874
2.75254
2.01831
1.96367
-1.47485
1.92755
-0.320886
-1.80649
0.213363
1.25805
-1.88403
3.42594
3.98948
-7.20722
2.78843
-0.0747211
2.21406
3.04575
-0.0951654
1.81708
-2.97128
-4.87136
4.0071
-0.0352628
3.83885
-2.60045
0.59237
2.15353
0.0853012
-1.65101
-3.94438
-1.36014
-0.847205
3.14372
-0.459427
1.05313
-0.949365
-4.43503
3.81884
1.56138
-1.55711
-2.45184
0.22694
-2.74226
-0.867428
-2.51673
0.823577
-0.474126
2.07155
1.09967
-0.271609
-5.72614
-1.9066
-3.58176
3.73008
-0.676015
0.835346
0.793787
0.436875
-0.370227
1.43072
-2.46194
-0.753221
2.18526
-5.73151
-1.10594
3.56034
-2.71172
0.828599
-2.0038
0.0306091
-0.210992
-0.344082
-0.122313
-2.00753
-3.96314
-0.406077
-0.990297
-3.76737
-1.4103
-0.543799
4.56766
-1.76271
-0.899284
0.328371
2.56918
-0.183332
-2.29847
-0.135494
-0.795011
-0.56761
0.835532
5.91785
0.364108
-2.61031
2.52503
1.84474
1.90749
-2.2739
-3.13295
-0.900499
-0.758113
-1.39724
0.660873
2.22809
3.69389
0.145957
0.117293
-3.2547
1.60302
-1.03953
0.924965
0.46214
-0.367732
-1.84528
2.00115
1.33786
2.24381
-2.11414
-0.13327
0.257397
0.210333
0.280489
0.129348
-2.36332
2.4446
0.230366
-1.69742
1.18056
-6.36559
-1.30364
-0.0271264
-2.65907
-0.627751
-1.53253
-2.2455
-0.907193
-3.35156
-0.822896
-0.248055
0.637983
1.38164
-0.0287001
1.29553
-0.443978
-4.91749
-1.93628
-2.79319
7.38409
2.41972
-1.86128
-6.43774
-0.233611
0.731
2.55979
0.651223
-0.953717
0.347314
-3.85817
0.741857
1.30148
-4.70231
-7.20231
0.397066
2.77445
0.9143
0.454416
-6.88284
-0.734634
1.11427
2.45335
-0.0934202
-0.678042
2.45767
1.94917
-0.801797
1.13338
-1.45758
-0.973301
4.22064
-3.16484
-4.1227
-0.823466
0.399684
-0.827075
-0.072999
-2.46754
-3.69375
2.08757
2.55114
-5.65582
-5.66412
-0.215506
-0.56595
3.18332
-3.67373
-2.88747
1.91739
-0.715512
1.78538
4.5646
3.05921
0.994442
-3.33101
-1.89199
0.554834
-0.0076447
0.931198
-1.77438
0.5616
-0.277312
2.28301
1.07125
1.11511
1.75631
-2.65537
3.95982
-1.15643
0.619551
0.21239
1.53545
6.55322
4.28107
-0.552833
3.98328
-5.68954
-1.34801
4.3633
-5.77832
0.132513
-1.3564
1.08757
-3.19116
4.26326
1.17172
-8.62589
2.13273
3.97384
-0.00188719
-0.307023
1.00219
-0.787148
0.566392
-2.41225
0.3242
1.00439
0.941364
-3.20992
1.24585
-4.50841
-2.32745
-0.481921
-0.22449
-0.963135
-0.651357
-2.03242
-2.48191
-1.82964
0.203557
0.76368
-1.06965
1.8914
-0.000524368
1.5398
3.75945
-2.57087
0.553476
1.52372
-4.20919
0.613565
0.940199
-0.301728
-1.05457
-0.637462
-2.85952
2.92279
-2.36457
0.580446
1.11622
-2.04021
-0.421874
0.0614117
0.919691
-2.2568
3.31456
-0.389776
-1.25563
0.792452
1.24383
-4.94835
2.60194
-2.66821
1.98298
-0.885232
-0.197346
-0.507621
3.91894
-0.345341
-4.15639
-0.237693
-1.66516
0.66939
-0.217536
2.84074
1.70719
-0.936786
0.468382
-1.09933
5.27898
0.1022
3.24465
2.3763
0.337731
0.789901
-4.39688
-2.2948
-0.00822802
1.27135
-1.53095
-1.02542
-2.92369
-1.02356
-0.0434011
-0.969757
-1.50412
-0.218946
-0.0246828
-5.56513
-5.05561
0.353876
1.50395
-1.6377
0.434623
-0.945283
-0.540152
-0.413719
0.493779
-2.77552
2.50826
-3.16261
3.32143
-1.681
0.835804
2.66761
-1.41981
-0.619717
2.69707
0.513968
1.44899
-1.66694
-1.61177
-2.84067
1.86066
0.122567
1.74074
1.41897
0.976584
-0.645147
2.2566
-3.32583
-0.219665
-2.45617
-2.41955
-1.6789
0.780988
-3.95394
-0.513199
-2.04489
0.835051
-0.731127
-0.443512
-0.582872
-3.19551
-0.538448
2.57245
0.137946
1.16027
5.06614
0.723885
1.51134
2.1255
-3.69029
2.73722
0.198274
-2.92028
-0.417367
2.06162
0.353032
2.31327
1.35631
1.3247
-2.92157
-1.04709
1.33122
-1.5494
-1.88432
1.25078
4.07486
2.49407
0.183196
0.423899
-0.796427
-1.84169
2.16274
-0.702109
0.92876
0.448572
-1.04995
3.11797
1.62603
1.85734
-0.234638
0.0668108
-1.34017
0.740648
5.42794
0.41537
-3.0761
3.81449
2.31343
-1.65381
0.110398
-0.829025
-0.688875
2.51881
2.83153
-0.0273813
-1.88119
-3.94905
0.00156809
-2.37838
-3.64529
-0.386488
3.0625
2.03265
-2.18486
-3.53283
-3.9049
-2.23007
-1.39555
2.6393
0.839648
-0.496931
1.16963
1.68656
-2.34019
-0.330675
3.85652
0.786511
4.81421
2.4487
-4.33557
4.86551
-1.59544
4.85967
1.46792
-1.99607
-1.18261
-2.75411
0.0327798
-1.29612
1.62748
1.27215
1.04009
-1.43244
-3.05929
0.374033
1.54392
-1.74247
3.14567
-2.80437
1.2513
0.273442
0.83812
-5.53846
1.47111
-3.71242
-1.36129
3.80817
2.9531
-0.267379
-0.791593
-2.15334
1.44597
1.21206
1.52578
-0.635946
0.0339983
-1.16888
-0.538128
-2.51423
1.56789
-1.24999
-3.7282
0.258616
1.32488
-0.254949
-0.808253
0.0202415
-1.0592
8.99894
0.310383
-10.9784
0.863538
-2.68337
-0.421634
4.98219
0.0282859
0.0673906
3.93406
-1.64011
2.70824
0.138181
0.174151
-2.47143
-0.960987
-3.01619
2.43638
1.86485
-0.686799
-2.01286
-1.72503
1.25901
-0.997112
-0.978045
2.96044
-1.5218
-6.2183
3.28466
0.457743
-5.9772
-1.48679
-2.27609
-2.10027
1.27995
-2.36682
0.218056
-1.8749
-0.33858
-1.42191
-1.20552
0.265831
-2.18845
-0.281953
-0.0390629
-2.08702
-5.24806
-0.34935
-3.22827
0.541851
0.565964
-4.51882
1.39892
-1.20313
2.55372
-3.42834
-7.08542
4.51609
-1.0765
5.81471
0.359128
2.50334
-2.53878
1.83813
1.20337
-0.132759
5.32869
1.95859
-1.54656
6.65974
-0.911491
-0.241605
-1.04799
-2.75012
2.95428
-0.723282
-1.99693
-1.48213
-0.931198
-0.683888
2.42525
1.11072
0.254178
1.05337
-1.35883
-2.56396
-1.78476
-3.33612
-2.63379
0.932837
1.37519
0.032146
0.604102
-0.505274
-1.78787
-0.435914
-2.528
1.79506
4.45681
-4.34435
-2.37429
-1.26278
3.49831
1.29802
3.52668
3.32712
2.80539
2.69477
0.0629074
-2.01599
-4.17593
-4.20078
-2.83261
2.00586
0.900715
0.00296935
-1.83011
0.70472
0.550618
-3.33161
0.0310434
-1.18885
-3.00641
0.650818
-3.75728
-0.632574
-2.38445
-5.87084
-2.21188
4.41527
-0.703651
2.55625
-0.814721
-2.89969
-1.1358
-2.4814
1.25321
-0.638456
-1.80984
-2.73919
3.67027
-0.129517
-0.547497
8.63792
2.23604
-8.02988
2.45174
-4.29087
6.08334
-1.44527
1.62034
-0.280344
-0.290317
-1.76604
-0.138554
-1.79965
-0.144183
0.245438
3.11042
1.89771
-1.22753
-0.750638
-0.872137
0.695754
-7.96464
1.09617
2.07551
0.828533
1.86231
-0.285027
-1.27176
0.403558
1.58154
3.33843
6.88675
-3.9867
-1.60895
0.0271257
-0.60997
3.83293
-0.569698
-2.51799
2.97306
0.363947
-5.19755
-3.20458
-0.958669
-3.28311
2.91128
-0.161344
-0.978129
-0.693716
-2.48389
-3.2012
-2.7936
2.20965
0.206453
3.56643
-5.54071
2.15181
3.27157
-2.59595
1.14443
-4.11636
-1.09558
-0.429047
1.87102
-1.67416
-3.65888
-0.772482
1.03439
-0.921617
-3.97055
4.39255
4.82368
-0.199746
-1.27763
-1.49113
-0.740622
-1.11923
1.65796
-0.197351
4.87811
-2.32686
1.06019
0.498642
0.270786
-1.43494
-1.15262
1.65972
-0.413493
-0.561416
-0.782199
1.0209
-4.25769
4.28181
-1.17674
-1.30048
1.89419
0.372071
0.407756
5.49474
2.81446
2.00036
-2.7894
0.34452
1.9303
-0.615787
1.28511
3.63092
0.372315
1.74257
-0.935379
-0.927736
3.84208
-3.33661
-0.884092
2.83482
3.36092
-0.814449
-1.6731
5.27248
-4.72359
0.470844
-0.21926
0.548343
-0.151496
-0.654769
3.64452
-2.05272
-0.324706
-1.26904
0.831087
-1.88905
-1.73038
-2.49561
-1.69016
-1.74653
-0.452529
1.32529
-2.26514
-2.01969
-0.752648
-0.560892
2.50695
-0.0514366
0.0479851
1.72667
4.57916
-1.2952
-1.74152
5.88372
2.64346
1.8984
2.19593
-0.141852
-0.869918
-4.6328
-1.14446
1.15269
-0.50782
-3.71374
-0.194049
0.80532
3.304
2.42291
-2.21633
-3.49423
-1.1422
-1.4829
2.29044
-2.90934
-0.704131
1.83586
-7.84196
0.135658
4.09655
3.20185
-2.67876
0.595205
-0.659466
-2.24221
-2.22146
-0.119585
2.1384
2.4966
-0.78242
3.51116
-3.9879
-1.34444
1.1295
3.27213
-0.32314
0.952285
3.52017
-0.124234
-1.73945
-1.60233
0.618235
2.58992
-2.76871
-0.52284
2.40433
-1.91117
0.468156
-4.77261
-1.16283
0.302278
2.87051
2.20486
-0.319368
-1.55475
3.63211
0.729966
1.34622
1.22137
0.428507
-1.09587
-0.0398348
-0.291435
-1.90278
0.518436
-0.569306
6.24017
3.43588
-1.96711
3.25524
-0.476053
-1.66427
0.993934
1.24186
-4.89616
-3.10079
3.98416
0.913231
2.94481
-4.12616
-1.33151
0.137156
-2.20251
0.187631
0.779891
-1.64882
1.22746
-4.27459
5.98258
-1.47435
1.21023
-1.85499
-0.375025
2.07922
0.78271
0.354754
2.68325
3.00583
3.35453
1.19043
-0.698092
3.88651
-1.31782
-0.302093
2.3609
-0.100486
0.86651
-2.49623
0.985244
-0.849276
-4.87171
1.67417
-3.08022
-0.433714
1.00774
4.26892
1.12993
3.76141
7.21647
-2.5592
1.04183
-0.00817853
1.20624
1.31775
-2.59179
3.37791
7.02484
-0.744688
-0.864468
-1.5464
0.2631
1.95996
2.29285
-2.12208
1.06439
-0.738709
0.00586098
0.532913
-6.445
-3.17569
-1.51299
-3.76102
1.11114
1.97852
-1.07848
0.570816
1.43735
-0.457465
-0.661607
-1.75892
0.825773
2.0947
2.7892
3.45528
0.0537081
1.64485
0.279731
-1.45115
-3.47264
-0.0189152
-3.47098
-3.44081
-3.70197
-1.92352
-2.13679
-0.0988909
-2.53451
-2.49147
-5.58893
-1.17253
0.635469
-1.03572
0.785268
1.0951
-3.66819
6.67698
-0.598504
-1.22759
4.29923
0.943092
-2.15093
-2.71375
3.57096
-0.732306
-0.874613
2.42773
0.19436
0.502998
1.6306
-0.653114
0.224207
-0.527945
-4.39933
1.78204
-0.568068
-6.19852
-2.8893
-1.34938
1.05875
0.079517
1.97618
3.42543
1.07971
1.99692
-2.75513
-2.09308
0.999534
-1.45499
-1.74599
-0.418175
2.92114
-2.8324
-4.41475
3.93261
0.303319
1.1219
-0.5364
2.24711
0.430816
-2.23221
-2.13075
0.840829
0.278231
-3.47531
0.19292
-2.89931
0.759433
-5.2429
-0.566452
1.94673
2.00486
0.0700416
0.530404
-1.42626
-0.0422379
4.03485
0.342453
1.51789
0.362025
-1.03961
0.370454
0.2193
-0.734876
-1.45802
-3.09051
-1.25225
-0.667701
-2.83735
-1.90144
6.8571
-1.38029
-0.866121
0.555439
2.04936
-0.721836
3.24533
0.719142
3.61289
-2.35583
-0.720131
3.9005
3.12564
-0.904658
0.939374
1.20118
-0.0253846
-1.08977
0.00648054
-1.03112
4.296
0.657446
-1.45255
4.02418
-1.20238
-4.23479
-4.41635
3.97281
0.0875923
1.19837
-0.571353
-0.784437
0.00923522
-3.50271
2.7189
3.63
-2.41327
-1.27075
0.498473
-7.10478
-3.37157
3.71284
1.63806
-1.69373
0.604831
-0.799364
6.46556
1.12195
-1.5144
3.00445
-3.01633
0.507169
-1.45983
2.403
0.0366254
1.08808
-0.70618
2.82806
5.34656
-1.80489
0.403401
-3.886
-1.51849
-1.57751
0.633435
-1.07161
-1.62
3.96041
1.03515
0.825981
0.639441
-4.54119
4.70944
0.115545
1.42564
-1.66071
-1.61038
2.32227
-0.942254
-3.94331
-1.10219
1.73528
-1.2733
5.27527
0.551159
0.46468
-0.0231737
-2.84709
-0.564032
-0.73385
2.37831
0.638978
-0.324761
-0.890671
-0.863011
-0.67311
2.97727
-1.20803
-0.00628188
4.82932
4.22315
3.33675
2.06182
0.477968
0.601279
-2.45173
2.56731
-0.273586
0.123449
-0.344872
-2.5052
-1.46302
1.05202
4.23189
1.75774
-2.28256
0.0677668
-2.89048
1.38775
-2.12727
0.439384
2.31925
-0.487056
-0.902523
0.935226
-0.819794
4.38601
4.68087
-2.1711
2.17324
1.63409
1.07892
-0.83202
-2.33737
-1.67254
-1.16926
0.0121183
2.36229
2.39429
-0.512532
-1.22377
-1.26407
0.496266
1.76323
2.22941
-3.6888
-0.702071
2.05049
0.314139
-2.64795
-2.8649
4.52858
-0.0393119
-4.83462
1.18023
-1.53469
-0.401813
0.535385
-3.0936
1.84156
0.736211
-0.841451
-2.65486
2.24906
3.69111
-2.54507
0.204943
-0.172093
0.790685
-0.176008
-4.60586
0.102709
1.94016
-2.53212
1.91476
-1.55387
0.437537
1.98481
2.73844
-0.551793
-0.229618
-2.41715
3.763
-2.92527
-2.08631
-5.53191
-1.64495
0.198279
3.16122
0.987681
5.86397
-4.18738
-0.975456
-1.89122
3.32808
2.73972
-0.52017
4.87584
2.35153
3.72027
0.639172
-4.6832
0.649463
0.0730221
-4.9779
-1.43029
0.936726
2.09267
1.99196
-1.2614
-0.539368
1.96659
-0.307293
-3.16186
-0.145407
-0.812508
-2.11204
4.08637
-0.380999
1.71814
0.376167
1.17527
3.01184
2.15567
-0.369085
-0.0636565
-1.60585
1.15963
0.134746
2.12699
-1.16451
1.30931
-0.0485414
4.29679
3.04128
-3.61649
-2.30869
3.914
-3.41039
1.73596
-1.3405
-2.25758
-3.21618
2.71784
4.42109
-1.3867
-3.16484
-0.444537
-3.04697
-0.845225
1.47895
-0.212918
-0.300784
0.78689
-1.07573
-2.79252
-7.36159
1.67677
4.86967
0.945517
0.317849
-3.75111
-2.19324
-3.89534
-0.356855
-1.81924
1.98098
2.90554
-1.63556
0.107534
1.88326
-6.60436
1.3562
1.91694
0.356131
-2.64406
-0.695479
2.28659
1.62784
3.96737
0.550671
2.07441
-3.93123
0.200835
-0.421107
-0.490955
2.19782
0.546834
-0.000514899
-0.260548
-2.13312
-0.0950264
3.21654
0.886719
-2.07959
-2.67143
0.598219
2.49494
-1.02654
-3.67178
0.911663
1.99222
-2.79712
-6.20437
1.44843
1.49427
-0.0326097
-2.33178
0.885917
-2.62915
1.45815
-2.83492
1.47756
1.73667
-0.373709
3.57813
4.82889
-1.15409
0.688429
-1.31992
-2.68221
1.72763
2.57242
-1.64706
1.68568
-3.61507
4.81299
-5.4761
2.23017
-0.449477
1.60103
0.818513
-2.51978
-0.852406
2.46545
-2.57446
1.89805
0.193419
1.73465
-2.18232
-2.70118
0.0776835
-0.506578
2.75549
-1.03956
-0.5198
3.21644
-2.08785
3.65838
-2.41365
2.38941
1.10022
-0.2688
-2.00183
-1.6696
-0.00624336
-1.71183
3.22718
0.887499
-0.259512
1.40454
5.6049
-1.9371
1.83576
-1.52461
-2.11515
-0.0955376
-2.25326
1.71163
-2.02923
-3.36262
1.32702
1.72427
-0.0757266
0.993103
1.20392
-1.41095
0.0586721
-3.20193
-2.0408
0.0238219
-0.159749
0.49803
-2.98315
-0.805067
-1.86673
-1.40949
0.14962
1.31835
-1.42678
1.30846
-4.37285
-0.926118
-0.58732
-1.2343
-5.50882
0.775324
-0.264822
0.905597
-0.289795
-1.39843
-3.03937
0.198588
-4.31213
-4.07871
-1.15484
-0.404755
2.81925
-2.67151
0.945767
-1.78906
1.83829
-0.647881
0.397785
-0.555258
-1.06352
-1.43607
0.561649
0.267007
0.64109
-3.29237
-2.1396
-0.329168
3.6082
-0.040096
-0.528959
0.371952
-1.85267
-0.767622
1.5483
1.94804
0.319321
2.73122
2.40621
1.15163
-1.52922
3.17561
-1.41267
1.60773
1.7126
0.150974
0.448094
-1.89224
2.12546
-1.72768
-3.53162
1.39815
-4.78724
3.24616
-0.962049
-0.356122
-2.07415
-0.464481
2.88161
-0.813756
-3.25036
-1.1759
2.93975
-0.162398
-3.19603
-2.31169
-0.0755908
1.24119
1.26273
-4.08658
-2.82941
-2.13702
-0.986131
0.860196
-4.8441
1.31698
0.283817
-0.968214
-1.55275
0.688529
-3.86746
-0.0180527
0.143328
1.00163
5.01917
0.320843
1.38755
-2.05583
0.42468
2.47187
0.74263
-1.85695
3.31594
-0.609783
1.60298
-3.92693
-4.77885
-0.376752
2.2867
-2.989
1.21857
-0.233309
-3.22754
1.69834
-1.29558
2.23711
2.25638
-0.943625
-3.31448
-4.38594
-1.0104
2.01638
-4.15247
-0.651879
-1.2684
0.429256
2.3678
0.667421
3.22816
-1.70643
-1.29678
3.37281
3.54146
-3.03582
0.81392
-1.66643
-2.14923
-0.28701
0.787005
-0.189775
2.57362
-1.63067
-0.313154
2.10099
1.49968
-1.039
6.91443
-0.458985
3.58792
-1.43878
1.51577
-3.39684
4.80576
2.42735
1.96463
3.91665
-3.98063
-2.82967
1.27358
-0.453929
-1.72763
0.309516
-0.453982
-0.539539
1.39925
0.879758
-3.07248
-1.59867
-2.05873
0.806333
3.05738
1.01047
-1.30314
1.67309
1.16991
0.661599
0.568666
1.88858
4.45444
-2.45649
4.27474
0.11029
0.604935
-5.6119
0.324949
-0.225993
-0.450658
-3.54418
0.0731404
4.26592
-0.195596
-1.4564
1.18598
1.43639
-0.969856
-2.94543
2.63943
0.863898
-1.89206
-0.230123
1.2641
0.615494
-0.723358
3.88726
-2.29994
-0.305156
-1.60605
-0.925569
1.83924
-2.78787
-2.28753
2.34627
2.10358
1.45365
0.386677
1.04973
0.123411
3.71232
-2.07363
5.03623
0.738207
4.2013
-1.75023
-1.61051
0.341908
2.25723
-1.866
-0.255468
-1.89475
1.24797
4.51149
0.863532
-4.14039
5.57033
0.0188765
1.7442
1.65972
1.02935
0.652364
-4.9501
-4.72853
2.38248
-3.62513
-0.0795386
-0.255458
0.858678
-1.36831
0.42185
-0.64142
-0.878097
0.563113
1.99916
0.495922
-1.9861
2.98367
-2.02998
0.414291
3.17934
0.554803
6.10743
0.0264572
2.10394
-0.511022
4.6477
0.732587
1.03025
3.22389
0.037134
3.61996
1.76677
0.632923
-1.29978
1.71959
0.557896
-1.92844
-2.39103
0.337357
3.43714
0.712274
-2.14897
1.70571
1.68248
-1.30181
-0.0248464
-0.899711
-1.23535
1.25352
-1.90975
3.96108
1.78216
-0.534466
-1.80119
-0.374009
-4.05741
2.00674
-2.20184
-1.88173
1.90303
-4.37137
2.36416
2.06843
0.326335
-3.11544
2.32035
1.18848
-0.878861
1.90388
-0.727353
3.6291
3.5758
2.57806
2.87804
-2.36858
-0.886461
2.54134
-0.890559
-0.590919
0.322218
-3.97655
3.459
-0.367836
-2.79938
0.766887
-2.79195
-1.69243
-0.0609509
-3.69173
1.05915
0.67093
-5.0618
0.48687
-0.602338
0.910057
-0.0448451
1.53049
-1.19719
-4.39601
0.261144
1.05546
1.23092
1.61381
1.60801
-4.2574
0.407607
-2.65491
-6.43404
1.44477
0.821567
-2.95589
0.0244183
-0.00626924
-3.80495
-1.63159
-3.71216
1.5131
3.75517
-2.5887
-0.797688
-0.790381
2.14447
2.17356
-0.677424
-1.1672
0.511732
1.20574
2.23413
1.20575
4.09531
2.21077
3.0362
-2.54384
0.683445
-3.82434
-5.85279
1.09437
-2.42018
-1.54563
2.82091
-1.35133
-2.84856
-1.69971
0.25623
-1.24739
-0.429606
-0.0649566
1.86682
-0.893807
6.58837
0.851772
3.09763
-3.69891
-3.78942
0.624913
-2.24648
1.8691
-3.11423
-1.36006
-3.55653
-0.858928
-0.545283
0.277933
-0.266198
4.40691
4.15963
0.0195794
-1.16818
0.701345
2.35805
-2.53749
2.32158
-1.57584
0.341083
-1.55226
5.0933
0.507094
-3.03639
-3.87415
0.157524
-3.44406
0.506464
4.77888
0.898124
-1.37232
-0.777543
1.87794
2.77218
0.524922
2.4886
0.696208
-2.71745
0.449893
-2.45337
-4.45922
-3.69575
-1.74946
2.58211
-4.93485
0.993659
-0.315255
3.04773
0.951326
-1.70382
1.41574
3.25882
0.370763
-0.817758
4.74875
-3.29099
-4.79976
-0.795284
-2.69663
1.3945
-3.2048
1.38216
-5.80794
0.593782
1.18717
-0.442846
1.34566
2.8758
0.667145
3.73566
-0.417276
4.12773
2.82028
-0.874541
-0.571598
2.92616
2.428
-0.335944
-1.20023
0.046279
0.875897
-1.83628
-2.28016
-0.0340495
-0.821412
-1.58391
-3.92048
-2.2028
-2.70876
0.668513
-0.269288
1.05731
-2.43256
-1.98947
-1.59878
-1.11281
1.13281
-0.996482
0.320529
1.42126
-3.93143
-0.791355
1.44144
-1.74624
-2.9334
-0.812587
2.56841
-0.102551
1.60522
-1.97987
0.244068
-0.966056
-1.96501
-2.26339
2.03308
0.289865
-1.16909
-0.987419
0.498118
1.36892
3.65855
-0.223259
-2.75839
-3.79585
-0.952374
2.54501
-4.75179
2.63133
1.92429
-0.176736
-2.55459
-2.89519
-2.26624
-4.50833
5.61885
2.0572
1.40743
-0.773115
-0.355325
-2.86095
-2.01344
-0.491549
-1.20652
1.87324
-0.0218377
1.23445
-3.66101
1.53119
1.09816
2.71716
0.663885
0.632237
-0.978953
1.49363
3.63807
-0.184232
-1.94331
0.675916
-5.54182
1.92347
-0.47632
-3.33331
-2.24894
-1.83497
2.60226
-4.69086
-1.2536
-2.05691
-3.69285
1.23019
-2.28835
-1.8522
2.95795
0.207452
-3.23604
-0.761351
6.97161
-2.60714
0.637203
-8.06494
0.569599
0.0521453
-0.362794
3.08858
0.680895
-5.32634
-0.526022
-0.850823
0.275718
2.21509
1.79151
-0.682397
-1.59582
-2.94221
-0.0473437
0.212443
-4.21099
-0.658059
-2.13755
-0.864831
-0.977336
-0.553011
-3.51538
-2.16358
0.326175
3.81882
-2.6833
-1.17866
0.266227
1.94368
4.46402
-0.72545
3.13693
-0.817267
0.00532338
-2.46519
-6.7584
5.07536
-3.17865
1.34161
0.783997
2.85368
-1.37031
2.0765
-2.39169
-5.19382
0.226729
1.41939
-3.57976
-3.20856
-0.815723
0.855763
3.68139
-0.0861611
-2.59336
-3.02155
-1.13697
2.54234
2.52178
2.15952
-0.235766
1.72629
0.633016
-0.302123
3.15848
0.860398
-1.67988
1.60568
-3.33604
2.40435
-3.54881
6.29612
5.80065
-0.474337
-1.4226
1.93982
-0.782522
3.28565
-3.54599
0.312059
-9.16158
1.31306
3.6762
1.35531
-1.5623
-0.839554
1.29565
0.156252
-0.885388
-0.241249
-2.39993
1.03207
1.15003
-1.23879
2.62271
4.36876
0.846758
2.02672
-3.11368
-4.14573
2.13183
2.14139
-2.13282
-1.01913
1.11673
0.0822472
-0.616233
-1.77952
0.113693
1.55239
1.95484
6.4803
-4.16563
-2.64341
-5.25771
6.29734
-4.47493
-0.505038
3.51925
-1.59172
1.1788
-3.86104
1.46664
-0.223213
-3.8049
-0.463772
2.7228
0.841564
-1.75776
-2.20998
0.99374
2.26705
-5.89641
0.835997
-3.4212
-2.36226
-1.48719
2.53737
-1.40295
-5.44752
-2.45833
-2.0215
-2.74313
1.14028
0.497718
0.154833
-3.20987
3.60189
4.07208
5.1634
-0.193284
-3.28436
0.130696
-4.33552
-1.58873
1.28658
0.508771
2.09775
3.78961
-2.62696
-2.84527
2.80984
-2.28333
3.41392
-0.714804
0.0393575
5.58597
2.12718
-0.305578
1.01626
0.618928
-2.98946
0.835458
-4.34684
-0.585921
-0.8408
1.44502
1.55396
2.45722
1.05508
1.20883
0.0714265
3.98881
0.984417
-1.55769
2.53817
-3.81248
-1.84525
-2.8366
2.86954
1.058
-0.292311
-2.61932
0.0627837
0.624804
0.516463
1.00918
-2.49192
-0.661103
3.6613
2.44713
0.238745
-0.539887
3.42895
-3.0116
1.05751
5.77017
-1.25619
0.0412502
2.46336
-1.20562
-1.57338
2.80474
3.49198
1.20889
2.31604
0.0918808
0.547952
-0.414077
-0.66015
2.83951
-0.76977
-1.20469
-0.0447526
1.127
-0.325176
1.24123
-1.74499
1.83838
-1.51588
0.17589
1.75039
-2.74994
1.13328
1.53517
0.566789
1.26835
-3.30066
1.01262
-1.27877
2.87989
0.839779
0.613261
0.752657
0.211707
-6.14836
3.63856
-1.48497
0.32345
1.70187
0.813357
0.677876
-5.69254
0.377981
-1.86347
0.649468
0.679695
0.734814
0.861087
-1.15425
-3.51755
1.8961
1.78994
3.83371
3.26114
-1.70443
1.65074
-1.65094
-0.740785
3.74871
3.4858
-0.944308
-1.09654
0.739304
-0.342179
0.932475
-1.31611
3.07688
-4.55526
1.44214
0.236393
-1.1937
-0.369658
2.0636
0.516423
0.579994
1.1102
5.18327
3.50277
-0.264618
2.27591
-2.78957
-0.032156
-3.17197
-2.22723
-0.244139
0.39445
2.71531
-1.04682
2.01548
-2.88556
-2.54606
-0.763081
1.01415
-0.637493
-0.92659
-1.77427
-1.00739
-2.55856
0.19959
-2.39731
2.32606
0.740383
1.0521
-1.09577
-2.55159
5.32104
-2.84665
0.781292
1.9569
0.0276646
-0.0822977
1.39886
4.73664
-1.29152
0.713679
1.4579
2.06525
-0.83784
1.32755
-0.130547
-5.98238
-0.810035
1.07067
1.80512
-3.29362
-0.421522
-0.140453
3.99717
3.5173
0.100823
1.79976
4.86283
1.904
2.48502
-0.796939
0.386713
-0.665316
-2.75092
0.606818
-4.56799
3.24294
3.32332
-0.850663
-0.744495
0.703829
1.37884
3.31613
-0.074248
-2.58806
-3.81619
-3.22304
1.33723
3.99031
5.23685
-3.61113
2.3103
0.585335
6.81278
-1.82205
0.225031
-0.325944
-2.16771
1.72089
0.264022
-1.82012
-2.79081
-7.98385
1.31735
-0.990843
-0.892763
-1.09048
-1.90027
0.516545
-1.43065
-0.602184
-4.48874
-0.84443
-1.13182
-5.71759
-1.31144
-2.6966
-1.86609
0.328147
1.57864
-6.01875
-0.190746
0.680541
-2.78138
-3.35793
0.874747
-2.85427
-1.95051
-2.92898
-0.429993
1.54298
3.43918
2.86339
-3.53233
0.807967
0.297787
0.20007
0.965143
-1.89813
2.97592
-0.578913
-0.203283
0.224478
-0.391781
-0.903074
4.83247
-2.61389
-0.174053
-1.71052
0.25666
0.981854
-1.60955
-2.237
-1.52372
-1.7233
1.19803
0.148029
-1.11084
3.47701
2.13426
-3.0618
5.2608
-1.54675
-2.50474
-3.1738
-0.576455
0.0907131
-3.15403
0.692057
1.60027
-0.112549
-0.0944228
-0.906636
-1.4883
-0.90493
1.50419
0.762372
0.638119
-0.479666
4.22016
1.85481
-0.558645
-0.816329
-2.66347
-1.18641
6.63371
2.04082
3.00867
-1.54633
2.70914
-3.43649
-0.898635
0.963977
-5.62791
-1.50534
-5.10139
0.0236256
-5.07148
-2.74767
-1.29836
1.38155
-0.0393696
-0.968132
1.53646
2.74032
1.85334
-0.842043
0.129927
-2.27667
-0.0985448
-1.47921
1.14777
1.50635
-0.854279
1.50214
3.08434
-4.3876
-1.42578
2.07204
-2.79833
0.256496
3.87133
3.94997
2.84077
2.57922
2.24239
-2.01324
1.64708
4.9705
-1.22886
-0.642335
1.80154
3.29139
2.5205
0.0870072
3.54015
-0.822694
-0.475553
-2.27155
-0.524847
1.52525
-4.17636
-1.56244
-3.46119
1.79438
2.06531
0.627897
-1.41364
3.74335
-0.885719
2.74309
-4.90446
-3.07148
1.94656
-4.66106
0.705968
-2.91605
-1.73121
-1.74506
1.56255
-6.02433
0.973788
-0.175142
0.728152
-12.6223
0.376582
-0.698357
-5.0632
2.57746
-1.6112
-0.0963072
-1.49526
-1.62159
1.00859
-1.11966
-1.07908
0.347752
3.79356
-2.50627
0.713315
-1.24182
-0.262757
2.56103
-0.509513
6.23051
-0.289124
-0.0164225
-1.83713
-1.34529
0.490507
3.07335
2.9601
-1.94095
-0.71028
2.94979
5.5333
1.42093
-6.54982
-1.64802
-1.2297
-0.0494619
0.575625
0.198401
-1.62947
-4.18402
-1.39153
-1.04507
2.98163
2.39405
-1.82999
-0.753329
-0.518807
-1.31927
1.79321
3.31124
-1.51522
-1.35689
-1.13867
2.41484
0.244716
-0.671911
-1.48531
1.35469
2.33598
2.52298
-5.79043
1.81608
-1.00995
4.05384
3.48948
-4.2983
4.82118
-1.68763
3.6709
5.07234
-4.00409
-3.43867
3.10621
0.109289
3.76773
1.09105
2.52234
-0.973171
0.217909
-0.848155
0.680626
3.87029
-0.788395
1.80092
0.634324
0.613831
-0.270623
0.943345
4.56217
-0.356
0.686588
3.37496
-3.20296
-4.32477
0.239602
-0.296625
-0.0949408
-0.226498
0.465885
0.780126
-3.47469
0.135874
1.50214
-2.5809
-1.29518
-1.43556
-1.80133
2.17533
1.62626
-4.35699
0.190707
0.85419
-2.84748
-4.4366
0.488616
1.89314
3.81567
-1.97296
-1.79755
2.02337
1.72189
1.32442
-5.54561
-0.259421
4.85508
2.85521
-0.115786
-5.7125
0.179276
2.13733
1.26703
-1.83223
-0.557198
-1.02296
-7.2719
0.68694
2.59766
1.50457
-1.61607
3.65073
-4.18346
-0.322382
-2.36864
-1.49892
3.99534
1.67944
1.97508
-3.55305
-1.04232
-0.831554
-0.626197
-2.23785
0.109439
0.0740846
0.316379
-0.440941
-3.31472
-2.01969
-3.7202
-1.84298
3.86297
-1.49796
-1.28915
2.27675
-1.20326
-1.73784
-0.563165
-1.2005
1.12991
-0.381947
1.61449
-1.92586
0.81411
0.834098
0.200394
1.43818
2.30563
2.24034
-0.613075
-1.31619
-1.35549
0.658396
0.969574
-0.196017
-0.412132
2.86398
3.17257
-0.448164
-1.89378
0.59915
-2.56524
0.541334
0.43883
1.23992
0.0256762
0.818763
-0.28826
0.428773
-0.760344
-3.53992
-1.9351
1.36024
5.05859
-3.0933
-1.55067
-1.74036
0.541086
0.531542
-1.59084
-1.57381
-1.44164
-0.721886
1.88943
1.47042
3.24553
1.39826
-0.257837
1.13386
-1.56074
-0.748176
2.64038
-1.38168
-3.0232
1.72764
-0.760964
1.1612
0.219521
-3.07837
3.04909
-2.39213
0.120075
-0.0185778
-1.98124
-0.136955
3.39159
0.108707
1.20521
-0.907121
-2.05577
2.1952
-1.49833
-0.262511
-5.71886
0.411145
0.794092
1.22512
-0.941776
3.0073
3.0258
-1.85611
-0.719787
2.95305
-2.5869
-0.945214
-3.86679
2.15005
1.34389
2.74347
-0.797318
2.76343
1.4347
-3.60003
-0.891094
-0.707176
-1.02094
-1.71026
-4.31123
-0.568999
0.912553
-3.6309
1.4472
-4.94772
-0.635434
-2.74372
1.65408
0.847488
-1.8793
0.475497
-4.51262
1.15272
-3.38071
-1.84072
-2.24773
1.2762
-1.49858
-6.43923
2.92429
-0.00055297
3.90181
0.886495
0.202485
1.07562
4.53574
-0.565356
-1.40246
-1.3508
4.44048
-0.412336
-1.19046
1.13826
-2.10658
1.91366
-1.3067
1.86865
-0.751818
-0.146134
-3.52622
-2.42191
3.65
-1.26012
-0.554742
2.63284
-3.28236
-5.09175
1.90732
-1.81594
0.955534
-0.968008
6.35249
1.18312
2.02256
0.133384
2.0595
1.32475
0.330314
1.50917
4.71713
8.73166
-1.95315
1.62143
0.691388
-2.7936
-5.02317
0.810617
-2.22241
5.93153
-1.57651
-2.25707
0.575051
-1.13424
1.22926
0.224438
1.87644
0.279842
0.44914
-2.31587
-0.46838
3.00835
-1.1998
1.04905
-4.85543
-3.74264
0.489137
-0.0405582
-1.26677
-2.29611
-1.38957
1.54789
0.037086
2.99596
-2.72686
1.27321
-1.50222
1.82508
0.136624
-10.2746
2.65721
-2.165
2.91664
1.58188
0.0347942
-0.0837236
1.58842
-0.525471
1.62104
2.25053
-1.89153
1.15658
-2.5371
1.49608
1.70594
-0.270635
-1.00995
-0.205865
3.73111
1.04987
2.3505
1.48315
-3.75903
1.59101
1.50853
-3.64354
-2.04493
-1.23081
0.0223956
-3.18764
0.97376
-2.62395
1.80103
-1.32166
-3.90131
2.01186
-5.17475
0.197157
3.75023
-1.15763
-0.0541549
-3.92994
3.10449
4.28827
0.294456
-3.41035
-1.92291
2.03702
2.23014
-0.365875
4.05324
0.825355
-1.62831
1.00904
2.9495
0.957493
-0.0863319
-1.66026
-1.09078
3.71788
2.66095
-2.18444
4.62922
0.238805
-0.517717
-3.49054
-0.0553881
1.29473
2.77303
0.164394
-6.13685
1.43263
-0.904337
-2.42795
2.13849
-0.179775
-4.87441
-1.59881
-1.45395
-3.26502
-3.76664
-0.560088
0.640419
-2.39305
2.41074
0.909132
-0.905747
0.0648324
-1.43562
-4.41925
1.73606
-0.179455
-0.139673
-0.244759
-0.0954179
-0.376736
1.72588
2.8184
2.18662
-3.05778
3.93434
-4.95204
-1.43085
2.27528
-1.21077
-0.539559
0.316882
-2.98913
-0.238337
0.543256
3.83246
0.37423
1.76381
2.41231
2.64785
-4.38958
0.0506264
1.49983
0.58024
5.02982
1.02568
-0.54682
-0.126401
-0.152468
-1.65755
0.0818016
-2.0632
2.69823
0.615968
0.243615
-3.42869
0.59207
-1.96229
0.173899
-0.706754
-3.79605
5.575
1.07621
0.0997605
-4.64606
-4.60107
-1.26457
-0.749803
-1.23914
-0.118094
1.19037
-0.938042
1.86105
-0.0154911
-0.119854
-5.73448
-0.776979
-1.86932
-1.44798
-5.09481
2.65329
2.55896
0.85139
0.506664
-3.76922
1.77302
1.16083
1.95004
0.473643
0.366148
-1.88597
-0.6878
2.12864
-2.1434
-4.66997
0.710688
1.98701
-2.53616
-1.64557
-1.40695
2.68936
-0.88836
-0.630514
-1.00941
-2.12914
0.335726
-1.3596
0.460815
1.54219
-0.616633
4.25094
-1.53216
-1.55969
0.426367
3.67312
-2.93407
-0.338329
3.0797
4.07755
0.636737
1.18435
-0.132067
2.25246
-7.41366
-1.4551
-3.7145
-0.740576
-1.66566
-0.782139
-1.2798
1.87342
-2.44554
-8.12423
-1.09721
-0.826062
2.98653
-0.100063
0.820164
-4.32462
0.95517
-2.33389
-0.944308
0.939138
4.83543
1.52661
-5.02542
1.40768
1.20052
-1.46193
-0.033489
-4.58803
0.300295
-2.30599
-2.81077
-0.302339
-2.2884
-0.445553
2.86946
-3.36349
-0.307317
-2.28
1.97934
-1.73445
0.44431
0.855639
0.449673
1.03782
0.291956
-1.42299
1.26053
-1.83117
2.40068
1.55037
1.84025
1.18309
5.74423
0.133565
-3.25665
-0.482765
1.22223
-2.56831
-2.4891
0.0470016
5.38702
-4.36232
-0.202748
-0.913946
-0.0595821
-1.80284
-0.536615
-1.23826
1.10837
1.80586
-1.1426
1.30372
-0.606182
1.07697
0.399513
-1.48703
-2.94805
-0.0690117
2.02769
0.0963133
2.20305
-0.317347
1.16178
3.60928
0.467911
0.488595
-1.85486
-3.7338
0.956178
-1.04966
1.46363
-0.970872
-1.88472
-0.854886
-0.861444
1.93385
-0.758777
1.75081
-1.21561
2.84713
-1.45915
1.21586
-2.00509
-2.66336
1.63634
0.613229
-2.94717
0.603394
1.29694
5.66415
-1.08391
4.5826
-3.21037
1.59024
-0.61125
3.95458
5.69178
-2.7639
0.993396
1.01152
-2.28191
0.900721
1.44903
-0.166441
0.688112
-0.654662
0.78607
3.93008
-2.27533
-0.952951
-1.74599
0.342127
-5.2007
2.28932
2.62965
2.461
2.818
-0.868262
-2.354
-4.81888
5.40926
0.49816
-4.18004
1.17639
-0.0180144
1.08773
4.99416
-0.505576
0.970402
0.387151
0.0272621
-1.53998
0.0228656
-1.16379
3.69009
-1.85145
-1.00669
0.958823
-2.11272
0.718059
0.216757
-0.97966
4.07866
-1.15392
2.16144
6.00884
-2.59216
-2.2618
-1.1746
0.363203
-0.699456
3.13695
-2.1288
0.826967
-3.31551
0.18082
4.56696
-1.36446
3.98742
3.6866
4.9222
-0.966824
-0.92749
-1.68243
7.33812
2.00569
-4.20286
0.286172
-0.34306
2.49049
-2.36717
-1.02667
3.1738
-0.393064
2.06574
1.3353
-1.97021
9.09554
0.207609
1.60598
0.436067
-0.30288
-0.337594
3.94234
-1.25613
-2.44654
-3.32585
4.14829
1.02067
1.32472
3.8145
2.00709
-0.204556
5.82467
-1.20279
-3.00223
-2.07408
-2.21812
1.21458
2.97032
2.04924
-0.559066
0.658284
-1.11022
-2.88774
-0.432687
-2.22717
-2.44391
-2.8289
1.25562
4.4655
-1.62342
3.55859
1.37258
-0.212163
-4.43388
-3.89046
0.685218
1.33854
1.56139
1.48263
-2.04181
-0.254649
-4.07823
0.11024
0.390929
1.27283
-2.05702
3.49671
-1.22659
-3.33936
0.0939806
1.96588
-1.91606
-0.272289
-0.0474982
-1.94006
2.87956
-0.632701
0.793254
-1.29456
2.48419
0.140831
-4.29875
1.89013
-1.84884
0.208631
-3.95034
-3.06759
-2.66764
2.20781
0.237932
0.322312
0.8243
-1.19112
-1.89601
-3.44816
0.237238
-1.78193
-1.00268
-0.151001
0.353355
-2.23259
2.83014
-1.83276
3.5335
-1.82332
0.0240513
-0.7298
-0.359817
0.341281
-0.377431
-0.919248
0.765351
2.7861
-0.74838
3.63751
-1.52122
-3.20134
2.61817
5.28348
0.709503
-1.48544
-4.77325
0.51598
-0.0117193
-0.778818
-2.3418
2.45834
2.16481
3.4751
2.55554
0.406407
1.34085
0.124024
0.0383759
1.31813
2.44661
-1.25536
-1.01074
-0.0973479
1.43225
3.40124
-0.342632
2.54021
-1.28226
0.0434792
0.855797
0.626278
-8.29728
-0.393171
0.475994
-2.16271
-2.02783
-1.31035
1.15457
-2.40219
-2.69085
1.38333
6.65002
1.74452
-7.00276
1.20994
1.99336
1.04983
-5.56039
-0.358303
0.750958
-2.02684
0.429955
-2.70856
-2.46647
3.84263
0.427359
-1.77653
-2.12999
-2.72262
0.348595
0.0311478
0.602098
2.80162
-1.56417
2.86015
-2.76682
3.33547
-1.09459
4.28695
-1.507
0.0206417
1.26856
-1.00173
-1.29417
-0.0408552
-4.39294
1.56265
1.86614
0.196963
-2.75801
-1.14458
2.25278
-3.50551
0.918017
-1.93143
-2.02935
-0.905023
-2.00846
2.87475
2.00605
-4.44324
-4.07633
-4.73489
0.840537
-2.42477
2.83832
-0.37946
3.84453
0.148974
4.0848
0.0459627
1.51458
0.358937
-3.19144
0.948841
0.113286
3.31948
-1.04345
1.13562
2.01534
-1.49777
-5.02532
1.73024
-2.53311
-0.138773
-4.01467
-0.508566
-0.698053
-0.742421
6.27463
-0.193411
3.201
1.25324
3.36411
1.18965
-2.05537
1.25159
-1.01758
1.9545
0.682419
0.167002
-5.4518
-2.56155
-0.888436
0.670597
0.922158
1.24281
-0.612945
3.34565
1.89057
3.53513
2.86816
-0.198487
5.73854
-2.02474
-1.74777
-1.27518
-3.1271
0.76526
2.49456
-0.0141022
4.86601
0.199662
1.23675
-0.330717
1.23993
-2.67441
-0.680188
0.175339
3.77271
0.236483
-2.09327
-0.706069
2.52986
-0.054072
-4.29657
-0.964671
1.01533
2.77081
1.98212
-1.20961
-0.295525
-4.05564
2.84099
2.53877
1.50642
-0.0514421
-1.50287
-1.97204
-1.70064
-0.455656
2.90872
-1.36349
-0.304976
-0.936482
-1.51166
2.23805
-0.312981
0.50899
1.73084
-0.426029
-0.227969
1.25171
1.52485
-0.511895
-1.21221
2.51514
3.46279
-2.72179
1.36704
3.40955
0.937472
2.48599
1.33016
-5.55722
0.477421
-0.50863
-0.812211
0.0728019
-0.235984
-1.01779
-0.149609
2.87756
1.01212
0.179567
-0.245714
-0.996473
2.6774
0.179599
-0.24667
-2.32698
1.92905
-3.89747
-2.8133
4.65018
-0.699698
-1.40635
0.562927
-4.11562
-3.93044
4.69659
2.56191
0.616246
1.52295
-1.86169
0.229656
-1.12316
0.528746
4.75698
1.92101
0.092594
2.29222
0.392346
1.0066
0.502221
1.79628
-2.49862
0.0342722
4.00902
-3.30125
1.49636
-0.822547
-1.15988
1.07901
-2.74245
0.260016
-1.84601
3.06963
2.64555
0.0617487
-2.37263
0.99309
1.16873
-1.8012
-1.37256
-2.60981
-2.05131
-1.53179
-1.26587
-0.760516
-1.03871
-5.31227
2.61166
-1.94478
-0.0814798
1.43297
0.290251
-3.80553
3.34545
2.03548
-0.376315
0.478049
-1.82177
0.753725
1.28076
0.55997
-8.36562
1.6629
-2.36479
4.21092
-1.98017
-0.895518
0.0946665
-0.309577
3.20919
-0.216346
-0.813128
0.588396
1.4206
-3.52106
-0.589514
1.03555
0.653483
3.31848
-5.07419
0.285156
-1.10537
-1.1193
-0.168673
2.1955
-2.39087
-1.70213
1.05183
0.667163
0.210067
0.0314502
-3.4255
-3.34882
-2.01068
0.722377
0.481925
-1.31841
1.58069
2.00253
4.25792
-1.93324
3.33871
0.165272
1.33337
3.00756
1.28534
-0.758123
0.342783
-1.56749
0.292291
2.50638
0.287983
1.43047
-1.11908
2.04497
3.40995
-0.14653
-4.89308
1.4091
1.8975
1.32888
-0.968945
2.3115
-0.427192
2.2856
-0.0864982
0.699815
-4.84907
-0.756587
2.9035
-2.23679
0.761209
-5.6197
-2.15138
-0.262542
-1.18667
-0.402828
-3.64383
2.18312
-3.09468
1.16385
1.73822
-1.87418
0.887357
-5.73475
1.84886
-1.05825
0.166415
1.17761
1.79144
0.410939
0.552411
-2.34028
-0.101286
-0.236281
0.918795
0.129957
-2.53387
1.85552
1.94701
1.01491
-0.400375
6.05432
-3.70986
0.13545
-2.84922
-0.55943
0.878889
-1.27401
-4.91109
2.53436
-0.84706
1.93438
-1.02665
-5.00573
1.2754
2.9057
0.343762
-0.256455
-0.933192
3.00331
3.889
-1.62935
-0.351783
4.1462
1.37596
-1.29801
-0.12999
-2.88799
4.88881
-1.33242
-1.94805
-4.80015
-0.204318
0.505637
-2.02072
-1.45061
-4.97822
-0.617035
1.70858
2.02548
-3.20371
0.197129
-0.3553
-4.75301
0.358511
-0.758128
-1.19971
2.12845
1.20115
0.312841
-1.17858
-0.27431
4.55398
-4.02495
-3.49718
-0.202089
-2.61146
-9.092
0.234275
1.57547
0.426888
2.67118
0.208293
-0.959421
-1.47076
3.67723
1.83193
-1.6856
-1.024
3.6665
1.91551
-0.846266
2.94271
1.32547
1.05569
1.61895
0.670888
0.576322
-0.682735
1.01038
-4.20529
-1.79998
2.67709
2.65299
-1.13339
-4.31017
-0.112027
-0.0499408
-0.208742
-0.515783
-1.19448
0.663361
2.12947
4.99557
1.02587
5.34517
1.16291
0.581318
0.247136
-0.217623
-0.114365
-3.61931
1.11327
2.48367
-0.931851
0.108269
0.822107
-0.081043
1.92057
-0.0067556
-1.16397
0.395442
1.50572
-3.10939
-0.574842
-1.00584
2.61411
-0.24274
2.45608
1.66637
-0.655988
-0.816524
-3.18306
0.272837
1.98846
1.96217
0.385406
3.2454
5.99193
-1.29196
-5.62221
1.77769
-0.0359608
-1.20416
2.8114
0.885659
-3.13718
0.320792
-4.19213
2.45088
3.91695
2.02275
-0.387222
-0.460084
-5.08082
1.74301
0.0305528
-3.61325
4.15392
-3.42577
-0.738105
-3.73588
-1.81331
2.90212
-0.404044
-0.326273
-1.51351
-3.07099
-2.27051
1.92337
1.58934
0.409563
-0.162684
-1.61747
-1.42516
-0.131966
-2.15059
0.339679
0.983856
-3.47025
1.88617
-0.847
2.35374
-2.07548
-1.12729
-0.0340533
-3.16018
2.63919
-5.54968
-2.37703
0.499488
1.34299
-0.885257
-2.60559
-0.445758
4.51908
3.03569
-3.01468
-4.24594
-0.900949
-6.09508
1.92774
-0.134271
0.134812
0.280399
-1.72528
-0.288091
1.29996
-0.876472
-1.1878
-0.910431
2.81498
2.1954
2.89228
-2.61821
0.131597
-0.93977
0.827899
1.08121
-0.899858
-3.54781
-2.81269
-1.80878
-1.04261
4.72596
-5.39978
2.23826
0.733956
-1.05652
-0.563017
-0.9096
1.75495
-1.46291
-1.47885
-0.684695
5.13809
3.37671
2.96371
2.29294
1.37663
-1.20716
2.24238
0.561977
-1.02607
-0.574819
-1.4946
-0.371426
-0.876199
-4.83118
1.8568
0.0210608
-2.68013
0.497079
-1.75703
-0.747275
0.0620889
2.96759
2.48951
-0.264765
-1.35407
0.998777
3.26687
3.51521
-4.23956
2.50541
1.2304
-5.18799
-4.77706
-0.243754
1.05824
3.08368
-4.49139
-1.51096
-4.78878
-5.22153
0.159031
-0.0526274
-2.51572
-0.0794947
-0.734608
-0.134381
-0.310384
-4.54386
-0.265544
1.26609
0.993084
-0.535734
2.38581
-0.351389
-2.53203
1.05843
-1.03271
-2.11416
0.784125
-0.450035
1.45045
-1.97987
-0.316411
0.660036
1.73772
-0.173993
2.00734
7.02358
1.89875
-1.13132
-1.18357
3.06428
2.86537
0.917048
-1.79578
-2.68047
-3.95556
4.4631
3.94181
1.51526
-0.275657
0.952957
2.09268
-4.20107
-3.61608
1.37215
-2.19289
-1.14492
0.989055
-2.81194
1.18195
0.917106
-0.476645
1.84036
1.80444
1.40053
-0.73853
3.55317
2.01525
3.19164
0.117582
-1.19456
-7.37308
-0.690409
-1.87919
0.495643
-2.36923
-0.786747
-2.05024
0.126121
-0.562807
-1.09361
3.63143
3.21197
0.781012
0.0884362
0.423777
-1.01589
-1.26663
0.212071
-0.989234
1.84598
-0.213521
-1.22157
2.16994
2.0376
0.279102
-0.554047
-0.0773979
4.69932
-1.61935
1.25798
-3.16972
0.808207
1.19843
-0.34041
3.91233
-0.63291
1.68208
4.33012
2.84432
-0.481435
-0.823219
0.445946
-0.0251204
0.669019
-8.30045
-0.180701
0.64035
-1.1593
0.953271
1.77909
-1.25187
-2.19673
-2.91643
-0.311196
0.654223
3.08775
1.95918
0.850571
0.26961
0.0766423
-0.24323
-1.29076
-1.18872
0.193522
3.05319
-1.79096
1.26399
-1.63445
3.56874
0.483459
-0.358586
0.793223
-3.97738
-3.14449
3.29049
-1.93658
-2.26943
1.75525
3.11204
-1.59801
-0.798766
-1.72925
-0.704664
-5.2434
-2.71507
1.19479
-0.308485
0.780251
-0.127499
2.02522
-0.695524
-0.913607
1.24462
0.512447
0.725551
0.681709
0.685298
0.956416
-0.951233
2.86103
-1.8403
5.77532
0.0892042
-4.18566
0.10589
3.11842
-0.00782771
1.12763
-0.440803
1.51045
-0.664044
1.80034
-2.00233
-1.22917
-1.1271
1.21018
-1.10852
-0.282269
-2.4492
-2.96178
-7.11515
1.67982
3.29052
0.222693
-0.680407
-2.44571
-2.26863
1.59166
-0.201889
1.70303
-2.24742
2.25293
-4.03938
0.540017
-1.37633
-1.17351
2.72544
-0.32804
2.10969
-1.9068
-0.538751
0.0769793
2.02212
0.117435
-0.513509
2.58949
-2.82131
-1.09638
-2.0827
2.55239
-0.305592
1.24142
2.1222
-3.13407
2.59395
0.0685303
0.267816
-0.983904
-4.84251
0.677827
2.61748
-0.604737
-0.163653
-0.928752
3.28784
0.96984
-0.517064
-2.99389
0.473138
13.2857
-2.20418
0.557536
3.41006
-0.322912
0.489792
1.79997
2.52449
-1.53373
-1.83834
1.58639
-0.597612
-0.425316
-1.04057
-1.31368
1.39338
-3.34829
2.93391
-1.60527
-0.657371
-3.24299
-0.459687
-4.23196
-4.24534
-0.31754
0.124255
4.93718
-1.75019
0.59153
1.93096
0.599329
-2.57341
-0.754546
0.496361
0.839042
1.20872
-4.24733
0.14324
-2.07714
-0.415232
5.99722
-0.571596
-3.01408
1.54371
1.72279
1.38453
-3.79134
4.37111
-0.699606
-0.18141
0.663615
-1.64502
-2.73237
-3.36269
-0.92118
-2.67084
1.77641
4.14186
-1.53355
1.75268
-0.786952
1.26358
3.77958
-1.90708
-3.52217
-2.36551
2.10611
-2.92331
0.150985
1.71726
0.108027
2.05311
1.1478
-3.11294
-1.98182
-0.944601
-0.295457
-4.30296
-2.32499
-0.361452
5.46864
2.38192
0.00840567
0.655773
-0.857914
0.725759
1.13082
-5.45924
1.54095
-1.08582
-3.39606
0.240044
-0.861267
2.05879
1.46075
1.4387
-1.79439
0.58597
2.31164
0.0743873
-2.64632
-4.91043
0.901877
-2.30973
2.98959
1.29988
3.92576
-5.42391
-2.17524
-1.13662
-0.383921
-0.900908
1.47025
2.17035
-0.897872
1.80286
-0.285191
2.59057
-2.55609
0.404247
-1.22062
1.79876
-0.168171
-1.35606
-2.15117
-2.05771
-0.393192
-2.75752
-4.55825
1.37568
-0.194736
1.55888
3.07384
-2.14059
3.54867
2.25936
-0.662857
-0.028091
0.0951282
-2.03262
3.21668
1.50201
1.05172
0.604512
1.44538
-0.349559
4.55162
1.79626
-1.43424
-0.913113
2.69321
-0.543325
-7.9362
3.33169
3.15772
-1.07597
3.19217
1.24978
2.08785
1.04764
1.13336
0.830026
-0.642855
-1.37745
0.583529
1.2148
4.60432
-4.54535
0.888501
1.13707
1.25401
-0.544003
1.20528
0.948923
-3.79882
-1.52058
0.0959675
-1.26372
1.25582
2.03786
2.23629
0.179739
-0.189035
-2.7278
-0.0851923
-4.58437
-1.76773
2.82662
0.721815
0.181063
-0.915232
-0.820364
-3.44412
-0.17783
-0.809236
1.13915
1.07076
-2.06167
-2.95704
-2.87075
-0.0770877
-1.15781
1.4475
-3.55981
1.75795
3.01157
1.16157
-1.60563
-4.24666
1.74489
-0.818249
1.83746
6.58196
-0.754091
0.0569135
1.98307
4.2686
5.91039
0.689431
-2.15352
6.15187
0.718483
0.545523
-1.01355
1.0179
-7.27541
-1.59506
1.01264
0.426343
-0.522464
2.29325
-3.1476
2.13987
-2.03342
0.426799
4.38844
1.64083
1.75741
0.835202
0.0588284
2.43083
0.331213
-0.391087
1.55578
-0.586229
1.75373
3.61757
1.31771
1.99098
-1.38885
4.7508
-0.971166
2.36384
0.361764
1.88659
2.16093
0.455047
-1.88499
-0.601719
0.858842
1.82235
7.15304
0.0814396
-1.28772
-2.53193
2.68837
-3.74429
0.950771
-4.25428
0.121845
-3.32067
-1.00081
-0.447134
0.825171
0.445272
1.81461
0.456258
1.09413
-4.34718
-1.03277
-1.3355
-0.416451
-0.339774
0.143352
1.73859
-1.82242
-1.1094
-0.0206313
-0.0148682
0.772093
-0.731777
0.284665
-1.22539
0.230449
-0.502452
-0.579898
0.121841
-1.06893
2.23246
2.26255
-1.76467
-2.03762
-2.75069
-1.86835
2.78488
1.07963
3.72781
-0.414969
-1.53535
7.16137
2.0913
1.56551
-2.29704
-0.549956
-0.202897
0.812476
-0.0131732
-0.688672
0.1607
-3.54062
3.94744
-0.151466
3.81145
2.36208
-1.63973
2.17231
1.78134
-2.99158
2.02229
-2.51544
1.72238
-2.15828
0.128063
-4.52253
0.921151
-0.235152
-1.572
-1.7127
0.200198
1.83712
-2.83913
-1.74599
-2.94522
0.251535
-3.96933
-2.23887
0.733488
0.0583554
0.170868
0.438594
0.412768
1.37759
0.713231
4.28389
-0.997115
6.65628
1.50849
-2.05195
0.726505
-0.304725
1.13293
0.928987
5.19644
2.4677
2.96754
-0.814509
0.0524119
-2.08868
-0.181374
0.883243
0.836708
1.48803
-1.81213
-0.814349
3.79866
-4.65461
-4.44891
-0.4807
1.30855
-2.15602
-1.45179
-1.07657
1.463
-3.23431
1.51365
2.68094
4.30664
-0.690257
3.92328
0.328269
2.93451
0.531564
-1.93397
-1.37143
3.139
-0.761682
-1.34432
-1.40766
4.48091
2.54758
-1.78021
1.22293
-2.80541
-0.529448
1.22486
1.86422
-0.885324
1.79513
0.52174
-4.64769
-3.38166
1.86331
-0.509797
1.55781
0.863623
2.33882
0.068865
0.500165
-1.16491
-3.60273
1.26673
3.22358
0.63222
-3.53812
-0.194444
3.6428
-0.488078
-2.21343
-5.15571
-0.900055
-1.7597
2.05391
2.6476
0.463751
3.63964
0.536215
-4.78317
-1.12607
-3.3022
1.22129
2.78278
3.99313
-0.123451
3.37271
-0.460061
0.376925
1.33933
-0.0483551
-2.04239
0.512277
0.144162
0.216623
-3.19755
-4.9816
-2.00097
2.68991
-1.35947
1.00994
2.38474
0.330587
1.75201
0.0693816
3.8669
-0.0533715
7.47362
-1.97805
1.29039
4.11044
2.40865
-3.26798
0.498146
-0.409599
3.04083
-0.361677
1.33167
0.218018
-2.44149
-0.917922
-0.859533
-2.33937
-0.734445
3.00523
-0.763066
-2.27064
-2.44053
-0.783588
0.498975
1.04623
0.171365
0.476263
0.134773
-0.450604
0.728136
1.15587
-0.155259
-1.65276
3.05326
2.85827
0.200683
3.48518
0.704327
-2.79756
2.5928
-2.92489
-1.28893
0.738852
6.01635
3.18587
6.1252
-1.07366
0.53575
-1.20044
1.18907
-0.581221
-0.299597
-0.489296
-0.330292
2.41181
-0.785918
3.98607
-1.16253
-2.62223
4.86484
-5.50646
-2.90846
2.42887
0.091381
1.24073
-5.34485
0.156051
-3.81211
-0.409233
-4.47864
-1.09989
-2.21355
-5.42932
2.32805
2.02678
1.96556
4.55918
2.46399
4.68369
1.5303
-0.346183
0.711765
1.30553
0.884199
3.68698
0.788165
-0.620102
-0.0768269
0.705754
-1.70382
4.31073
-1.51788
-2.53712
1.6791
-0.135822
1.33687
2.97992
-0.342091
-3.94751
0.857305
-2.52307
0.536931
1.15395
6.85546
4.70682
4.54877
6.01763
-3.58583
-3.97249
0.346129
6.26012
1.25434
-0.956321
2.63442
1.68966
0.446303
-1.5604
1.51581
-0.641479
4.3337
1.45176
4.01281
1.52183
3.91511
2.39265
-0.0584719
0.814531
-2.9866
-0.532025
5.32807
-0.0169716
-0.390267
-2.21807
-0.204041
3.54163
1.56791
-0.637659
1.29758
3.08194
1.68116
-2.19402
0.350053
0.184597
2.09143
-3.61667
3.10021
-1.75965
-1.62125
0.520491
-0.165023
-2.82991
-1.96141
-1.30254
-0.727236
-2.46029
0.234054
-1.58137
7.31992
-3.55736
6.73237
-3.592
3.08429
1.27905
0.758706
-0.69579
-3.1167
1.3029
-1.04205
-1.26769
-1.96346
3.22026
3.70435
-2.58363
-1.40788
-4.88273
2.50121
-2.44887
-0.321082
-0.524082
-2.34231
-2.98913
3.65512
-3.49319
-2.26977
-2.29569
-5.21955
1.88121
-0.0942491
1.57745
-1.70867
5.50135
3.2494
2.06492
1.82942
-0.322835
1.12623
-0.688304
-1.72734
4.40715
-2.98914
-2.89777
1.59197
-2.24507
4.34531
-1.7743
-4.29195
3.27364
1.45021
-3.4052
2.04654
-1.43861
2.63683
2.19409
-3.07468
-1.06659
2.49472
1.76591
0.196182
-3.81745
1.34901
0.704466
6.42498
-3.68721
-0.30224
0.475448
2.42417
-5.75418
0.934811
-0.344683
-2.00331
-1.46588
0.034149
0.0693288
-3.74682
-0.183662
0.97274
-3.93086
1.78523
-0.729073
-1.16079
-1.92172
-0.674015
-3.6265
1.947
0.55762
-1.54762
-0.325402
-0.0833209
-0.17466
0.368795
0.442122
-0.637045
-1.05455
2.12342
-1.75705
-0.55168
2.61516
-0.913908
-1.04809
0.10468
1.15495
1.36729
0.674065
-0.399499
0.246441
0.65406
-2.55133
1.85362
5.33023
2.34039
0.759316
4.20411
-0.516504
-1.05842
1.06968
1.4843
-0.716234
2.97364
0.877027
0.128355
3.6868
1.12638
-0.998678
0.477724
-0.1827
0.317749
-2.3848
0.413531
8.64146
-0.627876
-3.05626
-1.43123
1.43816
-1.94251
-3.39168
-2.19502
-0.393756
1.5092
0.611978
-2.42851
-1.29249
1.07341
-2.97634
-1.28968
-1.98418
-3.14817
-0.568253
-3.93361
0.686844
2.61764
-2.73112
-0.241934
1.83242
2.93211
-1.39119
0.281675
1.60761
5.04316
0.63278
0.283995
-4.58479
1.67467
-2.2767
1.6293
0.110372
-0.293737
4.41009
-1.28418
-1.81673
-0.275689
0.509781
-4.58521
-0.733328
-3.81074
-1.2604
-2.43086
-3.713
2.50312
2.49497
2.32726
-2.22399
-4.88431
-4.68513
0.660385
2.33067
-0.868565
2.78204
-2.54012
1.29502
2.07326
-1.31176
-0.995375
-1.30562
-1.61984
2.21933
1.79954
-2.58734
-3.33536
-0.367966
-1.17087
-2.64985
5.63495
-3.567
-0.444697
-1.40477
0.136503
-3.50265
-1.31085
1.50219
3.66542
-0.104801
4.1898
-1.22749
0.0586288
-6.28324
1.53606
0.450769
-0.471432
1.349
-0.45521
-0.239663
-3.44193
-0.813479
1.2025
-5.79408
1.93587
-0.223432
-1.15436
2.83034
-0.847291
