2.42716
-2.59538
-3.86395
-0.637267
2.05308
1.46915
-4.48863
5.72847
-1.49257
0.475905
1.87344
1.01108
0.870608
1.01088
2.22968
-1.25713
-3.03286
-0.171018
-1.50313
-2.77873
0.808609
-3.98542
-3.94939
-0.479371
-0.626876
2.48902
2.19484
0.541184
-2.31002
1.03062
-1.11218
-0.359919
-2.14697
1.9495
-1.42656
1.46926
0.701248
3.4374
-2.12163
6.77566
-0.401367
1.61911
0.471036
-1.57528
1.43852
0.87782
0.204308
-2.02589
-0.460463
1.03087
1.02397
0.664382
0.664972
1.62412
3.40012
1.83554
3.97364
-0.80286
0.758677
-2.16997
1.12197
-0.62147
0.254986
0.575046
0.0477843
1.06643
6.70649
-4.895
3.08051
0.731694
-0.460869
-0.803097
-1.21772
-3.40496
-0.25248
-1.21868
2.39864
-1.02117
0.449663
2.07666
-2.62424
-2.05036
2.01782
1.16188
1.46326
1.38444
-1.56495
0.154556
-3.84201
-0.310542
-2.31265
0.230341
1.89146
0.489826
-0.228714
0.617397
-3.68003
-1.01027
3.50379
2.52117
-1.74277
0.607873
-0.371048
-0.423628
1.30136
4.40017
1.44334
-1.00627
0.289801
-1.60345
0.247395
-1.79615
-1.28974
1.47431
2.54994
1.70305
6.79959
-1.1007
2.20315
1.14706
0.829091
1.65372
1.91686
-1.10165
-0.693563
-2.50461
-3.21633
0.180947
3.2087
-1.83756
4.00503
2.26372
-0.70172
1.90212
-3.3536
-1.24756
0.0622286
-4.28762
0.322832
0.510884
0.175511
3.05562
0.97283
-2.52949
4.62708
4.9182
3.00179
-0.560897
-0.362726
-0.815007
0.763984
0.307883
1.13548
1.45806
1.80721
0.731013
0.00429674
-0.72141
2.74641
-4.06956
1.67265
-0.0510711
2.78103
4.34731
-1.73498
0.143317
-2.67015
0.0540376
-0.462513
2.12926
-4.42236
-3.59144
-4.65752
1.79877
-1.7817
-2.12553
0.301244
3.25184
4.03508
-0.0247581
1.13917
1.23542
0.155809
0.383719
1.96838
-0.00569958
-1.10873
-0.777753
-0.39171
-2.06621
-0.60493
-3.13273
2.07877
0.397712
-3.7806
1.09822
2.58231
1.88874
-3.56775
0.87323
-1.03661
-1.56719
0.906358
0.945347
-0.585332
2.16293
-0.800649
-4.05497
0.964927
0.0221127
0.557083
-0.922001
-4.03959
1.05111
-0.874984
-1.47141
-0.60978
2.59417
2.26188
-2.32512
-2.16977
0.468034
0.363618
-0.668494
0.724688
-2.53549
-0.298272
-1.35847
1.68546
2.23263
-0.57103
-2.53618
-0.138228
3.85429
-5.22334
0.934166
-1.29602
-1.33132
1.14506
3.01271
0.525754
-2.62729
-1.56218
1.62427
-1.08437
-1.18843
1.38186
-0.632045
1.24735
2.81149
-1.18944
5.32172
-1.52048
-1.87687
1.29442
0.316574
-1.80129
0.991174
-2.33379
-0.140099
1.0272
1.66254
-1.05504
-0.41359
-4.20784
-0.809371
-1.50167
2.73632
-3.82813
-0.932462
-2.80758
-1.17844
-2.59829
-2.60747
-1.70539
-1.39869
-0.955438
3.25201
-3.10504
-0.090521
-1.08537
1.47433
0.338948
-0.998678
1.72985
-4.83275
1.22021
-0.768798
0.564751
0.856798
-0.130487
1.34758
3.76001
0.219775
3.41465
-0.183505
-2.62516
-5.50457
-0.435184
0.823317
-1.3541
-2.19815
-1.24156
0.995292
-1.12238
-3.11477
0.747492
-0.72982
0.415769
1.15195
-1.0172
-0.775569
1.09768
2.62913
0.469481
6.86796
-1.99727
-2.52081
-2.58533
2.09464
10.1622
0.36826
1.8162
-0.36699
0.936453
0.749359
-0.713355
1.36604
0.0130766
-0.338128
-1.24474
-0.670398
-0.163558
-4.32691
3.60938
-0.890248
2.34407
3.07523
1.16307
-1.01663
0.0367248
-0.0890329
-1.98479
1.63652
2.41572
1.13522
-1.37967
-0.0267675
0.482818
-1.87139
-1.3343
2.73502
1.10611
2.18318
-5.17729
4.04373
0.387061
-0.624818
2.55063
1.40501
-2.11903
-1.00467
0.679495
-0.736802
-0.888318
-4.67224
-1.4214
1.82324
0.217373
-0.226612
0.715146
3.17066
-0.61812
0.565759
0.598923
0.386207
1.83784
-3.70454
4.35964
-4.39247
2.21734
2.65649
2.48365
1.83628
-2.32985
2.05266
-6.50209
1.32792
0.639193
4.75795
-2.34464
0.560513
-0.315665
-0.0958452
2.11795
-0.668419
5.60917
-5.07816
-0.685349
3.66184
0.689148
-0.36889
1.38324
-1.30695
-4.79571
-0.172612
1.04631
-3.7619
-4.02978
3.30981
2.21595
2.29893
-1.01458
-0.627721
-0.812639
-0.873965
1.85435
0.73879
3.65938
-3.16174
-1.31225
-1.67652
0.154163
-3.15196
1.06813
-3.51757
2.43181
1.49852
-1.00718
-0.485838
0.174182
2.30086
-0.475591
-1.84877
-4.81573
2.5641
0.48458
2.52867
-0.0168596
2.68519
-1.47045
-0.196246
1.22564
1.11113
-0.207561
-1.78466
1.51946
4.38506
-0.355047
-1.1208
1.6951
0.0572012
-0.389874
-1.36467
-2.06291
-1.76232
0.307657
0.799567
-0.562064
1.10057
0.856776
-0.0789375
-1.83537
-0.252747
1.73049
3.46471
1.37291
-2.17779
2.79619
-1.06607
-1.11074
1.80858
-3.46404
1.48562
-0.838739
-6.39811
-0.502415
-0.214725
3.4459
2.49457
3.78816
-1.06353
-1.08898
-0.707479
0.113754
-3.16839
0.691127
-1.51876
4.21269
0.170766
1.05012
-3.91352
-0.442343
1.52191
-0.129654
-6.36665
1.96143
-0.746257
0.636355
3.82695
-0.452867
0.302356
-3.13841
0.00439449
1.67494
-2.53088
-4.4806
1.30509
0.260837
-0.0590299
-3.1256
0.259731
-2.05254
-4.38429
0.0825206
-2.28026
1.04799
-2.47567
-2.6556
1.96744
0.444706
1.76998
2.0347
0.223195
3.24792
-2.01046
0.240174
3.31274
-1.8256
2.6892
3.60323
1.22967
2.9522
1.30554
-1.29334
3.36921
3.3978
-2.68043
0.645955
1.75226
-6.42675
0.733952
-3.52441
0.181803
2.12892
-0.68428
-0.173728
0.95091
2.01473
2.78732
0.701605
-0.431227
2.49349
-0.167042
-1.01371
-1.20107
2.8517
-1.01023
-3.76892
0.345397
2.70485
-3.37578
-1.28671
1.61413
-0.651873
0.489621
2.71501
-0.785577
-4.09427
-1.77011
5.04753
1.12348
-0.109807
-0.235169
0.187723
-2.05058
-2.51534
1.73751
-6.32976
2.62111
0.0910505
4.90425
3.02332
0.801901
1.31673
-0.20298
-1.04162
1.33999
-0.0944846
0.903772
1.40629
-4.67093
2.68952
5.12548
-0.0543427
1.96166
-1.18868
0.984407
-2.72979
-0.346318
0.937296
-1.44888
0.491777
-5.88472
3.3203
-0.910778
0.696152
0.865591
5.1871
0.134427
-1.51423
0.566282
3.40765
-3.85779
0.412505
1.63391
1.88662
3.23648
3.35234
-1.66003
-1.59715
1.75488
0.657585
-0.224196
-4.91611
-1.45166
-0.64663
-2.07233
1.02991
4.23776
-2.86942
0.735106
2.02713
0.886762
1.42588
1.51986
-0.324382
3.29819
5.04656
-1.38924
0.0141428
-3.2487
-0.796373
-3.16437
-1.78715
-3.14624
-3.17225
-3.15777
0.253664
0.536069
-1.43999
-3.19443
6.45458
0.691388
1.53781
-1.12318
0.149057
1.40507
3.39822
-0.465142
5.18269
0.413524
-4.2241
-5.75579
1.7131
-2.27577
-1.80856
-0.993229
0.915983
-3.68113
-4.07749
0.815496
-1.78576
-2.88995
-1.48016
1.73726
-2.19326
0.329538
0.791666
-1.32133
-0.454341
1.001
-0.907478
-0.898566
-0.543594
-1.6682
-4.78381
0.494639
-0.980539
6.04888
1.06184
-0.0720128
1.48385
-3.5405
0.554949
0.235695
1.36358
-0.763896
-2.7248
0.396252
2.69979
-1.66204
2.33622
-1.1227
-1.51349
-1.37307
1.92304
2.53329
-0.659944
-1.19564
0.189875
-3.62263
3.24479
1.4867
-0.891573
-0.428305
1.31627
-0.851813
-2.0733
3.68419
-3.3111
2.94291
1.85307
2.99044
-3.31899
1.21278
-2.65758
-3.03755
1.52828
-5.32401
0.188973
-1.33814
0.214497
0.195775
2.80904
0.304462
2.03282
-5.82637
-7.20039
6.41791
3.59608
2.37199
-1.07415
1.05905
-0.654956
-1.20452
5.57005
1.56907
-3.29622
0.877175
-0.286433
1.3887
2.27727
-1.22587
0.493618
-4.22244
2.31597
0.407742
-0.432379
-3.48666
1.35956
1.39757
-2.00641
1.98595
-2.53977
-0.40909
-0.148094
2.13806
-2.67746
2.47624
1.57942
-0.629212
-0.356268
1.72762
1.77479
-0.352874
-2.96138
-3.37328
2.48932
1.51698
0.0899463
1.78283
3.84917
-1.61639
1.6692
-0.0844755
-0.721676
-2.00073
-1.07779
0.97321
0.745324
1.26119
-2.24136
-0.309879
-3.82452
-2.75074
-4.99783
0.860743
2.43403
0.298035
-0.737042
2.22796
-0.047306
-3.35663
2.35968
2.09194
-4.76465
1.62081
-1.3035
0.698342
-0.465537
-2.84863
-0.888516
1.12656
-0.114951
0.432364
-2.63319
0.505799
-2.18539
5.32249
-4.36031
2.09428
-2.28123
-4.45135
-1.1117
-3.37832
0.862626
-8.17241
-1.18906
3.10063
0.994061
-3.13693
0.984248
-1.61697
4.03258
-3.05703
-1.83049
1.97217
1.74352
0.918562
0.174585
-1.38069
2.50409
-0.29343
1.45493
0.0482309
3.42479
1.24222
-1.72205
-0.446939
3.0619
-0.035149
0.628663
-1.12742
6.0758
0.199938
-0.0513578
0.733331
-0.451596
1.48775
-1.09609
-0.369851
2.94365
-1.39501
-0.14225
-3.81875
0.735168
-8.38503
2.64392
1.8127
0.423947
-1.68892
0.0923115
-0.281938
4.78897
0.12434
1.33224
0.653886
-4.06249
0.160587
0.7221
5.89271
-1.29183
-3.10198
-2.15061
1.20344
-0.628315
0.201729
1.47679
2.56017
-2.3318
-3.65404
3.66434
-1.48627
-0.579687
-2.01016
-1.43794
-0.618492
1.58052
-5.55144
-3.63403
0.962692
-1.81484
-2.78677
2.64817
-0.372408
5.39893
-4.47047
-2.82995
0.302607
2.14805
0.632407
0.171102
0.174457
-0.314719
7.69597
-1.85315
0.170813
-0.978349
0.895012
3.39268
0.530986
0.182798
3.74118
2.98911
0.441483
4.30775
5.44563
-8.49717
-4.21092
0.319971
0.391254
3.13765
2.92281
0.464602
-8.90844
5.26483
-0.214993
0.610192
-3.56416
3.22191
0.855808
-1.82355
-1.47762
2.19635
-0.494389
-2.82256
2.85725
1.54495
2.4433
0.352548
-2.00083
1.12145
-1.1556
2.8909
-0.437094
-1.62635
-3.48036
-3.50856
0.666198
0.665549
0.578702
-1.32165
1.03942
-1.40846
0.776248
1.96227
-2.47877
-1.55723
0.231645
1.66006
0.837073
1.36747
-1.80047
1.66608
1.09282
-0.652481
2.62022
-3.87327
-1.34683
-2.05358
-0.717288
8.52638
-1.14272
0.920442
0.297026
-0.0247927
-2.55276
-0.745146
-0.82892
-1.59847
1.22363
-2.32761
2.08295
-1.39575
-1.07226
-2.67379
-0.371003
-1.49827
-1.74125
0.511364
-3.46922
4.72834
0.722884
0.308831
0.566494
2.69861
1.17032
-0.239724
0.0351279
-1.74908
0.245423
-3.28134
-0.618858
5.21536
2.53164
0.545897
-2.3534
5.0765
8.07046
3.46799
-0.590304
-2.57203
-2.88805
0.415199
-1.79623
-0.754201
2.65605
-1.42331
1.01103
2.00496
-0.0904741
2.06445
-2.4878
-1.07895
0.333154
-2.76088
1.85241
-6.16703
0.0364104
-1.15113
2.02844
0.428495
-0.37685
-4.14695
0.66062
-1.07571
1.07949
-0.303247
-1.3976
-0.635613
-1.03606
-2.72051
-0.37119
0.478663
-1.74055
0.216303
-0.486326
0.997059
2.48902
1.28236
1.15071
-0.188278
0.261125
0.74154
1.45183
1.28045
0.019295
0.310078
-0.185691
2.33365
3.05123
0.318868
-2.2799
-4.20617
-2.20044
-0.252612
-1.52736
4.3548
0.0797686
-1.47539
-0.289871
0.869905
7.52044
-3.46744
0.24825
2.1416
-0.886505
-0.16059
0.698657
1.85153
3.45683
2.02577
-1.29402
0.825247
1.78298
-2.72087
-2.01548
-1.43718
2.84986
-2.57892
4.16659
-1.25445
-3.65043
-1.22821
1.59147
-1.21817
1.42535
3.30194
-1.33183
-0.183819
4.65367
1.29184
-2.16488
0.928759
1.7139
-1.84435
-3.76013
3.22698
1.61044
2.30073
6.66898
-1.89727
0.742281
2.76123
-1.39511
3.12168
-2.01493
0.402996
4.85602
2.48129
-0.310366
-4.30641
-4.38301
-0.178447
-3.39206
0.382796
-0.614167
-1.72121
-0.582322
-0.893375
-1.76035
-1.26463
-0.151587
3.67508
5.29515
-2.44403
-1.87264
0.21501
-0.487142
0.955209
1.14588
2.12893
-2.60126
1.68497
1.81614
1.89351
-1.02728
2.04461
-0.419683
0.74071
0.52971
-3.06864
2.37606
-1.25848
4.20045
1.12475
0.0581547
6.32608
-0.945491
1.08114
3.67214
0.0798887
0.63736
-0.256988
1.9154
-0.829969
-3.6799
4.3387
1.77246
-1.03704
-1.95315
-0.225811
-2.17944
2.80197
-0.761689
1.52854
0.52208
-1.15328
-1.59214
-1.30782
0.149526
1.87257
-0.0644637
0.595092
-0.31595
-0.856614
2.62967
-1.81524
-0.243328
0.415707
3.77042
-0.595727
-4.62162
-2.74392
0.66615
-2.67732
-4.23083
-0.36883
1.92804
-0.467619
1.16194
-1.69074
2.45905
4.95527
-6.02434
1.30492
-0.0331419
-1.12476
1.10266
-1.70203
0.141158
1.50694
-0.544036
5.39161
0.103286
0.307338
0.346308
4.11786
-2.55007
1.64768
0.954691
-0.23958
0.646439
4.56965
1.21082
0.318465
0.365037
6.15765
-4.00544
1.35557
0.739
-2.1142
0.809308
-0.057001
-2.17501
-1.57028
-2.99919
0.00980054
0.335261
-2.18995
-1.24457
-1.23854
2.07522
-0.819745
2.11018
-2.07991
-0.262646
-1.48307
0.781452
-1.10002
-1.92671
0.842882
0.825398
2.98021
-3.92504
0.293343
-1.07181
-1.81483
-2.31666
6.97086
-1.04045
-2.07354
-1.90213
-0.695458
-1.31068
-0.197017
-1.22269
-2.1349
1.40264
-1.09236
-7.7349
0.75574
-2.68086
-2.01631
-0.208579
-2.22392
2.01326
-1.22425
2.50757
-0.353411
-0.359569
1.52638
-0.284659
2.54416
2.05441
1.16642
2.18408
0.8239
-7.34906
0.0180523
0.142751
0.301736
-4.71503
-0.369225
-0.000313209
-0.414678
-4.38603
-0.0207289
-1.51284
-2.15091
-0.285417
-1.24078
-3.67969
0.938067
1.81725
-1.75976
-0.919646
0.495834
-0.612816
-0.55009
1.81265
2.56965
-1.79608
1.31159
-1.80206
3.26263
-5.20978
-2.14839
4.30035
-0.88287
-0.894569
-1.56948
3.75964
-1.3428
0.199603
3.01488
3.63781
-0.0284229
2.1739
4.57259
0.341553
-1.99112
-4.13976
5.81384
2.24646
-2.30271
0.303983
-2.55611
-1.60814
0.373258
0.288457
-0.0677085
1.29678
0.454383
-0.482898
-5.10092
1.2447
-2.54333
2.45944
0.554633
-4.32721
1.57955
0.58168
-1.3782
1.36795
2.44658
2.94675
-0.173031
-3.28645
1.95027
1.54538
0.675664
7.23277
-3.00027
-2.50764
-0.639995
4.02071
1.88754
0.016028
-3.37768
-0.00932699
2.88035
-2.3403
-0.555625
-4.46189
-1.53999
-1.54204
1.17042
1.84463
-1.23932
5.28947
1.3704
-1.37173
1.0614
-2.1982
0.251607
-0.709739
-1.72502
-0.00773299
1.58891
0.304112
0.670041
-2.86881
-0.0969396
-1.38118
0.229386
-0.77984
5.47222
0.718947
-2.79873
-0.628388
-1.26696
-1.37388
-0.919419
0.418922
1.00065
-0.491725
-1.49287
3.33898
3.56305
-1.62697
-0.0440361
-1.56091
1.2308
2.01836
-6.76794
1.72043
-1.48226
-0.608645
-1.61446
-1.42537
0.00195012
1.56159
1.25062
-5.59927
-1.67761
2.66616
-0.377831
1.2378
2.23801
-7.28959
0.254085
-5.00831
-0.307863
-1.87525
-4.41406
2.92918
2.33384
-6.38057
-2.33405
-3.69491
-3.6977
5.82369
6.96631
-3.28826
5.12309
-0.316877
0.0663792
-2.95152
2.66289
-3.98103
1.41024
-0.668288
0.573465
0.302591
-4.40657
-2.27331
2.18433
1.20179
-1.28989
-1.32028
-1.99053
2.9204
1.0214
0.577692
-0.34706
-0.641115
-0.369458
2.08839
-1.8854
-0.422771
3.197
1.45373
-0.914827
1.8129
2.05969
-1.07737
0.976186
4.08303
-1.61646
2.73694
-0.57924
4.03089
0.427156
2.28743
0.540291
-2.7908
0.202784
-2.11875
-0.431406
-0.04639
-3.04642
3.5699
0.162489
-1.81139
-2.98684
-0.675921
-4.73858
-0.983822
-2.99273
-0.845937
-0.868651
-1.60352
0.127374
3.3575
-0.0169614
-1.60981
0.194398
0.204958
1.92885
0.735273
0.254147
-0.555529
2.56529
-0.954704
-2.55437
8.19978
2.97921
0.0852109
-1.50045
-1.04065
-1.22115
-3.14092
-6.18635
5.02056
-2.86286
2.35707
5.11068
-1.25696
1.30993
4.84222
3.16773
-0.1771
-0.192265
-1.71646
2.09413
-0.593797
1.19501
6.34542
2.35398
1.8195
6.57594
-3.6521
-0.293384
0.858375
0.468491
-1.35323
-0.37525
0.309902
-0.713364
-0.00765457
8.57126
0.00596235
3.23165
0.314313
0.4689
1.04803
0.285999
0.273263
0.348613
0.303606
-2.7138
-2.79478
1.12448
-0.297546
-0.274599
0.750716
-0.0579751
-0.356448
-4.02801
2.24575
1.56961
-0.258737
-2.42734
0.655997
-0.135397
2.70834
-1.63208
1.38556
-3.11128
9.31832
-2.11704
-4.24417
-2.53142
-2.50951
-0.54092
0.394318
-1.57745
-2.52092
1.07136
-0.87685
4.22333
-3.49609
-3.30575
-2.56951
-0.0996099
3.31379
-0.532569
2.23701
0.647712
-1.22968
-1.95743
1.95169
-1.6187
2.57605
2.06416
0.452129
-1.85699
4.39701
1.33945
0.0955796
2.16201
2.06869
-0.577048
-0.228263
0.988067
-0.936521
-1.28741
-1.56583
-2.39678
0.518874
-1.26733
-1.01668
1.897
2.62055
4.66824
5.72444
-0.348894
-1.07686
4.00182
-2.83432
0.85665
0.143063
-0.95254
-1.06376
1.22021
1.28058
3.39756
-0.220509
-1.53238
4.88446
1.38863
1.45599
1.88098
1.33314
1.66405
2.25853
0.670198
-4.39084
-2.5839
-0.0928465
4.00303
-1.54884
2.4325
-1.90448
-1.94725
-2.34547
1.93902
-7.95553
-0.493016
-3.54263
-1.71126
-5.03417
0.371828
-1.2092
1.54622
-1.06417
3.59683
-0.259222
-2.79671
4.19889
-2.23289
-0.253549
2.0636
-0.445472
0.950459
-0.351586
2.11008
4.72794
2.37308
2.7223
0.326053
-0.343699
-0.416022
-0.137585
1.30262
-0.299285
-0.658036
-0.45134
-0.0641166
0.665395
-1.57902
-4.03828
-3.84644
5.79952
-5.3582
1.41229
-0.805746
-0.236233
2.81136
0.899229
-1.08668
-1.14409
-2.16354
2.64349
3.65703
-4.88534
0.595062
-1.24071
2.806
3.34984
0.374636
0.880348
2.87132
1.55382
-5.73128
2.67751
0.404774
3.64184
0.706201
2.46803
1.78943
-1.51324
-2.3347
-0.403697
3.87735
3.54256
-6.03513
4.7819
-4.0557
-2.24687
-3.14153
-2.87195
-1.47768
2.66118
0.716766
-0.0922876
1.27618
0.192034
3.98046
1.95116
-0.12509
-0.538882
3.42765
0.100042
-4.32302
-1.20247
-1.01318
1.25951
1.62688
-0.688335
2.13097
0.06824
-2.73348
1.61427
-0.750321
2.69005
3.0605
-0.266488
3.96725
-2.58931
-0.120384
1.9696
-0.058952
-1.95002
-5.06144
4.60655
0.168509
0.542361
1.26383
-1.8208
-1.39158
-3.47676
0.214426
-0.815311
-0.147324
6.49742
-0.998813
3.04789
-1.3123
0.331203
-1.30611
2.1708
-0.243861
-0.988564
0.124119
-3.50831
-2.89616
0.204047
-1.97889
2.99302
2.63681
1.31194
0.441297
1.44713
-3.0843
1.42775
-1.6184
-1.56569
2.27551
0.945772
-0.22146
3.12284
-2.52041
-0.58128
2.98209
2.01345
-5.8777
-2.38581
-0.351065
1.49749
0.413424
-4.19988
0.26015
-0.67666
4.62413
-1.41748
-1.79615
-0.630148
3.59385
0.149984
0.185859
-0.272607
-2.44466
-3.2235
-1.87665
4.75737
0.329228
0.719262
-5.12946
-2.45363
0.158903
0.295565
-2.81699
-4.12668
-1.18447
1.38149
1.18892
1.02666
2.99887
-1.21595
1.85622
0.361004
1.379
-1.16487
-2.86564
8.03443
0.884238
-0.0824585
-0.455852
-3.19962
2.589
-1.82655
13.5054
-0.246786
-3.9742
0.469819
-1.57504
-2.82776
-7.2085
0.0388368
0.770402
3.12441
-6.99467
1.34006
-1.24774
0.189767
1.45018
-2.12789
-1.1972
2.47932
1.1219
1.54378
1.6446
-1.10663
-0.976965
1.3498
-1.24212
1.47446
-1.52388
4.45419
-1.10565
2.48857
1.14114
1.40733
1.52833
1.16349
-0.341896
-0.896281
1.54209
-1.40593
-5.55431
-2.11338
-1.32203
-2.40188
-0.0234869
0.293136
-2.12461
-0.0675788
2.44642
-1.2745
-3.25079
3.41737
1.02679
0.661344
-4.69009
2.38942
3.68691
-2.70371
0.131363
-3.03244
-1.00588
-1.37073
-3.88246
2.71878
1.07673
-1.63246
-0.817257
-0.905731
-1.68425
4.25063
0.581938
2.59359
-5.8697
2.14555
0.113154
3.25984
-0.900798
-0.366698
1.49639
-1.80487
8.42556
0.768153
0.729628
2.13132
-2.81471
0.257758
0.767915
-3.04969
0.00617285
-1.0737
0.359578
0.776222
-3.23558
2.98686
-1.99164
-2.52705
-0.86912
-1.72095
-0.498719
-0.662085
-4.09491
3.00984
-3.10548
1.06634
-0.45306
-2.65875
-4.17767
-1.58553
1.36534
0.428955
-6.99552
-0.563043
-2.59808
-2.77122
-0.776682
0.632603
0.694419
-0.185496
2.31461
-0.655283
-1.49116
3.81458
-1.65009
1.31383
3.78389
-0.356431
1.39838
-3.63727
-1.59852
-3.09698
-0.205319
7.342
1.44182
-5.13671
2.68126
2.13893
2.3676
-0.0541218
1.74538
-1.38665
1.0837
-3.72429
-1.09159
0.137585
-0.786832
-2.33741
-0.932912
1.01455
6.45996
3.13521
0.0119044
0.063836
-1.27063
1.69943
-1.49174
-0.495478
-0.502587
1.2201
1.32955
-5.12531
3.11824
-1.91811
1.29355
-0.296926
-8.34667
-3.70766
-5.64103
-0.0913529
-3.56561
1.96638
0.614841
0.318541
-2.60767
2.9817
-0.772665
-1.6204
0.454733
1.46636
3.07964
-4.43562
0.279255
-2.67464
-1.75574
-0.214247
2.56733
0.541497
2.48917
1.05867
3.75079
0.221321
-6.15828
4.06415
-3.2665
0.237614
0.738864
-0.863822
-0.657225
-2.3801
-2.83253
-5.22055
-3.66613
-0.636547
-0.304011
-4.42652
3.41888
2.50832
-1.68913
1.60243
-1.36255
2.05205
1.46947
1.88273
-4.09881
1.10577
-0.950787
-2.65237
0.452077
-3.10627
-1.10502
1.92471
1.47164
0.870301
-3.81037
2.78135
-3.1878
-2.41912
-1.39677
-1.30436
2.79555
-1.88221
-1.3941
-2.0549
-2.26332
-2.3974
1.9847
0.271539
-2.1372
-1.27514
5.89909
-3.09119
-4.2037
-2.58614
0.146399
-2.89837
4.28836
2.72134
-0.00897902
0.875304
1.07575
-5.54561
-2.04205
-3.77593
-2.56165
-2.41924
0.256422
-1.07466
3.31921
-1.05452
1.14758
1.67467
-0.314714
0.539816
1.44464
-1.51382
-1.99218
1.27619
1.40616
-0.0302984
-1.13758
-2.50119
-0.00308002
-1.27867
-0.0806706
-2.61321
1.06413
3.55713
-2.33765
-2.13198
-1.7933
7.32052
0.529596
-2.3594
0.171732
-1.46673
-3.70299
-0.911785
1.70863
-0.17947
-3.68177
1.44992
-0.953493
-0.0554871
-1.19525
-1.33
-0.294221
3.65012
0.248548
1.36981
1.79956
-3.74071
-2.36661
-1.00323
-0.966733
-0.16329
0.309967
2.08728
-4.14221
-1.80114
0.637498
-0.313812
0.476982
-6.91552
-0.964692
-0.665974
-5.42218
0.486078
1.22557
-0.705707
2.92613
-1.9832
-0.143641
-0.493275
0.71701
0.597167
-0.964569
-0.0941593
-1.53311
0.687857
3.05036
1.98584
3.34442
0.270486
-2.05456
1.34996
-4.06301
-0.981138
-1.93479
-1.5974
1.1645
4.33722
2.41419
4.67187
-0.174005
-0.396128
-4.08515
-1.59766
-0.0655695
1.53255
2.0264
-3.15655
-2.62615
1.46787
-2.59115
1.18525
1.51761
0.236251
0.850756
-3.42435
-0.982583
-2.25124
2.53424
-0.545432
-1.63589
1.40794
6.07138
3.31265
3.75363
1.85248
4.3958
1.90466
3.9595
1.27594
1.04963
1.1792
-1.35384
-1.61196
1.57544
0.845833
-1.18598
4.48542
-4.44889
-1.25852
3.12537
-0.385053
-1.27718
0.0569249
0.487113
-0.531966
-3.06039
-0.43996
2.54961
1.37649
2.54829
-1.63973
-0.0636566
0.111546
-3.92597
-0.484431
1.64772
1.2155
-3.28104
0.717016
-0.816902
0.187119
-1.07718
-1.43463
-0.732627
3.40242
-7.33373
-1.35455
-0.771215
0.581946
2.74865
0.08914
2.53122
1.55718
1.25153
3.26812
1.1838
4.80976
-1.18542
-1.00985
-4.20191
-0.313994
4.26514
-0.773243
5.30465
-7.4092
-5.14781
-0.711223
-1.6773
0.395882
-0.313808
1.36393
-8.22918
3.47168
0.92033
-1.37544
-2.58349
-2.15704
-1.47995
-0.273406
0.41246
1.55519
1.05746
-5.82929
1.48987
2.08177
-0.448727
-0.630839
1.14947
0.108623
-1.8876
-1.76465
2.11654
1.59261
2.90744
1.14557
-0.90871
-2.90215
-0.977329
-0.250063
-0.346871
2.05633
3.2524
-1.33702
3.89666
-3.32351
6.95198
1.50464
-1.23301
-0.151436
4.11076
-6.59968
0.897394
0.42143
-3.55536
-1.13563
0.996509
-3.06295
0.355633
-0.948808
-0.0671177
-0.0413628
2.56065
-0.192676
-3.67293
0.243418
0.981509
3.59794
-0.366989
2.20606
1.50484
2.67284
-0.840533
1.49045
1.96019
0.576281
-6.57463
1.00816
-0.0204504
1.08419
2.82447
0.297415
-2.79397
0.0991408
-5.79892
0.212804
-4.31805
1.1306
5.91005
1.69283
1.08087
8.66108
-0.527237
-1.15567
-2.14596
5.75604
0.517071
-0.245206
-0.489997
-1.84842
-1.88142
0.987856
2.23859
-1.04845
-4.11928
3.63841
-2.85605
0.835247
-2.80139
0.553002
2.37511
0.300559
0.171506
-4.60146
-3.48817
-1.53557
1.33591
1.16875
0.27139
0.983814
1.82018
-0.958682
1.62046
-1.10155
1.52062
0.647809
1.99917
-0.261325
0.608147
1.06299
-0.595769
2.18503
5.1875
-0.155437
0.188871
4.35447
0.107046
1.54602
-0.84485
1.90459
1.85116
3.73036
-0.661739
-0.925548
-2.7615
-0.923042
2.24455
-1.81678
-1.62985
-5.7381
-0.0208384
-8.73841
-0.637854
-1.26001
-2.3224
0.699966
-0.563941
-0.859053
-3.22607
3.9686
1.51835
-0.439846
-1.04533
2.85716
-0.993756
-3.61671
0.0640877
2.3623
0.0785197
-0.277973
-1.18505
0.256046
-0.374621
-2.05457
0.872564
-3.20251
0.63181
-0.356838
-1.39948
-0.456122
-0.996915
6.52242
-0.701991
3.63791
4.62128
0.502359
2.3114
-3.21372
-1.73846
-1.05379
-3.71879
1.1595
2.96523
-1.85391
-2.7279
-3.12199
0.898308
0.0624669
0.304425
-2.73836
1.8311
0.115654
1.22206
2.16853
-0.720408
-5.00684
-4.62757
-1.24603
2.12736
2.2129
-1.30771
0.969361
3.98908
0.0439818
-0.611544
-0.423074
3.80472
1.43476
-6.7778
-1.9845
-4.99231
-1.11372
0.357883
6.77197
-1.06836
-2.29177
-4.04784
0.521159
1.93806
-6.31113
-3.15938
-1.7017
1.93702
-0.498165
2.07369
2.08778
5.48368
0.854394
3.66941
-0.711939
-2.15444
-0.447965
-4.59627
-2.28501
-2.90433
0.178097
-4.25873
5.38737
-0.84529
-4.37832
-0.846248
1.52189
2.5161
2.38778
-1.02931
2.57385
-0.703202
3.40827
4.29951
-0.034718
0.748321
0.538226
0.459246
-1.23221
-0.333156
2.63428
6.45438
0.353136
3.02597
0.969421
3.92351
1.8931
-0.367606
1.87862
2.81705
-0.541645
2.841
-0.285636
-0.770738
3.43636
-5.0656
-0.163047
0.854824
-0.151139
-1.45306
-0.833037
3.22614
2.46269
-0.845322
3.14179
2.61614
0.839393
1.38302
-0.861386
-3.72382
-2.5644
-0.348753
0.718605
-2.64438
-2.10694
-1.67659
0.192268
4.95774
-3.4088
-5.21978
-1.42897
1.35732
-0.627457
0.905797
2.70579
0.489015
0.279835
0.00301867
2.68534
1.07081
2.23721
3.77794
0.682305
-0.260872
0.128602
1.46493
4.69959
1.77344
0.408938
0.026268
-2.31427
-0.897127
0.866333
5.94024
-3.56522
-3.30952
-0.717001
2.36534
1.44879
0.451008
0.11709
0.951432
1.86453
-0.389398
0.113944
-1.48634
-7.20103
-0.566172
-1.03922
-0.0368976
0.20977
1.01406
-1.95825
0.177685
0.683463
-0.412389
-1.22263
2.81284
0.96399
3.18675
-1.26437
-1.4496
-0.95705
0.105513
-0.0802713
-1.10816
1.89958
-2.28239
-3.64387
0.637532
0.617921
-7.58468
-1.46068
-2.28559
0.350952
-2.069
-2.12923
-2.05371
-4.85463
-2.01235
8.14811
0.543191
0.429029
-1.62996
-0.569197
3.96753
1.89805
3.39262
0.211405
1.61635
3.40882
1.24059
-3.32868
0.789363
-0.5638
-1.96677
1.50544
-3.22674
-4.85344
1.71992
0.759993
-1.22691
-1.43868
1.04472
2.72684
-0.484633
-1.86815
-0.464165
-0.176467
-0.595975
1.57587
0.273953
0.579233
-1.82589
-4.48419
0.623893
1.90235
-4.74714
0.176585
0.412795
4.55638
-1.18056
1.62857
-2.9543
-7.11253
-1.16743
2.30767
3.96682
2.18995
3.13524
1.99526
1.00831
-1.2727
1.76653
2.048
1.67758
-1.17409
0.729549
-0.730967
0.865077
0.723413
-4.39908
-2.76111
0.627478
-1.48537
-0.512627
3.01178
0.606582
2.9177
-0.343672
-0.852111
1.21437
-0.786441
2.10136
0.223272
-1.78068
-0.00670444
-2.24931
-2.3689
-0.538261
-1.51177
0.793155
0.807373
-2.30601
0.254685
-4.22717
-6.79512
-3.38596
1.31138
-1.29793
-0.289567
3.73241
1.20072
-2.62095
1.10579
6.47978
-3.63835
-5.52069
-1.47398
-0.510273
3.379
2.52519
0.543332
-2.03306
-3.26353
3.44082
-1.30616
-1.44341
2.42549
1.13259
1.12046
0.170712
-9.096
-2.10833
-0.892833
1.7628
0.382459
2.20459
-2.9298
2.09775
-2.45277
-3.88836
0.667646
1.23606
-3.98959
0.263411
6.98024
2.93234
1.09834
-1.82155
4.03568
-2.45098
-3.17532
2.51449
-0.432369
-5.68809
6.08459
-3.32699
0.833896
-0.978939
-2.72314
0.414734
5.80819
-3.82845
-1.51775
-0.976809
-0.438188
-0.853226
1.42756
-0.233939
0.712445
-0.713362
-2.70554
5.1202
2.48635
3.88304
-1.60263
-1.77291
0.271013
-3.68661
0.556765
1.41198
-2.30226
0.436627
-0.341457
0.800634
0.240834
-0.375594
3.08323
1.75519
-0.118146
-4.87989
-1.48095
1.12336
1.28467
-0.756171
2.49136
0.738423
-1.29937
0.537333
3.41603
2.6196
-0.832952
0.0058476
1.2467
-1.92598
1.01255
1.49112
3.24229
2.74021
-3.02248
-0.126994
0.811073
5.27518
3.95837
0.253779
0.758651
-0.940495
-2.75371
-3.89711
1.60793
-2.3486
8.5065
0.106143
-0.769752
5.31258
-1.33234
1.6558
-0.315932
2.12639
-3.91479
3.44276
5.62768
0.735403
-1.38136
-4.81487
-0.258619
-2.47866
3.89374
-4.57249
-0.000544181
-3.13382
-0.0629709
4.46881
-3.22738
0.0976935
0.0584125
-1.86709
-1.45349
-1.11874
1.10068
10.0861
-1.46476
1.44152
2.50684
-1.96348
1.5727
-0.29176
-0.34449
-1.82367
-1.34553
0.0325561
1.64677
0.639289
-3.71891
3.48718
0.322135
-1.11078
-2.86541
0.971113
-1.13897
1.80179
-1.9907
-1.64398
-0.571997
-2.1846
0.71567
-0.763854
1.1459
-2.36824
2.23295
1.38094
0.491233
-4.89939
-2.14523
-1.58527
0.208663
-2.47175
0.207363
2.28026
-1.92026
1.66071
-0.514779
-1.58193
0.794208
2.67947
3.80427
2.52996
-6.49974
5.59557
-3.3346
-0.470233
-2.12262
-1.06946
-9.04922
0.0113972
-3.1671
-3.7163
0.843163
-0.707291
-0.415265
1.84014
-2.86138
-0.741226
-1.26611
0.0106091
-1.24326
0.14679
-3.11479
2.70701
0.665287
4.6058
-0.607518
-0.356848
-0.328496
0.946505
-4.55334
-8.96683
1.56823
-0.094664
-3.73571
-2.68533
-2.23052
-0.233572
4.9195
2.74424
-0.654641
1.18946
0.773365
0.892369
-1.09412
2.82751
4.05649
1.86218
-2.98073
0.146584
-2.94245
-4.73168
-0.994173
-0.524362
0.736962
-1.63578
0.236632
-1.18535
0.339391
-6.07718
-0.0542534
0.717629
2.47377
1.27807
-0.00976929
-4.02802
0.23612
-0.599765
-2.12847
3.73045
-2.02432
-0.547092
3.84623
1.97814
-3.28692
0.126844
-2.49649
-0.848291
3.39708
5.46745
-4.37489
1.02661
0.840074
1.61327
0.797653
3.38833
0.0158559
-0.840094
0.0546877
-0.401901
-1.98073
1.55559
-1.63627
1.22295
5.21896
0.547925
-3.34258
0.650461
1.8563
0.941775
3.19835
-0.902842
0.662062
1.13204
0.645772
-1.59097
1.06738
-5.283
-1.87676
0.829836
1.89379
-1.28571
-2.05262
-0.422886
-0.055913
4.28964
1.85147
-1.81203
0.0168017
-1.0444
0.276134
2.9365
-1.1074
-1.51745
-3.8847
-2.71605
-0.513452
0.535018
1.30976
-1.48743
0.270501
4.09199
-3.14828
-3.47331
7.13131
-0.445326
0.862321
1.27482
2.57451
2.68591
-3.88364
2.62323
-0.304914
-5.12077
-2.77708
1.84403
-0.136842
1.22259
-1.12139
-4.45156
4.81448
-1.8663
0.391859
2.98759
0.772944
-1.54056
0.629068
-3.55737
2.22613
1.0795
8.47832
0.455661
2.917
-2.56956
0.545701
-2.3569
4.4698
1.69134
-0.628085
1.70231
-1.18625
-1.86667
-1.04092
3.93235
-0.593722
4.44687
-3.30005
1.57126
0.408131
-0.352487
1.08107
-1.99637
0.83604
0.649117
-1.47724
0.694578
4.11651
1.35592
-0.59851
1.11474
-1.60125
0.358856
-0.713097
3.70072
0.962945
1.88119
0.695449
1.27736
5.66847
-5.74877
3.07548
-7.77295
-4.35598
-0.102253
-1.40759
-4.65581
-0.521252
-0.174572
-0.94093
-5.48847
3.72971
-1.13036
1.21743
1.51683
2.08452
-0.990928
2.30233
-1.37791
0.145068
1.70968
-1.02562
1.23543
-1.56337
1.79176
1.19874
1.30121
0.010949
2.95767
3.4629
-0.720889
1.66305
1.94006
1.73057
-5.35993
2.59912
-0.713141
-3.44132
-3.59009
1.31333
2.77896
-2.92555
-10.3028
4.51051
1.51921
6.618
-1.94532
-2.33879
1.20128
2.10468
-0.815173
0.272385
-3.42465
-0.543978
-0.435473
-4.76709
3.46934
-4.61484
2.66527
-2.67141
-0.0750939
0.0807054
0.413017
6.07478
0.881075
-0.684671
-1.68091
0.00281765
-1.13994
1.05947
-1.68218
-1.13285
-0.845809
-0.498698
-0.652481
2.94759
0.894363
3.07043
0.75634
-0.844469
-2.3971
1.07416
1.21543
1.7568
0.591999
-1.83015
2.05285
2.0757
-5.54801
3.44649
1.25206
1.90097
-2.87792
1.86059
-0.291419
2.82256
-0.735623
-2.38846
-2.32051
1.43487
-1.13833
1.10615
1.94496
-1.61826
-0.557205
0.981242
-3.5337
0.185578
1.79099
0.17266
1.47917
1.80067
2.58448
3.32318
1.76544
5.93117
-1.5818
-0.587487
2.42842
7.36568
0.891192
0.725802
-2.95979
-2.13852
0.237888
1.04121
-3.45073
-1.30556
6.00475
1.01977
-2.31956
-2.37264
-2.92222
-3.75504
0.805977
3.20115
1.43483
1.91736
-3.92006
1.98224
-0.252999
1.61795
-3.11878
0.176904
1.34931
-0.251621
-2.96835
-0.641822
3.27185
-2.78856
1.49471
2.43455
1.37636
2.2222
0.0451912
-0.905719
0.201699
0.131927
-0.325732
2.13993
2.21673
2.55761
-2.96093
1.35024
0.726636
0.647323
0.0090282
-1.30507
2.2865
1.52654
-0.142471
2.62184
0.92409
-1.71561
-2.43232
-2.33674
0.952922
-3.1303
-2.01567
-3.26921
1.03517
2.75007
-1.38263
0.63856
-2.1258
-2.20618
-4.53571
-1.29814
1.41876
1.07715
-2.37528
-2.63575
1.57791
-0.608689
-2.31492
-0.518832
-2.74516
-1.42165
-1.93319
0.944696
-1.39436
-3.84979
-1.42133
1.07498
-0.711996
1.92616
-0.249537
3.39068
-0.775483
0.20526
1.19691
-3.83013
-3.14419
-4.70325
-0.445648
-0.665803
1.19846
2.31163
1.36765
0.85522
2.8677
-5.22371
2.12082
2.01855
-2.83099
8.30296
1.75538
0.595424
-1.78087
0.226303
0.143811
-2.24907
-2.42313
1.20661
-3.0478
-2.70325
-1.79701
1.70543
3.44281
1.81888
0.385103
-1.72119
-0.297086
-2.0789
1.66232
-0.880893
-1.5176
1.55769
-1.46075
-1.33566
5.15585
0.125503
-5.18649
1.58375
5.58652
-0.69181
4.0148
-0.130937
1.67571
-0.629815
1.27536
-1.28461
4.6081
3.66079
0.33181
0.827214
-2.7665
2.02819
-0.196646
2.00258
-0.0156645
-2.541
5.08725
3.29785
-5.40599
3.7402
1.48071
0.630303
1.2737
0.245063
-0.810886
-0.978999
0.274731
-5.42852
3.76278
-1.18954
-1.30947
-1.30563
-0.642696
0.568653
-3.05155
2.14975
1.93668
-2.93217
2.03622
3.14194
-0.820916
-3.95323
-4.74298
0.719914
3.50515
3.80783
-0.317864
0.680436
-1.0538
-5.44791
3.32234
0.611361
-3.41229
-0.0478004
-2.30283
0.734312
-1.47675
-0.527867
2.76111
2.79742
1.21401
2.69552
2.93726
4.64324
-1.38052
-1.73063
-0.123103
0.938919
-0.325961
1.0427
1.17411
0.703596
3.45575
0.015264
-0.898521
-1.63753
4.06596
-3.05863
0.667643
0.451807
1.98357
-0.556651
0.0614239
1.84736
-0.504527
-0.575012
-1.2948
1.18666
1.27743
-0.593957
-1.52291
0.364308
-3.24388
-2.79607
1.26777
0.0601596
-3.11016
-1.07088
0.503459
-0.38534
1.39205
2.07942
0.66616
-2.20339
3.26353
-0.454776
-0.37202
1.79741
2.05015
-0.606299
-2.37511
1.9567
-2.36481
-1.00562
0.157854
4.81483
-2.09262
0.268093
-0.106087
0.553457
-0.303949
-5.10335
-0.300445
-1.61723
1.16655
0.41483
-0.941698
4.07028
-0.86054
-1.78935
-3.27926
-0.063968
-0.905819
-4.06738
0.808151
-1.3657
-2.93183
-3.58147
-0.0153132
-1.82793
0.977244
0.645213
-1.35418
-0.713947
-3.12993
2.56121
-2.27135
0.131305
0.411633
3.35732
-0.842027
-2.71055
1.63617
2.93818
-2.01451
2.69936
1.22053
-0.538362
3.53274
1.15288
-2.44904
-0.975661
-1.47126
4.12707
-0.878469
3.20829
-2.02874
1.84101
2.22511
-1.07137
-4.96866
-1.37132
0.742699
3.97505
0.420526
-0.975845
0.136535
-3.00504
-1.71562
6.16262
1.57614
-2.78395
-8.60128
-3.3786
2.4906
-0.468622
-2.28513
-0.81114
-0.974586
6.68271
6.24842
5.91637
2.60269
2.77195
-2.52305
-0.768418
-0.791198
-1.44746
-2.42278
3.04436
2.68574
0.787677
-0.784298
-2.01068
2.7295
-3.09199
-5.83065
1.11795
0.417833
-1.14896
-0.263632
-0.925955
0.783461
-2.19011
-2.31206
-1.74766
0.430768
-0.93794
1.24828
2.0619
-0.901803
0.05372
-0.721386
1.19683
-0.549202
-5.9737
0.206529
0.893141
-2.04104
2.1385
0.124777
-2.28819
1.56291
-0.162688
-1.09511
3.24783
-2.13523
0.19525
-4.29753
1.99252
2.75243
0.456616
0.309347
0.226008
-0.903797
0.309534
0.383101
-0.551696
2.11636
-0.0389031
-1.18452
-1.4329
1.1578
3.7128
-1.96434
0.349619
-0.968697
2.81304
-1.93189
4.11248
0.478461
-0.490507
1.968
1.53976
-1.78376
1.04828
3.15444
-0.558552
0.78267
2.41922
-1.33554
-0.468033
1.59066
-1.41797
-0.176744
1.22724
2.51274
2.35824
-2.00198
-4.53868
-3.49953
0.846491
2.32973
2.3381
2.15056
0.0133683
-0.483941
-0.551853
0.713893
4.53466
-0.0675083
0.143976
3.75878
-1.69186
2.49652
-0.13336
-0.215404
0.844672
-0.187185
1.29827
2.08713
1.52219
1.65541
-0.809062
0.607049
1.44258
1.80125
-2.88921
2.97652
1.14062
1.13295
3.8015
-1.97428
-3.66455
1.44371
-1.12053
-2.59695
4.44677
0.939151
-4.89891
-1.32675
1.19349
0.467773
1.90527
0.598831
-3.54699
-1.62876
-1.12229
-0.546512
1.57464
-2.17039
1.55315
-0.742388
-0.00263197
-1.80684
-1.44061
1.40176
2.96947
-4.60702
-0.189214
-0.868775
-0.858611
-0.557035
-0.372753
-3.67868
-0.0434608
10.036
-0.834833
3.00839
-2.221
3.03582
-0.669992
2.64292
1.0293
4.76043
-0.177082
3.60084
-0.511807
-2.26733
1.40712
1.32004
1.58913
-4.58927
-0.752472
2.62549
4.15322
2.52156
1.388
-3.50313
-1.29684
-2.90508
-1.77312
-2.95147
0.288967
-5.28582
0.270346
2.35537
3.59731
2.06653
-3.68222
1.98146
1.08454
-0.977956
-4.16188
-1.74834
-0.0979714
-2.70871
-2.01704
-2.72185
-2.71036
2.0839
0.097278
2.25513
2.02374
6.6994
-4.02964
3.12047
1.35912
-0.58632
-3.08346
-7.32946
0.0357919
-2.01305
3.71013
3.29906
6.76495
-0.927639
1.89731
-4.16239
-0.374405
-1.29401
-0.83783
0.0632054
-0.981957
1.99104
1.85994
-3.30826
-1.20493
-3.25035
-1.10153
1.37594
-1.78187
0.77808
-0.8894
1.90047
0.625902
0.982915
1.73153
0.233312
2.16742
0.401513
0.342283
0.0258084
0.328805
2.26171
1.75295
3.36055
-0.540625
-3.51273
2.21255
-0.435065
3.86192
-1.02168
-0.344967
3.12866
-2.16912
-2.61981
3.45886
-1.10683
-0.00535062
0.34805
1.37434
0.732098
-0.594621
-3.29863
2.9027
0.147363
-1.58569
1.61829
-3.49988
0.934451
-0.209491
-1.75788
1.22148
1.94282
2.05697
0.311716
-1.70377
-1.9944
2.67374
-1.90044
0.733534
-1.27485
-0.491377
2.29993
1.9585
-0.482635
2.49031
0.0797756
-1.03336
-2.45675
-3.03905
-0.507576
1.01133
2.98593
-2.99334
1.42664
-0.198799
2.62039
-2.15996
-0.0784798
-2.71694
1.11665
-1.70184
-5.59228
1.8711
-2.17099
-1.40598
-1.1953
-1.07764
1.09028
4.23234
1.41209
1.32453
2.39845
-4.40008
5.73674
-1.53115
2.56842
0.049896
4.68271
-2.64326
-0.215592
-0.746219
-5.13531
-0.975858
0.927522
4.14881
-1.11769
0.119346
-3.50474
3.5072
-3.43915
3.94519
-0.406026
0.697001
1.32796
-1.2684
-1.1507
-2.1844
-5.04128
-0.643308
-3.40304
-2.339
2.91633
1.70013
-0.500476
2.4061
2.12253
2.8398
-0.128832
0.41828
-0.34481
2.36652
0.0615943
1.4745
1.24768
-1.60627
-3.10741
0.126361
1.99227
1.45702
-3.05324
0.309381
8.30365
6.9362
1.05123
-2.50122
0.8981
-4.55961
-0.0602507
2.85395
-3.38162
3.64306
-4.99274
1.55754
3.41056
1.27985
-1.45096
-0.933585
-9.50598
-2.14712
-1.39499
-0.123813
2.9045
-2.2928
2.86414
-0.781528
-1.34326
-3.937
1.31225
1.09889
0.392755
4.02117
2.90227
2.29243
-3.70537
-2.84506
1.61868
-1.2118
1.87435
1.38714
-3.60706
0.977664
1.17901
-0.29316
3.0446
-2.21786
-3.97602
-0.112697
-0.624179
3.74747
0.529693
-1.09106
0.539509
-1.14483
1.35168
-0.8458
3.84555
-2.26469
0.264803
0.324737
-1.35099
1.13921
-5.37445
0.791696
-2.75344
-1.61387
-0.843225
2.17615
-2.13332
0.0956882
-2.33111
0.0877751
-1.79155
1.61825
-1.21153
-1.15688
0.133349
-0.0168529
-0.22791
-1.64086
2.6201
-2.19735
-2.09833
-1.26939
1.69241
-4.81192
0.581766
-1.26212
-3.65426
-3.47873
4.9137
-1.2317
3.20899
-1.13621
-3.37138
-1.37155
1.37
-0.0526534
-0.992463
3.54837
0.310234
0.608255
-8.94839
1.73711
-0.0235123
-3.85131
6.02908
-0.570362
-1.27387
-4.99638
-3.76557
2.44769
0.143373
-0.459157
-3.13489
-0.383454
5.80557
-0.326719
1.36143
-2.07745
-0.576046
2.24464
1.50419
-2.49342
1.82332
-3.24985
2.22528
1.46691
2.24917
-0.753769
2.6339
-4.08628
0.619069
-0.2658
2.82081
2.29581
1.23519
-0.321751
2.16969
1.6376
-0.680486
1.07388
-2.68168
-0.423283
0.155733
-1.00891
0.920082
2.37402
-1.19687
0.936004
0.513489
1.60784
0.233191
-2.37938
-0.013373
2.35269
0.383755
-3.22826
0.442917
2.21287
0.40927
2.36083
-0.0121506
-4.35459
-0.328989
-2.67443
-1.29581
-8.10692
4.41447
1.50517
1.69981
1.83227
-0.753982
-2.13154
2.15228
3.4371
0.543411
1.29308
-4.31907
-1.82112
0.682565
-0.893099
-1.69556
-1.2856
0.278537
-1.6874
-1.88305
-1.59198
-4.40696
3.06982
1.51447
8.13493
1.57574
-0.589265
-1.55638
1.24432
-3.20914
0.671506
-0.101853
3.71162
-0.671824
3.09561
0.821774
3.37661
-1.42504
3.46156
5.38779
-0.056781
-2.41302
-6.30162
1.12935
-2.0779
-0.692243
-1.04824
-0.456711
1.91298
-4.97323
-0.764877
-4.13511
2.80438
0.142611
0.163791
-2.02971
2.28631
3.25921
2.37201
1.76126
3.53636
-1.0138
-1.21179
-0.524006
0.0185037
0.809218
-0.703445
-1.95686
0.988445
-2.52152
0.434892
1.48921
-2.83349
-2.75115
2.58942
0.0463165
-0.179774
-1.87622
3.37067
2.86942
-1.73854
-4.93627
-0.382444
-1.07099
0.934608
2.45896
3.60705
0.557431
-1.009
3.5424
3.20267
-0.38151
-0.494968
-1.98637
0.777967
-2.85287
0.00161239
-1.87135
5.03989
0.11097
0.200723
2.59773
-1.53862
3.14668
1.23607
2.29302
-1.30467
1.89368
-0.0392432
-0.51155
-0.933672
2.01679
-0.384926
1.55061
-2.80528
0.0777397
-5.96665
3.10273
0.532222
2.77379
3.30711
2.40403
1.24852
0.195175
7.52091
2.45233
-1.74252
-3.26823
2.96321
-7.19751
-1.32309
-1.21856
0.44645
-1.56197
1.97974
-0.0145437
1.83992
1.42819
0.0385042
0.543577
-3.57388
1.30167
-0.157156
-0.444081
0.202524
-0.191717
1.70286
0.0274773
-1.56774
-2.18977
1.29933
2.95032
0.417245
-2.43968
3.06125
-1.81197
1.56078
-0.213464
1.22991
-1.13538
1.23178
0.504469
0.937098
4.79757
-1.05298
-3.55426
1.52131
-2.88973
-1.79906
5.24242
-1.19717
-2.484
-7.07551
2.04523
-1.74293
3.35702
-4.61205
1.06653
-1.61356
3.59516
-3.25062
2.1332
2.03001
-3.57855
1.3596
-1.75231
-0.794911
1.06063
-1.41547
2.38207
2.71445
1.07052
-0.115395
0.140852
1.40308
-1.19098
-1.48934
1.09164
-2.59105
-3.6745
1.50713
-1.6939
1.27774
-1.98755
-0.096345
2.66402
0.748565
0.467097
3.027
0.333526
0.934423
0.375865
2.58794
2.58795
-2.35669
1.5357
2.36319
1.69328
-4.2855
0.408641
0.552196
-2.19996
-1.78903
0.0507397
0.927455
-0.919264
2.47696
-1.09376
-3.38907
3.91462
1.58964
-0.29065
-5.24725
-1.03089
-2.68348
-0.84968
-1.89711
-3.99928
-0.559776
2.44338
0.863189
-3.66526
-2.10106
-1.25521
4.12765
-0.272298
-1.31329
1.80705
1.28203
3.56739
-1.96612
2.60113
-1.69198
0.203609
0.407004
-0.577392
-1.91318
0.609673
3.61138
0.540875
1.1753
0.307803
0.505186
1.99187
0.815504
0.0569036
-1.02972
1.09065
-3.54934
-2.26186
-4.5151
-1.64769
-3.70431
3.94505
-2.03545
-0.164579
8.64468
3.48641
-0.434478
6.38221
5.89966
0.115915
0.467083
-2.24154
-1.93018
-0.635958
1.66583
-0.680762
-2.12465
-2.19359
0.355601
4.94732
1.14105
0.736805
-3.41715
-2.00422
-3.56718
2.88825
7.24461
-0.331211
-0.633323
-1.02045
-0.809719
-0.415236
1.54491
1.1392
7.42368
2.42445
-1.25109
1.46965
0.702567
0.441673
-4.83418
-0.2524
1.3603
-2.7537
-0.0940216
2.90192
-0.751617
-7.48965
-0.90941
-7.77975
-1.62116
1.08652
-0.898211
2.71502
2.22339
2.16794
-4.10887
1.94665
-0.421813
-0.891401
3.56094
-2.12772
-3.40402
-0.348587
0.570839
0.146428
-0.372591
0.586092
-2.59688
0.725799
1.02042
-3.73035
0.10245
-0.130516
1.83081
-0.954833
0.845424
-1.31017
-0.476226
2.42185
-0.796416
-2.25814
2.13689
3.96868
-3.86057
-2.0861
-0.865119
0.419703
-2.76413
0.190367
-5.44319
-0.257274
4.59992
-6.26731
-4.09049
2.12779
1.92051
0.165444
0.980702
0.451228
-0.401515
4.00104
0.350941
2.15608
3.54298
2.01938
-0.203175
2.09412
3.23534
-0.326418
0.744991
-0.471379
0.726625
2.60581
-0.666852
0.985898
-1.30214
-2.95487
0.686642
-0.193601
-3.96793
-0.0896755
0.274109
-0.593618
0.206996
1.5744
-0.250391
-0.00531676
2.75841
-0.265411
5.3774
0.0691824
0.355922
4.24898
-1.51306
3.67235
1.55028
-3.61836
-0.400464
-1.5566
2.97396
1.33671
2.23247
-1.1683
-4.18333
-2.25383
-0.488169
2.38827
0.337007
-0.268847
-0.244439
-0.585087
-0.835677
-2.29832
1.82933
1.17676
-0.547706
1.20326
-3.845
-3.55964
-2.81929
-1.92925
-1.31813
-4.81263
1.61566
-0.167826
-7.02009
-3.65167
-1.25343
2.19312
-1.9991
-1.85279
5.55135
3.24611
-2.39506
1.2889
1.05298
1.8233
4.64369
-0.261463
1.87007
-2.7745
-0.298818
-0.79786
-2.22682
-2.17804
-1.83953
-4.57602
0.40367
-0.973076
0.817813
3.14319
-1.01877
1.23681
-0.184118
5.15554
1.22298
-2.94172
-4.46967
-0.867842
2.56704
-3.34148
2.76936
-0.757014
1.2062
-1.88332
4.10806
3.61628
3.20151
-0.56294
-0.186208
0.848193
-0.142008
-1.63612
1.38224
2.01815
-0.625937
1.91692
-1.33635
1.43363
1.45066
-1.38929
2.82871
0.60845
0.799245
-1.07299
0.742905
0.939759
-2.30821
1.71904
0.933935
-2.71874
0.618947
-0.653357
-4.16394
-4.2418
-2.70159
-1.76472
2.59192
2.38073
-3.38479
-1.84234
5.28925
-3.02045
-0.129971
0.694546
1.22291
3.51315
2.08851
-0.0578134
-1.64201
-1.93864
0.954191
-0.199197
-0.659661
-0.38272
0.667928
-0.58218
-4.2759
0.298679
-5.84654
0.489675
-0.653307
-3.16358
0.583526
-2.02583
-1.65065
0.860192
-0.233708
0.44992
-2.81347
-0.416969
2.51292
-2.95375
0.956628
-0.329981
-1.28687
1.69577
-0.377083
0.354176
0.833346
-0.739291
-4.49452
0.07806
-3.94967
-1.08443
2.36734
0.627825
-0.425388
-2.13831
-2.94254
-2.63891
0.352326
-0.833001
1.12359
-1.1432
2.31873
-2.31355
-0.416174
3.02683
1.55219
2.31614
1.40653
-2.32511
-2.48567
0.839695
0.296359
1.72973
-1.66842
-0.333025
-5.40466
4.96963
-1.02049
-0.35556
0.0756922
1.12063
-2.0452
-0.171726
-1.47507
-2.65972
1.58834
-0.797517
-1.35307
0.190314
2.02006
-1.83198
-0.450166
2.26928
2.34554
-3.91157
-1.53986
3.8944
0.606502
-0.246253
1.06586
-2.2037
-1.60865
0.600696
-1.23692
1.13998
2.04964
0.500738
-1.09761
-1.91606
2.24433
-1.15076
-2.95315
1.64314
-0.101407
1.08585
-0.16742
2.89395
-2.30404
0.495701
0.122464
1.61891
0.293744
0.730321
4.37066
-0.395474
1.9589
0.048282
1.23667
5.67584
-1.23288
-0.538848
1.49365
-4.85069
-1.84128
7.84783
-2.61781
3.66593
0.912733
-0.119964
-1.07957
0.556303
-2.55264
3.48493
0.364485
-1.15203
1.63898
2.39331
0.769063
-3.22742
-1.34869
0.0999166
0.782688
1.13262
3.24724
-0.0114138
-0.834188
-3.31289
1.3394
-0.897972
0.623696
2.97187
-0.0951878
1.8844
0.162152
2.9069
-0.544839
-4.78574
-4.76484
-1.17568
-0.506587
-0.344616
-1.49203
-0.0196851
-5.2065
-0.33167
1.30355
0.77008
0.0946489
-2.05372
-3.90363
-5.71194
0.620113
1.81644
1.14935
-4.22764
0.81969
2.52937
2.57092
0.491713
1.55999
-3.14925
-3.63815
0.937066
3.84944
1.84323
0.074551
-1.44799
0.881714
-1.8861
-5.18
1.32295
3.56979
-2.73776
-1.33577
0.764065
-1.36557
-2.02006
-0.58314
1.92876
2.10805
-0.360446
-0.637721
1.3111
1.75988
-0.223878
4.58927
-3.12776
-6.78968
3.01446
1.59411
-6.02914
0.139567
-3.10123
-0.444086
-1.27061
-1.22063
-1.78307
0.457635
-0.932055
0.653654
0.467792
-1.42063
-2.93324
-1.33714
-3.17728
-1.22079
2.01107
4.40538
-1.06759
-1.00268
-4.83046
-1.44607
-2.16844
0.193495
1.61338
1.20222
3.67284
0.177837
-1.134
2.51421
-1.30359
0.191822
0.438277
-2.55778
-4.48669
-2.06722
0.116584
-0.17139
5.2331
-1.98454
-1.27034
7.47326
0.454257
2.69012
4.47898
2.22706
2.70662
-3.42205
-0.416248
3.22703
0.198071
-1.46294
0.0912935
-0.441613
-0.280228
-0.672512
4.10467
1.44086
1.77029
-2.59291
0.774907
1.3739
-1.75016
-1.54978
-0.824815
2.1275
-1.22789
-4.53172
-1.29047
3.33995
-1.37464
0.0418509
1.57745
1.06876
-0.168361
-5.96215
0.171126
-0.906725
0.862324
-1.58407
-3.79594
0.117093
-1.78126
0.337166
0.965703
2.55548
2.15871
-0.00724464
0.673266
-1.47067
-0.31273
1.88536
1.89891
2.33666
0.341867
-5.19138
-1.21589
2.17341
1.38277
1.00764
-2.62554
-4.14009
-0.362245
-5.65704
0.964389
-1.79119
0.0805144
2.90656
-3.58888
2.0366
1.29957
2.74703
-1.27742
2.36413
1.93923
-2.8288
1.43773
-1.84044
-0.497343
-1.01322
0.381239
1.14647
-1.10737
-1.04705
-2.68264
1.01692
-4.35782
-4.34702
-1.52767
-1.70313
0.586655
-1.09645
0.834614
-0.045432
-1.20163
0.415707
0.97249
-2.62028
2.18636
1.86521
0.742389
-0.281368
-0.186259
-2.67213
0.235344
-1.61195
-0.348902
-1.58567
-1.98176
0.314165
0.101439
-0.116654
3.21571
-0.231633
-0.847114
1.23967
1.08161
0.250096
-0.250969
0.216427
5.26151
-1.50493
-0.946263
-3.28879
-0.554278
-1.43327
2.18108
3.64259
1.03907
2.48761
-10.0521
-1.7835
-2.81302
1.86311
-0.427897
-7.83825
0.736813
-0.100167
-2.18113
0.461506
-0.431379
-4.33938
1.91437
2.20765
-3.64969
-5.46022
-0.00490213
-1.56404
1.22035
2.09728
-2.2197
-4.98122
-3.69485
0.479225
0.221756
0.686621
4.21264
-4.87595
6.34515
-0.797782
1.70302
-0.671471
-0.638215
1.19152
-1.38549
-0.874115
-3.82353
3.79366
-4.03366
-1.15784
-1.10051
-5.08835
2.0835
0.131432
5.33852
-0.145299
1.85667
-0.83263
2.43877
0.200174
0.826685
-0.0883109
2.31648
0.195199
-5.88857
-1.33319
-3.02537
2.58992
-1.05392
3.61315
0.240086
0.982489
-1.89481
-3.2222
-0.84255
5.45924
-5.8501
-0.628496
-2.3097
1.07995
0.224561
0.235689
-4.31731
-0.610538
3.98207
-3.74162
4.14373
-3.46814
-1.43867
-0.27025
3.32129
1.02061
1.45909
1.79581
1.37372
2.0001
-0.704274
-2.22465
-0.280548
-1.18685
2.58895
2.38603
0.74948
-1.81478
-2.20785
-2.54278
0.984576
6.30205
-0.922258
-0.956287
-1.40162
2.5361
-1.08035
2.91016
-3.75024
4.39179
-1.68452
-9.13747
2.32033
0.187323
0.352772
3.4778
-3.29571
-0.305882
-6.93235
-1.58925
1.06741
-0.767116
1.7468
-1.62022
-2.69443
-3.30363
0.256457
1.73344
-0.48958
-4.13725
3.16135
-2.27827
-2.83477
-1.62441
-1.21224
0.0758112
1.1958
6.87595
7.30912
0.612196
-1.45342
-1.59933
-3.85137
-0.610984
-1.43163
0.658546
2.0636
-4.33047
4.84616
2.26301
-2.48977
-0.505654
-4.72615
4.36917
-2.05022
-0.899856
-0.534516
-2.08063
0.711133
2.03964
-1.08897
0.890525
0.83692
-1.12477
-2.04498
5.30141
-3.57366
0.759177
1.54217
1.95699
0.347236
3.50736
-2.11293
0.226385
0.905868
1.37503
1.19623
0.571042
-0.0461346
-0.2678
0.101192
-3.05213
-0.936075
2.2506
-1.75891
0.653968
-4.88774
-0.529379
2.45981
-0.979072
-0.334197
-3.45533
-0.895314
-5.2652
-0.541924
4.23512
-0.280759
-0.648066
-1.1228
-1.92561
1.58322
-2.00509
-1.05665
-1.23578
0.636966
-5.52751
-2.85733
-0.769721
1.46888
-0.968544
-3.32361
-0.719249
-1.89072
3.81941
6.09058
-0.174252
-0.358766
1.67903
-0.119317
-1.08991
-0.346685
-1.99918
-1.101
-0.168124
2.2577
2.40332
2.38278
0.807981
0.507181
-1.86662
4.37069
9.56774
-2.1902
-2.2003
3.22948
-1.21273
-2.27458
3.05876
0.477255
-1.58283
-0.747749
3.58683
0.389966
-0.780912
4.67393
-0.823933
0.657311
-3.79349
-0.799171
-0.896423
4.35934
-0.550281
2.25957
3.23605
-4.06664
-3.24961
0.010329
3.19401
-1.13497
-0.176309
2.86883
2.92317
0.0572036
-2.39139
-0.0770561
-3.44272
0.352003
-0.664141
1.02246
6.36615
1.47297
1.88562
-2.0897
-0.679498
-2.73518
1.05793
-1.87406
2.49937
-0.910043
-2.75503
-0.189978
1.72412
3.38501
0.476174
-1.78615
1.16823
-5.48653
3.32651
-3.25366
-3.17463
2.82638
-0.184979
-4.39924
-0.278082
1.46532
-4.75461
0.936754
0.322807
3.69853
0.740622
1.329
-0.486706
1.08153
-1.83578
2.42753
-1.5708
-2.98454
-0.961548
3.02701
0.96109
2.08323
1.78626
0.426339
0.636006
5.64766
-3.06069
2.43458
3.49861
0.919461
2.59286
3.28338
-0.519369
-1.69015
1.14184
0.6764
-1.74833
6.19363
4.31552
0.218468
-5.75404
0.139286
-0.848549
-0.516646
-0.145548
-3.90252
-3.07076
-2.10995
3.07731
1.1934
-2.05639
-0.0458326
-1.76203
-2.30203
-0.504323
-0.0965659
-1.59994
1.35133
-1.4686
1.15589
-0.401464
1.91858
-1.27555
-0.0411042
1.79591
-1.60935
0.54379
-1.39866
3.49071
-1.03014
-1.16731
-6.2995
0.797806
-0.0739764
-1.03659
-1.36037
0.419193
2.48048
0.95305
-0.500763
0.36692
4.5141
-4.14219
2.68362
-1.67113
0.142682
-2.37672
0.552866
-5.36106
2.05837
-0.521206
0.606689
-2.50696
0.463766
-1.68756
-0.696058
-1.7362
0.734313
-1.29037
1.13346
1.00021
0.407605
1.34029
0.264329
-0.278944
-0.799842
1.75727
-0.539036
1.5497
0.693145
-0.720357
-1.57332
2.85187
-0.0975762
1.04037
4.97171
-1.10958
-3.04838
1.76118
1.45126
-0.526308
-0.202992
-1.84554
3.20976
0.412381
-2.20389
-0.302618
0.391331
2.66139
-2.66847
-1.9135
0.425732
-1.93098
-1.50743
-1.22096
6.11588
4.63845
1.25394
1.57708
0.705285
-3.90639
0.595695
0.32891
-3.31777
-1.8035
0.318893
0.162482
4.36361
2.96091
2.40777
2.38239
-1.54859
-0.575997
-2.10649
-1.92291
-0.0732853
1.40157
-0.58448
-0.628386
3.36391
0.816166
3.46718
2.7039
-2.30309
3.34796
0.0934321
-0.369416
-4.0062
1.2284
-0.99566
-4.35064
0.414246
-1.43919
0.358911
0.769064
0.651973
-1.42316
2.76369
1.64232
-1.22103
-2.30431
-0.590143
1.95035
0.0169497
-0.168577
3.58356
-1.87365
0.916657
-4.08633
-2.49543
6.44562
-0.269429
2.22469
-0.812513
0.767497
0.613854
-3.63013
4.48197
1.9768
0.684204
1.1884
2.16685
-1.42244
-1.38457
-0.815559
-3.33419
-1.39638
-1.15125
1.90245
-1.637
2.31144
0.226037
-0.922149
0.026214
-3.98356
6.09059
0.384706
-4.88304
2.11501
-4.38183
4.23864
0.34092
-1.25347
-0.493306
0.684643
1.76625
1.20027
-0.560952
0.316747
-1.68708
-0.890653
-2.68939
-1.20025
-3.85644
-2.96684
0.971766
1.52335
1.19631
3.40091
1.76223
1.32492
-1.44287
2.33569
-2.06197
0.225322
1.85997
2.45286
7.14425
-0.21816
1.26519
-1.65834
-0.557321
-0.13342
-0.73222
0.608537
-2.95301
-0.10028
-1.38616
-1.04557
2.32603
-2.21968
4.22177
1.62132
-0.173727
-1.4834
-5.57448
-1.29736
-2.87284
1.39335
-1.1348
-0.0926317
-0.349364
-0.319776
2.71388
-2.26736
1.16468
0.699411
-5.08832
-0.201636
-2.05345
-0.68335
0.00243919
4.92211
0.701536
4.28015
1.44436
-1.3294
0.582257
2.21205
0.300388
1.04271
2.25442
3.62541
0.0488532
-0.180604
1.99849
0.920927
-2.1252
1.16929
2.1478
1.01507
0.904057
2.41106
-1.02825
0.762616
-0.0440565
-2.81433
1.33694
3.72169
1.7203
-2.03654
1.39336
-0.549615
2.86793
0.144089
0.59335
0.341153
1.20624
-0.065794
-1.62375
2.04831
2.34392
-2.50835
-1.13954
1.66252
-1.012
2.03802
-4.45324
3.46774
2.23304
1.44272
-0.245825
-3.18149
-2.15863
-3.47701
0.838029
4.21858
-5.25048
0.291663
-1.12173
-2.08393
0.855272
0.494348
2.17776
2.20391
0.862125
-3.98064
4.13841
4.67183
-1.65851
1.06871
-0.668772
-4.02601
-0.689557
-0.137873
0.217104
-1.29747
-0.962979
-1.73509
-0.444396
-1.35785
-4.51701
1.44753
-1.0927
-2.26678
-1.2259
-3.97194
0.969202
-1.35132
-3.2688
2.28683
-0.480506
-2.53991
6.41556
0.988322
1.16911
4.22378
3.35765
-1.13418
1.14963
0.636637
1.37455
-1.27281
-3.22207
-1.64758
-1.64886
-0.4509
-0.908791
-1.21512
1.49681
-2.6104
6.78299
-0.173196
0.733864
0.357351
3.69034
1.11949
0.0342849
1.98725
-4.12552
0.626401
3.96499
-1.39437
-0.340128
-1.54245
-1.5437
0.166677
2.29583
-0.420665
-2.42642
3.9789
-0.0426426
4.04211
2.87871
-0.456485
6.76233
-0.0530707
-1.07052
-0.381457
2.77369
-1.65541
0.247494
-1.91053
0.108716
-1.23271
-5.04266
5.53168
-0.215404
-2.31087
0.660944
0.715585
-2.27895
0.384528
0.604226
-2.57935
-0.576742
-0.264111
-2.33964
-0.60056
-1.60869
-0.622666
3.44518
-1.53022
-5.34901
-1.06276
0.19853
0.710144
0.739788
1.49979
0.389107
0.137157
0.279601
-1.46209
-2.65942
0.910681
1.8142
-0.529475
2.08061
-1.32538
-1.15573
-2.05568
2.90433
-0.104237
1.51524
0.20139
1.9625
0.844302
-3.07043
2.52022
-2.30353
-0.956994
-0.838669
0.192676
-2.12971
1.57546
0.600711
3.35468
-1.99186
0.212246
2.9806
-1.50456
-0.502288
-2.70569
-1.36777
-3.09282
4.94244
-0.939382
-0.306465
3.24766
-0.413156
0.123079
-0.0397073
-0.624779
2.01972
6.05604
-2.07098
-3.21781
-0.73407
-1.63198
2.42832
1.9928
-0.846117
-6.71205
-0.859246
0.169405
2.87096
1.36993
5.2629
0.634918
1.46928
-5.93706
5.97592
-5.4396
0.677297
5.81858
-0.890204
3.24798
2.38486
1.14168
-1.47679
1.61249
5.0207
-1.5726
6.47685
2.6657
-1.23728
-0.662315
-1.17673
0.760018
-2.2392
2.30431
-1.81248
1.89411
-4.21043
1.6325
-0.621773
-1.05029
-2.01952
3.61289
-2.69952
-1.37173
0.384826
-3.07414
-1.98312
-0.774375
2.01861
0.269414
-1.28382
-1.53274
-1.30418
3.59635
-1.17445
-0.217436
-2.18109
-0.362998
-3.54464
0.0550086
1.6541
0.0892069
0.856853
2.86237
-2.11738
-2.01709
9.01075
-1.9345
2.45485
1.73096
1.8492
2.2082
-1.55628
-3.77764
-1.47919
-2.51158
2.99493
-2.27444
1.17219
-1.99021
0.212681
4.44046
-0.386779
-0.491534
-1.32905
-0.525362
2.45869
0.839938
-0.583358
2.5493
3.48515
-2.77886
-1.12418
2.08829
-0.377285
-0.65603
-0.598664
0.707346
0.224771
-0.588119
0.518443
-0.0560516
1.39276
-0.956893
0.200131
-0.993422
0.609307
2.27967
2.38551
2.06194
2.99531
-0.0684745
-3.32857
-0.575918
-1.80851
0.562191
-2.00735
3.97254
-1.1478
-0.208947
-4.50009
0.167122
2.48575
2.04149
0.488234
0.710929
2.87059
1.01287
0.156292
0.539687
4.02005
-3.58891
0.851968
-3.8577
-2.43405
-2.63692
-1.61437
0.292727
-0.451174
-0.367259
-3.12501
2.82694
6.43526
-7.789
-0.190462
-5.69671
2.56889
1.29756
1.5536
1.93356
1.01855
-1.5485
1.38757
2.83172
0.106876
0.925257
-0.826686
2.15628
2.17925
-2.2504
1.81266
-6.89432
0.952495
3.34634
-1.98983
0.415917
-0.225512
0.406687
1.21738
2.53865
0.243506
3.77385
-0.179585
-1.31896
0.18173
-0.441622
-0.027747
1.34446
-2.51729
1.30173
2.23085
-0.355524
-3.22791
-1.44266
0.356458
3.78774
-1.53393
-1.9098
-1.45722
0.382909
-0.0129426
1.03808
-1.53442
-2.86603
-0.780013
-0.967201
-2.76332
-2.64839
-1.20011
-7.59213
1.04903
1.02454
-0.259304
-1.13423
0.373537
0.898252
1.96144
-1.21572
0.26942
-0.699362
1.91137
-3.3416
-0.790266
-1.35722
1.54039
-0.921314
-3.16775
5.11956
2.36707
1.75916
-1.28688
3.57807
4.33216
-4.17013
-0.352414
1.37346
0.471123
0.117793
-2.35581
-4.05885
-1.76534
2.80264
2.76156
2.12119
-2.65137
0.617826
-0.738131
2.1013
0.641813
-1.77109
-2.27418
2.05691
0.608348
0.476022
-0.969123
-0.474817
3.28716
4.05122
-5.90004
-1.38197
-4.50208
2.05016
2.1698
1.35647
-0.242941
-3.12754
0.969337
-0.592815
2.25073
-1.33337
-3.63704
-0.199153
-0.636785
-1.75461
-3.21197
1.81177
1.944
-4.4525
-0.738812
-0.0246345
0.74772
0.110128
0.393518
-0.631804
-1.33805
2.4427
-1.84784
0.524401
-1.1932
3.83779
-0.982038
-1.14336
-0.278197
2.04384
-2.52282
2.61472
5.01314
4.9802
-0.72485
0.19335
-0.824134
0.679836
-0.818303
3.08953
-1.94692
0.567135
1.32513
0.198477
0.00598845
0.179877
-0.769232
1.75302
1.45863
-0.389118
0.356578
1.78041
1.88016
3.66381
-4.11404
-0.423353
-3.65181
-2.60039
1.52041
1.60287
-2.8101
-6.95287
0.197959
-2.74702
1.69528
-0.917178
-3.44277
-0.966933
2.57219
-0.985848
-1.2339
0.0505657
-5.11626
0.776239
3.67103
-2.809
-0.46977
-1.2175
7.39049
-2.15403
2.49639
-0.0083913
2.72305
1.30314
-0.21262
-1.98234
0.0987399
0.11597
-1.88058
0.0744404
-2.1533
-2.04849
-2.64644
-0.0992483
-0.707117
4.04277
-2.97911
0.703314
-0.255225
-0.239994
3.92875
2.08236
-3.03394
5.8439
-4.42049
3.96261
2.8246
-1.4113
-0.468245
4.94637
4.23311
-1.40332
-0.179923
-1.24872
2.22947
1.20472
1.58194
-0.594618
-1.02528
-1.97514
-3.93979
4.16345
1.73784
0.401359
3.76587
0.2207
1.55643
1.25504
-0.716499
3.73734
2.50524
0.431358
-2.14661
0.219536
3.48905
-0.625878
-0.232065
2.01589
-1.09469
1.7452
-3.52669
0.825709
2.08188
1.18463
3.78366
2.81195
1.01354
1.00294
0.585389
-2.07274
1.7828
0.202278
2.9471
-3.39845
0.0895382
-0.505031
-0.584914
5.14873
-0.908913
-0.128916
-2.57403
-2.48625
0.0196751
0.40522
-4.03313
-0.860555
-0.864621
2.58103
1.0198
0.59925
-2.48961
-2.35086
-0.600169
-2.02583
-1.87294
3.73555
0.0938376
-2.74333
2.83769
-1.57717
1.86428
1.74398
-0.871722
-2.10077
5.16111
2.55309
3.76071
4.23763
1.67897
-0.896834
-0.619067
2.6105
0.680392
1.85538
-0.824404
1.57266
-0.330544
-5.82644
0.834788
3.63467
4.05857
-2.33907
-0.294955
3.72242
-0.934982
-2.12983
1.38603
0.109049
-1.15826
-1.15276
0.818103
-0.633332
0.576444
-1.43262
0.683355
-2.12008
-4.98602
-1.43767
-1.42178
-0.0265554
0.263243
0.493633
-3.17557
2.5236
-4.79759
-1.95415
-2.11588
0.359529
1.52949
-7.40762
-0.242106
1.82986
0.518564
0.23012
-0.784999
-2.3239
-2.33578
-0.422742
3.58084
0.916245
4.49695
-0.0811371
0.679972
0.16734
2.94699
-0.507882
3.17301
-1.09195
0.242858
-0.556822
-0.00753561
0.273773
-0.283409
-2.08719
-0.039279
1.36988
3.22933
-1.46957
1.12827
-5.7406
-4.16044
-0.403624
0.767118
-1.76115
2.21072
0.267484
-1.68077
4.36248
-2.00628
7.79116
1.29909
-1.75292
-3.32778
0.567595
-2.22588
0.534271
0.363674
-3.19679
0.0885337
-3.13467
2.30039
-3.7077
0.278205
-0.0688318
-2.41068
1.21293
3.94734
0.137329
4.12038
-3.03952
0.00722928
-4.64599
3.10711
-0.577152
1.30665
0.124206
-0.41964
2.33281
-0.727493
-2.99797
1.67002
3.17569
0.722467
-3.72029
1.25641
6.83028
1.78521
1.82452
-1.36482
0.109784
1.8551
0.189209
-0.490523
1.0688
-0.0471265
1.72115
-1.35687
-0.777831
1.07388
-2.39514
-3.89366
-0.000919337
-3.50554
-6.53678
-3.38146
-1.83215
0.256806
1.54335
1.71005
-2.3831
-1.89651
-1.17061
2.25466
2.02147
0.0432335
1.32208
1.75166
2.95469
-5.33371
1.22794
-3.66251
-2.11893
-0.478033
0.644646
4.28925
-2.11442
0.40889
-3.6369
-6.24093
-0.269941
-1.28994
-5.14147
-0.206316
1.71705
-5.8298
3.20616
0.184503
-1.64507
-5.99166
3.32744
-2.03073
0.633822
-0.797215
-1.37027
0.748802
0.460621
0.388154
4.70851
-0.31162
-2.60231
1.57523
0.303903
2.48132
-2.45275
1.11113
0.710472
0.107809
1.06822
-0.867912
5.5097
-1.04243
-0.188663
0.0439325
-0.271691
-0.190134
2.2857
3.28696
0.980033
-2.04115
-1.79349
4.36048
0.178596
1.13018
1.68709
0.00597563
-1.80332
-2.19973
2.11472
6.19839
3.16124
-3.5446
-0.533975
3.98451
-1.85025
-4.7141
5.65413
-1.08357
-2.42907
3.73359
-0.375835
0.0132327
0.317296
-0.310767
-4.17145
1.90826
-1.5754
0.291539
-1.6849
-0.251177
0.643076
5.72814
1.65802
-0.494582
2.4228
-1.34233
0.839484
-4.99244
-0.834959
5.0099
2.38262
-3.35151
-0.04008
2.73302
-1.44407
1.07279
1.89252
-0.70327
-2.55217
1.07515
-0.725429
2.21142
-0.0418435
-1.68323
-2.31964
2.53428
-0.489801
-2.36339
1.56183
2.41791
2.93758
0.592955
3.35954
2.44071
-0.148782
3.56016
1.77684
0.784965
-0.5628
-2.73442
-0.476125
-2.70118
0.776624
0.886091
5.25695
6.81553
-4.48028
0.687859
6.58378
-1.23845
1.58933
1.51959
-5.16991
2.50819
1.06588
0.642647
-2.02829
-0.432925
0.256124
-1.24442
0.96203
1.48092
0.58808
0.188223
0.64853
0.223684
3.7968
-2.52513
-1.03976
-1.91504
-3.63271
2.82635
5.38709
-1.85553
3.72482
2.21106
-2.38998
-2.98621
1.08064
0.54211
-1.21225
0.231584
-3.30164
4.66036
2.26284
0.0812689
4.70558
1.8575
2.11087
0.183901
-0.807938
-1.18608
2.5276
1.56057
1.74395
0.470472
3.82682
-2.12503
6.07299
-1.75318
2.25173
-0.573898
0.72365
-1.90408
2.86867
2.11999
-0.18541
-0.0197475
1.25196
0.577795
0.401537
-4.53492
3.29435
1.66305
-2.53827
-1.15528
-3.55351
-0.64376
-4.30149
1.22449
-0.532426
0.690489
-0.21762
1.19901
6.98462
2.96255
-2.01292
1.56535
3.70161
2.91925
0.828289
-3.29376
2.33521
-2.79581
-3.29498
0.0797423
-1.83028
-3.67022
-1.26073
3.54594
-1.78444
4.47408
0.599588
2.83027
-2.11574
2.90157
3.61896
4.24467
-2.46622
1.30433
-2.94638
1.21223
1.18333
1.09876
0.343383
-1.97245
0.337036
0.739857
-0.780494
-4.94465
2.13305
-0.768522
4.04532
-6.11498
-0.879555
0.536037
2.59503
1.71311
3.06651
3.31322
3.29472
-3.9652
-0.800824
-0.588894
-3.11166
1.73092
1.01186
0.403655
-2.48826
-2.58199
-0.857301
-0.583691
3.1524
0.996141
-2.47124
-1.84269
0.386342
-0.233008
-0.776368
2.46573
3.52346
2.51183
1.65626
3.2072
-4.03275
1.67498
2.15323
0.612657
3.12809
-3.33765
-2.55949
0.440893
-4.21271
2.76798
-3.83393
4.77066
5.91718
0.441322
-0.0329901
-3.36125
-1.05097
1.70435
-2.23341
-1.18086
-1.3586
-0.13637
0.0150939
0.786748
-3.08025
2.8768
-0.417321
-0.810814
-1.80349
-2.02795
-1.20254
-0.995375
6.07329
0.142124
0.296442
-1.65052
-1.72236
-1.09023
-0.537742
-0.524989
0.102782
3.34466
0.498009
0.272099
0.383441
0.0875782
2.46271
-0.42224
4.89443
-1.42031
-0.958917
-0.935033
-2.28868
0.0339379
2.42963
-1.37246
-1.7109
1.15072
3.65162
1.11005
-2.50005
-0.578865
-0.202466
-3.54228
3.69586
-3.21674
-0.989821
1.28775
2.34186
0.109078
-1.81718
-0.497427
-1.45223
2.1068
0.593758
-4.43404
0.292215
0.0317779
-0.245847
0.546734
-3.17935
-2.20589
0.299845
1.4428
-3.62224
-3.86224
-1.87643
0.115428
-0.0831419
-0.721201
-1.23854
2.58755
-3.55409
-5.88367
2.33145
-2.06549
1.33071
2.08317
-1.71276
-0.159254
-2.04887
2.8641
-3.45075
2.07078
1.06951
-5.37931
2.63479
-2.2173
2.80318
0.551448
0.448804
3.13937
-3.01308
-1.14918
-0.874035
-3.0936
-0.201595
-2.58835
-4.64037
2.69237
0.289657
-1.91621
1.95695
-0.949016
4.7585
-1.68446
-0.701293
1.81359
3.30367
-3.69698
-0.184772
-1.84728
-0.913395
-0.406861
3.31238
-0.570309
0.504263
2.50602
-0.850237
0.987581
2.34972
1.26621
2.30876
0.69993
-1.85273
3.42984
3.29939
-0.35825
-5.26238
-5.30237
-1.50196
1.41965
1.56786
0.326182
2.82367
-0.809182
1.31429
-1.79861
-4.83681
-2.29602
1.0848
4.23497
-0.681926
0.965571
2.90444
-0.76668
-3.55436
-3.03331
1.35662
-0.183821
0.158574
3.12145
5.73926
0.736099
3.83079
-4.79125
2.27597
2.23861
-0.122011
1.93659
2.12525
-1.60296
-0.411485
1.77613
-5.06654
-3.40883
0.270974
-2.15457
4.96317
-0.447529
1.37229
3.62923
1.56228
2.25829
0.211081
-1.95419
0.384729
-0.393307
-3.15143
-3.72741
-0.0546553
1.51926
2.88827
1.99816
0.0239025
-0.445978
-0.0874204
-6.64854
-0.832246
0.0879045
1.84774
-2.49974
-1.64407
3.06378
3.52451
2.85997
-0.0304104
-1.73772
1.56093
0.804014
-1.13598
0.85189
-3.30579
-1.14464
1.23387
-2.43779
-3.04237
2.21921
2.7837
1.05452
1.10551
0.818097
4.28954
0.79163
-3.85782
1.21294
-2.44641
-3.35773
-1.32066
-0.565522
5.98221
-0.708504
7.40633
-1.26732
2.63755
3.32113
0.512788
0.951187
0.414561
0.406468
-2.67859
-1.98178
-2.39918
-0.661585
-2.41211
2.06567
8.98566
1.60791
-0.970567
-2.18425
-2.29554
-0.357832
2.99246
0.585435
1.11742
-1.51806
0.805771
-3.25232
-8.87606
-0.493912
3.65527
-2.62257
-2.18485
3.02906
1.12612
0.0603028
-0.210909
-3.0877
3.74363
-0.449054
5.43539
-0.0501872
-3.82938
3.56245
1.00693
1.57945
-1.04943
-0.788676
-2.00244
2.13861
0.0342723
0.680347
2.23688
-1.11465
0.214119
2.11307
-0.72465
-0.212925
0.22454
1.08067
2.19285
-2.06053
-1.60488
-0.977977
-2.36378
-3.1702
-2.56874
-0.627912
-0.618561
1.71373
2.16816
3.47088
-2.86966
1.41741
-0.703157
2.6624
-0.815441
1.14181
-2.00569
-1.00583
1.71919
1.63866
1.46327
-1.61575
-3.21393
-1.10192
0.947822
1.93906
1.91666
-0.0186863
-0.0101059
1.67896
0.344709
0.123517
0.628968
0.950701
0.0968437
-0.150586
-0.533203
-0.602882
1.72631
-0.414069
0.960736
-0.194723
-2.09405
0.27176
-0.581625
-0.171668
6.23586
3.37796
-1.56195
-0.737933
1.22607
0.360692
-2.52074
-1.12802
-1.85616
1.71217
1.27203
1.15208
0.292929
-1.00188
2.3186
0.725574
-2.56501
7.52141
-3.4486
3.83829
-0.950544
2.08102
0.123061
-1.68351
-0.635748
-1.30106
1.77234
0.0257591
-1.4563
-1.37473
4.30263
-3.43305
-3.06911
-2.07302
0.278128
0.515791
-2.87966
0.795234
1.31882
0.137535
-2.88121
0.987771
-0.567345
1.84842
0.333653
3.68673
-0.563811
0.161152
0.81442
0.662675
0.100295
3.18131
1.94163
-4.85172
0.440967
2.93654
1.93964
-2.88267
3.21383
-4.48171
2.23294
-1.7502
1.61969
-2.24521
-3.29747
-0.995218
2.01253
-0.0551639
-3.00001
0.836222
-1.22414
-1.64587
1.60519
-0.791626
-0.415052
-1.46625
0.0461603
0.318425
0.15314
-3.44965
-0.392557
-0.229598
1.22346
2.82704
-3.76985
2.21523
0.0826946
-2.18873
-1.66258
5.15023
2.3321
1.31182
1.37647
-1.04119
1.26391
4.51216
-1.3533
-0.293043
2.13933
0.484741
-0.830967
-2.81294
-1.17737
0.390155
-0.777603
0.387811
-1.12981
-1.70181
2.01679
0.839629
5.65276
-3.1322
1.19668
1.44092
-2.1819
0.722989
-2.43822
0.687483
4.31157
0.851432
-2.01282
0.31013
2.40199
-2.00429
-0.952852
1.44452
-1.79631
-1.39863
5.64414
-0.220478
0.728914
2.42675
2.12992
1.15106
-0.811425
0.540348
3.09622
-0.262355
-3.04914
-0.257425
-0.0211353
2.4073
-4.60467
3.85203
-2.17846
1.03312
-0.73037
2.99414
3.92829
1.14043
0.928591
-0.442727
-1.07726
-1.65008
-4.67709
1.15242
1.57632
1.9704
0.386014
2.45134
-1.99272
-3.89665
1.81063
1.6562
1.04633
1.27383
0.509918
-1.07119
-2.18915
0.0467891
-1.64834
-3.70246
0.224567
0.349931
-0.0421519
0.346117
5.43483
-2.02302
-3.77039
-2.56505
-2.53889
1.26075
-1.07634
-1.24984
-0.208577
-1.10155
-1.24264
-0.345755
1.54075
-1.94212
0.666418
-2.58378
2.0033
-2.73015
-0.68424
-0.0244553
1.70354
0.194786
-1.76192
-0.271734
1.23846
-1.68004
2.32381
-2.16263
-1.45009
0.13512
-3.82817
0.469117
4.44584
-0.256154
-1.85386
-4.55978
1.89751
1.38168
3.32776
-0.101392
-0.128646
0.513213
-0.225102
0.593504
3.41283
-2.08687
1.03406
-0.855967
2.52901
1.02103
-0.403624
2.6809
-1.58609
1.94565
-1.87534
-2.80628
1.07291
0.815053
-0.656233
0.181936
2.38142
3.77714
-2.11694
0.0926064
1.76653
-0.838223
-3.67269
-0.788504
-2.98413
-0.509356
1.14333
1.53517
-0.415715
0.774871
-0.385178
-3.16111
-0.13175
1.01601
1.31135
1.83882
-1.87125
2.07058
-2.06625
2.14599
-1.62223
-2.14207
-0.742986
2.55776
-0.540109
-2.66646
-0.171277
-2.45999
-5.14586
0.783346
-0.799497
-1.36519
-1.60614
-1.66912
1.45892
0.341888
1.04861
0.884981
-1.43403
4.42978
-2.57618
-0.729485
-3.55979
-1.85294
0.523275
0.740137
-1.4635
0.404082
2.35902
-0.224781
-0.627949
-1.17972
-2.47264
1.42123
-3.05554
-0.5274
1.78531
0.391808
3.73755
-0.128974
0.739993
1.49534
-1.11785
-0.706601
3.36773
-0.971389
-3.14528
-2.57052
-0.720465
-2.61283
-2.81192
2.45676
3.26352
-0.0834948
-0.503757
-2.74501
0.594736
-1.26927
-1.00312
-1.87198
-0.640957
-4.76685
-1.03399
-0.263058
-1.27074
0.689383
6.97857
0.587321
-2.7931
1.16951
1.82854
0.89514
-0.285395
4.0617
3.23074
-2.71047
-0.98421
0.675966
-0.0496387
1.21922
-0.989325
0.142661
-0.795282
-1.72896
0.71953
0.545253
-1.04876
-0.417897
0.150132
-0.858072
-3.32276
2.9446
4.87807
2.08139
0.818573
2.42452
-0.228905
1.11521
1.25848
-1.08296
-2.41206
0.186883
-0.552823
-0.462477
0.599364
-0.679237
-8.19379
1.40722
-2.60493
-3.71973
-0.850449
-1.5854
-0.36831
0.287471
1.89197
2.15143
0.0851516
-1.66789
2.9132
-0.874179
3.54012
-1.56386
2.33462
0.230559
0.348125
-1.18527
2.93267
-4.99654
-0.771889
0.660133
-1.44112
-0.621003
1.92345
4.49136
-5.43454
3.2001
0.720176
-2.65101
-2.06077
0.904919
-4.9253
7.88089
0.209594
3.42921
-0.375952
-1.73336
-2.33002
-2.6161
-3.59987
0.482237
-0.804491
0.146054
0.510076
4.88661
-1.64094
-0.332794
-3.89271
1.77414
-1.89442
2.47025
-1.80748
-1.24
1.83516
0.563389
-0.123399
2.14903
-3.06492
-5.51999
1.10148
0.12613
-0.68246
1.82715
0.980481
-1.77063
-0.633515
-1.54854
0.867507
-1.25311
1.54947
-0.0306711
-4.68197
-2.31704
3.29178
-0.0883141
2.42985
0.763145
-1.08441
5.23035
0.897784
3.96172
-2.25349
-0.957776
-0.96967
0.343062
-0.889605
-0.271535
-0.327679
2.20706
-0.700471
4.93803
2.14724
5.69914
3.12428
-0.361243
-3.27409
0.814312
2.98163
1.70978
-4.17747
-0.31871
0.51929
-5.38004
-2.86644
-0.601801
-5.24683
-1.44181
-5.77751
2.58609
0.251963
2.83938
-2.85373
-1.56817
-1.43517
-3.65323
0.512806
1.75869
1.04638
0.132944
-2.84098
0.629011
-3.83678
-1.78383
-0.891398
2.2187
-1.75751
-0.943454
-1.49617
-4.48291
0.438454
-0.950234
-0.155522
1.18267
-0.100916
-2.81089
-0.45266
3.63622
0.613604
1.66975
1.6135
8.49986
-1.17103
5.00564
-0.440708
1.32855
-1.1624
1.10237
-0.45911
0.592665
0.899296
0.79251
-0.0907468
-4.12111
-0.274933
0.00483535
1.97016
-0.802421
0.353909
-3.81419
-0.511714
-0.904085
-3.06836
3.25714
7.23126
1.04991
-5.82728
-2.04873
0.986639
-0.483233
-2.00663
1.67805
0.728464
-1.56155
3.45587
0.197967
-2.04633
0.579172
1.01949
1.90634
-3.81602
-1.26674
0.865601
-2.25221
1.2426
-1.022
-0.711428
0.339657
0.393202
2.02732
1.18384
2.93191
-1.78658
-2.44229
-0.254163
0.254502
-5.63171
-1.26525
-0.842922
0.449541
0.247766
1.17356
-0.232634
-1.86723
-1.33175
3.57654
-2.39259
2.3045
-1.86683
-0.786141
1.03032
1.41519
-4.28524
4.73968
-0.990497
4.9844
1.66395
-1.69632
0.902627
0.811974
0.855739
1.03035
1.27673
-3.14829
-3.3578
-4.08373
-0.390034
0.675102
-0.81975
0.463619
4.42224
-1.41066
-2.99101
-1.04041
-0.905966
1.85763
0.662262
-1.02619
-3.90783
-1.0787
-0.292673
3.16723
-6.59471
-5.99177
1.73212
5.54414
0.423754
6.16736
1.74575
-1.54091
-1.99962
3.94719
4.05248
1.89279
-1.85201
0.460564
0.0561054
1.40418
-0.682741
0.62914
0.629403
-1.09189
-4.04605
4.08669
-7.40254
-0.24396
6.42951
-0.384952
-0.698373
1.56668
-1.13344
0.0466748
-7.08333
4.41799
-1.18737
0.209423
1.10844
-0.329321
-0.399221
-1.71993
0.816958
-4.80286
-6.46867
3.92284
-1.40955
0.478549
-4.1978
1.89873
-0.0398833
-3.39691
-1.4442
0.551787
-1.1581
2.41663
0.822486
-2.33251
-0.442709
-3.36134
0.993827
2.1748
-4.6053
-0.440193
0.122883
0.84623
0.389043
-0.20397
-0.545289
0.605298
-2.22646
-0.262317
4.61463
-1.73762
-2.17587
-1.54552
-2.33922
-1.61812
0.0307562
-0.0519632
-1.00929
-0.601379
0.929436
-1.87072
-3.10678
-0.549363
4.44264
3.13168
5.41557
-2.10639
3.55316
3.67643
-2.59119
0.431451
-1.88283
0.338244
-1.71975
-3.67287
-5.62546
-0.14197
0.68398
3.33135
-0.331443
1.17832
1.26667
-0.162194
-1.70606
-2.0756
-1.64529
-5.28466
3.58419
-2.71511
0.19872
-1.22736
-2.13919
-4.34819
-1.18399
1.59696
-5.84087
-0.620393
-3.79943
-2.48194
-3.28827
1.04689
2.99039
1.18302
0.964157
-4.88834
-1.00164
-2.88625
-0.36801
2.5356
1.57824
-0.0476881
3.01337
0.826726
-0.766255
3.57721
4.21206
0.0857308
1.85949
-0.0956041
7.17048
2.18756
1.4976
2.58492
-2.00029
4.43658
-0.856424
3.10596
0.27239
0.202332
0.682519
4.41523
-3.95788
-0.126956
-0.616221
-0.479632
-2.30502
-1.05553
-1.58797
-0.00550074
-2.44265
5.38303
1.95039
-3.40475
-1.93149
-0.220286
0.870125
-2.0998
-0.356227
-3.18923
6.40796
2.84124
2.14355
2.16185
-1.62764
2.8561
2.31375
2.36105
-2.11484
-0.831932
-4.12908
-3.74529
-0.688611
-2.06013
-1.26603
2.34826
-1.64271
-1.01371
0.337799
0.601167
-4.04841
1.91092
-3.1067
-3.05632
2.56103
-0.168389
-3.16878
2.95983
-0.491795
0.773898
1.44912
2.23764
-0.815064
-2.70677
-1.77138
0.653608
2.52475
-3.13253
0.32985
0.0123591
1.49887
2.17086
0.115584
0.00891243
0.106677
-2.61367
3.24102
-1.82234
-2.66034
1.17304
1.79629
-1.80061
1.92946
2.42861
-2.61404
3.38884
0.673805
2.2712
3.07371
4.29839
-2.83404
-2.16041
-1.88476
2.37736
0.501668
-0.210746
3.85734
-1.55814
-0.934927
-4.14199
-2.92198
-1.8499
1.12913
-1.73225
-2.29312
-0.721691
-0.400215
0.324357
-3.9293
-4.29966
4.36588
0.464275
1.02636
-3.37264
4.39372
-1.23335
-1.27051
1.30534
2.03063
0.109053
-2.31463
0.174411
-1.7785
3.56939
-3.84368
-2.29405
2.61354
0.69268
-1.83825
-0.728844
-3.45095
3.3381
-0.907538
-3.78231
-7.45246
-2.59
-0.286175
2.04665
-4.4759
-0.0478641
-0.846842
-4.60537
-0.436294
-1.12641
2.15114
-2.18042
-1.20888
-1.63061
-3.13702
-1.84406
0.85302
-1.33516
-0.90825
-4.26541
-0.618529
0.831158
-1.37416
4.30359
-1.90146
1.23576
-1.23616
-1.53186
-3.18766
-2.41371
-2.72286
-0.0520183
1.76127
-3.1681
-1.98973
-1.42407
3.75082
1.83176
0.0164035
-0.12657
0.128545
-0.510996
2.03033
-2.87012
6.06947
-0.294872
-3.33602
1.07436
0.586158
0.582313
3.44937
1.27413
3.03914
4.03468
0.280619
0.973372
6.39437
-2.61122
1.24201
1.86014
-1.50137
2.99524
-1.17568
0.354124
-3.09883
-7.18729
-0.174509
1.29593
-0.262345
8.2121
0.911766
0.0548692
-2.05486
-0.301171
-0.500853
1.43224
0.352907
-1.55899
0.639062
-2.77369
-0.319857
-3.27593
0.4693
-5.57335
0.159061
-5.80122
-1.86975
0.46847
2.16729
1.42624
0.870498
-3.05879
-1.86063
5.00125
-0.288436
0.159002
2.46468
0.198492
2.00915
1.42472
-1.10007
3.17661
-0.374941
4.67548
-0.466355
1.774
3.42461
2.22427
-0.827004
-4.77062
0.316201
-3.85636
1.18359
-4.06427
1.27318
-1.21725
0.516251
1.00385
3.73343
0.0377744
-0.667161
0.24271
6.2388
2.63838
0.577001
-0.0146961
-1.35507
1.43643
-1.81314
2.94923
-0.399609
2.32768
0.91022
-3.0953
1.19139
1.4939
-1.78757
-1.08103
-2.56506
0.362357
-3.91528
-0.869051
-1.16105
-0.270557
-4.18378
-3.65743
-2.82069
-1.86712
-1.25118
-1.22946
0.344402
3.10786
3.87593
1.47845
-0.783446
-0.688952
3.70363
-4.17893
-1.26825
3.00136
-1.9072
-1.9764
-0.481467
0.672913
-1.54405
2.16557
2.67472
0.390156
-0.722585
-0.390955
2.40834
-6.69891
-3.54256
1.28576
6.30087
-0.221776
-0.761185
2.32913
-0.87741
1.0262
3.49489
0.394554
0.819095
-1.69735
-0.625614
2.00158
0.579509
-0.973876
0.280511
-0.184305
1.00534
-0.294655
0.434756
-7.44672
-1.0692
-0.787999
-4.04365
3.94105
-2.76087
1.10845
-3.6277
-1.99633
-1.35023
2.16918
0.902613
-0.0457924
-7.6835
1.30231
-2.88662
0.334088
-2.54293
-2.12847
-1.94867
-1.28985
-0.147055
-0.817635
4.14671
-3.36194
-1.13431
0.365461
1.2814
-0.337695
-0.00570398
0.22633
-0.193957
0.189111
0.0477808
-1.40859
-0.796526
-0.379519
0.699074
-1.17483
0.541792
0.759375
-1.24174
0.0980716
0.251468
-2.86396
0.861452
1.19075
-3.34789
1.06496
-5.1579
1.12024
-0.484518
-1.55457
-3.77155
1.11108
0.486702
4.59619
-4.26944
1.95236
1.74739
-6.86606
-1.8573
3.13103
-3.9989
0.851135
1.70541
-2.80353
1.02737
1.44893
0.0818515
2.67972
4.48707
-4.20468
-1.07826
3.134
-2.63802
-0.200306
-2.16526
-0.716701
-0.32297
-0.927528
-2.70341
-1.34208
-1.35579
-2.30072
-0.272717
-2.23903
2.26465
-0.144553
-2.82316
5.5083
-5.32398
1.29139
-1.09144
-0.250078
-2.09562
4.22055
0.74301
0.557425
2.73914
0.446032
3.9958
-2.28999
-0.0407585
-0.205938
-1.13278
-1.39558
0.185413
2.89125
2.57195
-6.02413
1.80855
2.0911
3.43227
0.791128
1.05615
0.126783
-2.63055
-1.21874
-3.63497
2.72787
1.34684
-0.99669
1.58068
0.320226
-1.43195
1.96125
-3.73764
-1.79138
-1.30905
-1.05634
0.623926
-0.458867
0.00290561
-1.06694
0.00946224
0.707035
-1.96637
-0.664128
2.71167
-0.569812
0.682064
-1.93046
-1.09177
0.498902
0.806956
-0.476139
-3.67899
-0.112742
-0.383012
0.0211096
0.474473
2.97091
-5.77785
1.3666
0.232663
-5.73105
-1.7328
-3.63191
-0.10173
-0.318826
-3.25421
0.835266
-0.876284
0.620159
-2.16667
1.62928
-2.28555
-2.05702
-1.31631
-0.664151
-0.0733622
1.66998
-0.139928
1.05502
0.757148
3.30491
0.632017
-0.60014
-0.302008
-3.60175
2.52986
-4.52719
-5.30193
-0.9677
1.29406
-0.45669
3.69728
2.90601
2.04604
1.00454
0.646784
-2.18315
1.23618
0.931871
0.209673
-3.10055
2.30073
-1.88964
-1.12119
0.708128
-0.0154635
0.4078
0.946086
-2.38968
-2.02349
2.05653
3.06474
1.37142
0.259576
-0.64285
-3.07851
-2.88837
0.850012
-3.27892
-2.64899
-1.10226
0.432644
-0.392391
-2.27358
-0.185746
0.508345
2.76809
2.8557
-5.52136
2.44139
1.43783
-0.234568
2.43068
0.758705
-1.01593
-0.567343
3.18225
1.20975
-2.21542
1.59727
-1.44103
-0.73262
0.688115
1.44598
0.164229
-0.356492
-1.37128
-8.15768
2.4599
-3.59125
1.16914
0.664756
0.813117
2.63202
-0.0661842
2.62417
0.876964
-2.80606
0.641124
0.00709807
1.90174
-4.74106
1.11107
0.784503
-1.80349
-1.19078
0.948312
-5.53936
-4.29986
1.84182
-0.00341596
-3.8396
1.75309
1.50869
0.0214773
-4.78747
1.32391
5.22189
3.72909
5.81532
3.52568
-1.47345
-0.709868
3.89671
3.47449
-0.79399
0.983013
-1.81627
-0.560416
2.68952
-0.471208
1.09526
3.85917
-1.9917
5.01521
-0.831021
-4.08165
2.76909
0.773659
2.78831
2.24503
-2.06093
-1.66508
1.17124
-0.580176
-0.958217
2.59944
3.03622
8.09116
0.218759
-0.808959
3.09491
-2.52328
1.37438
2.85498
4.28412
3.10551
-2.42302
-0.205363
-0.397661
-0.823806
-1.47561
-2.78183
3.09444
-2.06406
-0.656047
-3.75692
-2.83175
0.429799
-2.15215
-0.754664
5.6632
1.42528
-1.58768
1.37417
3.96636
-0.906087
-0.23233
-3.7179
-3.02551
-2.61762
-0.329094
3.3475
-0.324154
4.67631
0.801617
-0.0547881
-1.98752
5.6709
-3.52646
0.29578
1.47306
1.52394
-1.95811
0.431909
-0.387794
-0.758829
-1.16153
-0.187321
3.07472
-1.76751
0.296953
-0.189078
-0.900238
-1.38224
-5.60421
0.337898
-2.53188
0.675497
2.24652
1.00619
2.29913
-0.993073
-1.10054
3.25246
2.26435
-2.74545
7.83535
3.56359
-2.30468
1.17012
0.836163
-0.0977832
2.43301
0.0618515
1.40036
-0.733666
2.11185
-2.43285
-2.25585
-3.41864
3.51845
1.83777
-0.317062
-1.23441
2.82829
3.4037
-0.832605
-1.04566
-0.567889
-1.02993
-1.95587
-4.28714
1.63193
-2.13434
3.43065
-4.40742
-1.3675
1.96558
-0.836694
-1.25443
1.19407
0.490132
4.11814
0.629363
-0.68862
0.350384
3.12884
-1.55546
-2.22562
3.35637
2.70385
3.08724
-2.87318
2.39933
3.33095
-4.46428
-0.551494
0.0590055
-1.08535
0.135049
-0.691266
2.62046
-0.607254
1.16951
-0.897846
2.22194
-0.209599
-1.31304
3.17938
0.972457
-2.77692
-0.373172
-0.882354
-2.68594
2.46124
-5.392
-2.79399
-4.11718
4.04039
2.38936
-2.05012
-4.43336
-3.04798
0.149837
1.45622
-0.127598
2.66306
1.27147
-0.0293098
4.50623
-2.77155
1.47995
-2.31869
-2.98954
-1.92561
-0.151972
-0.0319011
-0.628023
-1.67153
-4.07214
2.39
0.302104
0.824899
-0.860611
2.10227
0.249895
0.822167
-4.19359
6.06165
-1.55271
2.51911
-0.657592
0.08415
-3.6765
5.19935
0.428599
0.135681
-1.59686
-1.00726
-0.916982
-1.76054
-0.625294
-2.76647
0.878915
2.31846
1.73038
-0.738545
1.79822
-1.96954
-0.358592
2.26411
8.50277
-0.743948
-2.85655
-3.74039
2.18593
1.03103
4.60957
-2.4881
-5.05879
-1.24663
1.8885
1.41092
3.0996
5.89813
-0.196059
-0.641108
0.95861
-3.50438
2.50688
-1.34765
0.776633
2.12166
3.35291
-2.51013
-0.237745
-1.24758
-0.81104
-3.19937
3.53488
5.59277
-0.447037
0.110864
-1.7011
-0.76913
-0.338877
7.14855
1.2334
1.93616
0.0800833
3.49706
6.0425
-0.692969
8.99978
0.681317
-0.453089
-1.99846
-0.15145
-0.470415
-4.13218
0.645832
-2.6894
-0.582383
-1.06088
0.351494
-2.95708
1.81047
2.12059
0.464516
0.673588
-0.0303581
0.816482
-5.29568
-0.868779
-0.85714
-0.311163
-1.63899
-1.26503
2.82257
2.64622
5.06797
0.960311
-2.95539
-0.936842
-0.0911749
0.694488
4.90991
0.232181
-2.80771
1.4213
1.10497
-1.95575
-5.16065
1.10028
0.719635
0.0314127
0.239634
-3.33917
-1.28138
3.54811
-5.51096
-0.256299
-0.229097
-3.49479
0.783761
-0.0584738
0.244428
0.419243
-0.728805
-1.17151
-0.846671
-2.87525
-3.61561
-0.0253452
3.34728
-5.42838
2.48189
-1.80385
-1.52518
-0.924865
-0.19101
0.498589
-2.45692
1.89166
-2.58301
-1.59048
1.57778
5.15815
-1.66983
1.06471
0.572555
0.434414
2.20691
-3.11018
0.849534
-1.17273
-0.0853853
0.796433
-0.748481
1.84409
-0.249127
-3.64924
0.333907
2.6128
-1.67121
1.73648
2.52085
-4.37883
0.548712
-2.90333
-2.30508
-0.0502652
0.350991
-2.23946
2.94914
0.437081
-0.523579
-1.00481
-1.23268
-0.617273
2.223
-0.0429993
0.970931
3.54533
-0.269049
-2.12163
1.21919
-2.34338
1.00743
-1.04491
-3.17376
-0.172407
1.17667
-0.557362
0.563924
1.71533
3.62608
-1.28758
-2.65545
-3.56137
4.33185
-1.92235
-0.665547
0.186827
-0.764655
-0.582925
0.286157
-4.28428
-3.53614
-0.1
3.02423
2.87629
-1.86661
-3.46008
1.33893
-0.507051
0.60766
-1.40481
1.42003
-0.981031
-0.753822
5.75559
-1.56302
-0.656663
0.574825
-2.37519
2.35662
-1.89856
0.899424
-2.86425
0.439308
0.765964
-2.99294
3.35913
-2.70758
2.01546
4.21144
-4.30556
2.78401
-2.1886
0.425104
2.00758
-0.865822
-8.7415
0.982046
-0.126687
-1.23008
0.518929
4.50223
7.88115
-3.22099
-1.55353
-0.608624
-1.01534
-2.19171
0.677069
0.380218
-1.35163
1.48296
0.857591
1.5492
-1.06011
1.45595
3.82002
2.46089
-1.7353
3.42679
2.15645
1.21219
2.38536
3.29381
-0.801176
2.26254
-1.94834
-2.35206
-2.15635
2.76184
-5.71385
-0.808841
-6.2163
1.71644
1.79485
0.84555
2.21301
-1.67282
2.52647
-2.14088
4.55629
-1.43077
-0.272462
-3.82861
-3.6172
-3.26709
-0.188125
-0.214603
-1.79931
4.04541
0.0800752
-3.32256
-0.539779
1.27188
-0.0106387
0.234875
-2.80304
-1.69152
3.28884
-1.96556
0.34755
0.348475
-2.76798
0.25143
-2.49516
0.303307
0.0571869
-0.265447
2.42333
1.9765
3.22246
-0.201999
1.18176
1.346
0.710933
2.0044
-4.05705
-1.71793
2.16058
-0.679076
1.2689
0.597888
-0.131329
0.240132
-1.58601
-1.81279
0.716409
0.479459
1.69706
-0.874364
0.192247
-0.994164
0.759367
-2.43298
0.721531
1.98523
0.88036
-0.143739
1.72056
-2.91983
3.41682
-0.170948
0.0292702
1.07294
0.530874
3.6413
-2.07981
0.30922
3.17116
3.7142
0.851717
-4.67978
-1.59244
-5.04936
1.17447
0.118727
2.48624
-4.74969
0.989249
0.516711
2.474
3.05649
3.55302
-2.92363
0.038207
1.39766
-0.0894638
0.141797
-0.646673
1.31731
5.76792
-2.06658
-0.482579
4.98745
-3.33937
-2.31762
-3.92473
-1.11949
-0.360482
-0.477357
-1.68149
0.0400096
-1.23045
0.34407
-0.890474
0.284928
0.502094
0.759928
0.289375
-2.46266
0.784288
-0.268117
1.84408
2.66826
1.93271
-0.100114
0.688094
0.0544855
-1.10502
-2.70016
-1.9927
1.53069
-0.710839
1.88536
-0.640414
5.32768
-2.62338
5.66908
0.776429
-0.484474
6.46289
-0.199018
-2.54772
-0.719792
1.94359
5.38657
-0.176228
-6.21681
-2.80255
0.779476
1.04407
0.383991
1.25668
-3.73896
-0.741067
-0.516009
-0.775989
-1.27604
-1.7057
-1.13145
0.424055
0.625601
-3.35146
-1.06428
0.145327
-1.32744
0.36323
1.65356
-2.21904
-1.89595
0.409048
-0.438555
0.0902445
-2.76006
1.5346
-2.37355
1.37925
0.652248
0.131951
-2.63047
4.14903
1.47562
1.99819
0.00840243
-0.19688
1.12985
-0.332022
-1.05172
3.05993
0.0296375
0.379714
-0.6321
1.62909
1.23344
-1.24917
2.78399
3.1181
1.79269
0.161881
3.33571
-1.728
-2.38885
-0.666913
-5.74777
0.720448
-0.297406
1.31724
-0.383201
1.76635
2.68472
0.17159
0.498887
-0.252876
-0.0256152
-2.15346
-5.50663
0.395081
-1.65545
1.22079
-0.433234
0.238627
0.36352
-1.3587
1.58585
-1.21556
3.79236
0.279715
5.9784
-0.338758
-3.30496
-0.426185
0.775748
-1.30401
-2.67239
0.390517
-1.96615
4.21435
4.48105
-4.66984
0.449073
-0.224036
1.68176
-2.62733
-0.0289157
-9.93225
1.29241
3.02721
1.31617
-2.4833
3.30322
-1.51315
0.106523
-0.695912
-7.90852
-0.975864
8.99866
-0.369377
-1.92898
0.277742
-0.572661
1.50431
1.19451
0.0404034
0.318746
0.159751
-2.28179
1.01255
0.310869
-0.706304
1.57086
0.231626
-1.20087
4.86539
3.16418
-2.39405
-1.04714
0.367589
-5.04723
4.90692
1.07039
-2.98732
2.67477
-2.44568
-0.115932
0.922878
0.537862
0.0820208
3.8025
-5.02982
-7.74845
0.741419
0.317898
6.78133
-1.11816
-1.28791
-2.25186
-5.01129
-1.24877
-0.257876
1.30245
3.79484
-5.22689
3.46911
0.351081
0.331926
3.73525
1.50128
0.420291
2.16855
-1.6111
0.257274
3.29573
-1.33187
-1.10167
5.75871
0.391118
1.08951
2.74736
-1.51525
5.11574
0.458985
-1.6624
1.67834
0.646962
3.071
0.185706
2.09185
4.57898
0.438956
-2.41285
-0.389734
0.116818
-1.7308
-0.996912
2.75139
-2.82348
-0.638823
-0.0312382
5.10422
-0.398201
-0.463837
-4.15998
-1.88263
-1.89605
-1.45584
1.65814
2.32739
-1.79517
0.504283
4.99677
-1.93075
4.44865
-0.803994
2.48637
-2.69334
-5.35969
0.752593
1.08478
0.0542119
-0.991996
2.06885
0.0775617
0.687566
0.840047
-1.68314
1.64886
5.14399
1.96022
3.82669
-4.16218
-3.01105
-0.0151354
-0.865887
-1.4343
-1.79965
2.19227
1.74015
2.50735
-1.59602
3.35306
-4.32781
0.348189
2.28762
-2.00821
0.860362
-0.247858
-1.987
0.941741
-6.69909
-0.227911
1.60161
4.44886
1.24312
-1.1489
-2.379
-1.07632
1.51595
2.42833
2.21662
3.95447
-0.557839
-2.59134
-0.116123
-0.382695
2.81482
1.16529
2.96329
-1.42973
-4.60988
-0.726145
0.445921
-1.5897
-0.595082
-0.460076
3.35211
5.42236
5.86611
-0.753179
0.732766
0.246173
1.62393
-2.07758
-4.97398
-1.53433
0.421325
1.45533
2.27466
2.58607
2.63111
1.7083
0.0164639
-3.20146
-0.796623
-0.427235
4.19305
1.27222
2.7063
-7.14149
0.0649062
0.816354
-4.45003
3.48231
2.24636
2.60446
3.3053
-1.91427
5.3965
-0.417249
3.95736
-0.287467
-0.742896
-0.876272
-0.144768
2.77281
1.02589
0.592952
-0.952233
7.36879
0.664364
-1.53974
-0.523335
1.9528
-2.49015
-6.50162
0.507887
-0.76571
2.64571
-2.53757
-1.43617
1.3935
1.07563
0.0429201
-0.037103
-2.86187
2.16681
0.524017
3.37252
1.86082
-7.0798
3.64226
2.02493
0.356466
1.44157
-1.43613
0.442564
-0.592985
1.75826
-1.31294
1.32205
-2.10586
1.43734
6.86326
2.88069
1.31103
2.28377
-1.04929
-0.604579
0.697074
6.13102
4.98349
0.639667
0.707385
-5.79469
3.28836
-1.45397
-5.17175
-1.31586
-4.3318
-0.821617
4.67352
1.83898
-1.86911
-1.88174
-0.278863
1.35588
-0.586779
0.575449
1.2514
2.21079
1.44916
-2.93232
-0.323373
-0.0917638
-4.06267
0.546736
-6.88784
-2.35014
-2.45857
2.32658
-2.98499
2.32085
1.89776
-0.21844
-0.664589
-2.10146
-2.60811
0.429368
-4.71399
-1.63408
-0.784618
-2.72546
-0.0253697
3.05303
1.86633
-1.2921
2.79501
-4.28943
-2.52797
-0.0999985
0.951785
-0.102635
-1.52027
-0.314391
-3.23917
2.76203
3.81656
-1.68786
1.66615
-0.446807
2.64634
0.509801
-2.05148
0.423583
-2.08019
-0.583355
-0.228501
1.20893
-1.54433
0.448064
2.58698
-1.23038
-3.03627
-1.80758
1.36922
3.83587
-1.42247
1.24115
1.3529
0.231537
1.90842
-4.89638
-0.465832
-0.585317
-3.95655
0.390403
3.41869
0.562672
-2.8709
0.133358
-0.0235363
-1.16594
-3.75813
0.913406
0.212434
0.127969
-3.05454
-1.74944
-2.12193
-0.462184
-2.71345
0.492385
0.0962369
-5.67746
2.43902
6.46559
-0.554
2.71242
-2.51951
3.41079
-1.67728
2.57807
2.40885
-1.30959
1.55928
3.6882
-4.63622
-0.66209
-0.520601
-1.40326
3.34717
-0.985059
0.887582
2.12294
7.84562
3.44821
5.19991
0.519534
0.293931
1.48866
-0.231129
-2.8517
0.0112146
3.97594
-2.00193
0.260081
-2.27976
2.95375
2.17869
0.474776
-0.36502
0.284286
-3.20806
0.110925
-4.34099
0.269123
-3.29777
-3.60298
2.86882
-1.24954
0.0337962
1.17828
-3.69992
1.75444
-3.78617
1.96049
-7.78709
1.52212
-0.0587423
-1.30121
3.21909
2.22579
0.277553
-0.497054
2.26998
2.63201
-0.207845
-2.08087
1.11143
-5.0334
2.14349
3.7707
1.76977
0.832089
-2.37726
-4.96789
1.01777
2.19521
0.350204
9.51922
-1.06071
-0.70625
1.1941
-0.696668
-1.89801
0.552405
0.882952
-2.30356
-2.10302
2.74018
-2.69116
0.818468
-6.48079
1.02323
-3.51394
-0.212261
-0.118772
1.0455
0.88085
-0.900829
0.883709
2.0533
-3.59764
-0.265393
-0.571848
-1.17468
1.85986
-0.0753204
-2.10864
-0.854589
0.195097
-0.664203
-4.65905
0.434556
0.383266
-0.309272
-4.26329
3.73411
0.497196
-1.26713
0.0401568
-2.39247
4.40403
-3.27979
-0.70445
0.792159
3.91631
1.21758
3.60368
-3.10253
0.252784
4.35925
-2.84817
2.07125
2.3989
-2.15079
4.56581
1.53104
-0.252317
0.66632
-0.558836
-0.496763
-2.74031
2.12071
0.953247
1.47603
0.339461
-0.051008
-1.53046
2.52126
2.06238
6.00729
-1.91695
-3.27804
2.72917
0.329841
0.0464886
0.985745
-3.31755
-1.6364
-2.10118
0.451461
0.69479
0.502744
1.43555
1.93548
-1.14955
-0.657912
-1.50427
-5.79745
1.27172
-1.61256
3.43012
1.18641
-0.105575
0.0043976
2.23089
-2.6716
-0.659718
1.68812
-0.252684
0.583492
1.09636
-0.380245
2.71166
-2.22799
0.634028
0.32814
-3.96097
3.11604
-0.547842
-0.114091
-1.22326
1.62606
-0.158783
2.38263
-7.20837
3.84315
1.60755
-3.06208
2.52894
-0.689106
-1.86517
3.39098
1.88815
1.39619
2.67588
1.52671
-1.87372
3.80909
-0.598051
-1.98318
3.26361
0.353971
0.500437
1.26062
-3.37525
0.50686
2.23994
-1.81343
-5.64546
-2.70955
1.26459
-1.11796
-2.33999
0.0805417
-1.92469
2.20231
1.23538
1.47726
0.927332
2.17792
-1.71492
-1.69859
2.28387
0.507648
0.58309
0.520863
-0.229438
3.23065
2.04201
1.23456
1.57663
0.985638
-0.286898
-0.261951
-2.24127
5.95433
-0.0754436
4.97953
-1.94575
-2.8847
0.86114
-0.489117
-3.49401
2.32474
-0.500111
-0.299388
-3.09
1.09148
-0.104123
-0.13204
1.9451
-4.2268
0.61023
-2.62987
-1.58571
-2.59191
3.86966
-0.162396
-1.0105
-2.05808
0.677755
-1.18809
0.169341
2.87197
2.4893
-2.09813
0.0730731
-0.263121
2.22725
1.5528
0.972728
4.26898
3.22271
-1.80815
1.17417
2.84114
0.725794
1.56914
-2.42242
2.83401
-0.183881
0.305634
-3.01624
0.733901
-1.88108
2.19887
1.9075
1.20932
2.26736
2.63928
-0.846064
-1.02927
-1.45164
-1.27688
4.02896
0.0048447
0.486157
2.8174
-0.648381
-3.73106
-6.55108
0.575113
-0.0944503
0.032969
0.953431
2.79535
0.285689
1.21666
3.08271
3.49385
3.46523
1.49
-1.18301
1.16572
-1.32984
4.53236
-4.2758
0.111329
-1.63896
1.04289
-2.16172
-1.27041
1.31252
-0.369968
-1.15738
4.56809
-5.51345
2.75246
-0.109103
-1.55514
1.69935
1.20747
-0.508343
0.510123
-8.62541
-5.80162
-0.676551
-5.67547
0.653793
-5.85804
-4.54419
-0.193991
-1.06494
0.110656
0.836962
-1.05783
3.62828
0.916223
0.705066
3.5962
1.81974
4.38535
-2.12643
-0.822733
-1.67112
0.0275803
-0.204022
5.06266
3.30193
-0.740369
0.762195
1.81914
-0.270229
-0.986909
1.12254
2.0624
-0.866046
0.121324
0.244191
7.57393
0.209884
-1.95555
1.29955
-3.51317
-2.19422
2.04321
-2.53179
-0.299542
-2.49947
1.15051
-0.604922
0.565594
-0.105488
-0.175657
2.74704
2.02188
3.02233
-0.691262
0.407951
1.48595
0.655957
-1.66654
3.03452
1.44244
-1.43591
2.91803
0.158603
4.96669
-0.346957
4.10056
0.764783
3.99531
1.39031
0.104873
-5.2757
3.51177
2.08387
-1.90973
3.56327
4.90228
-0.292954
-2.32993
-0.193584
-1.08974
0.219737
0.166976
2.32017
3.48396
2.81448
0.641631
3.69107
-2.99825
-1.19588
0.196735
-0.26418
-0.861057
-3.53121
0.231159
-1.97391
1.28578
-0.291855
0.736804
4.44166
1.81111
-0.111249
2.45117
2.15687
-2.3218
-1.98893
3.11486
-2.26816
3.83143
1.93788
-3.16449
1.21631
1.85002
3.40524
2.19276
2.49598
-0.000602897
5.23503
-0.0981403
-1.13126
-2.41689
1.63115
-1.78264
-1.02948
-1.06778
-3.39136
1.19039
-0.334239
1.05493
-2.15654
-0.334567
1.2189
2.45283
3.0072
2.14225
-2.84769
-0.760308
1.54589
1.25801
-1.82702
0.407754
-1.4228
1.56805
-4.44306
0.372201
0.096695
-2.86316
1.01485
-2.85074
1.36483
-0.734273
-2.17512
1.53177
-1.04153
0.388352
-0.605702
-0.520112
0.824271
3.56711
0.969079
2.18272
4.96998
4.76449
-3.66049
-5.23168
-1.30685
-0.0634311
6.05644
-0.758406
1.37654
-1.51829
-0.369326
-1.69712
0.350404
-1.84588
-0.959713
1.12746
-0.941657
-0.331665
-0.705013
-2.3539
3.65496
-5.0624
-0.926146
1.09091
2.42131
-5.06176
-0.688646
0.213282
0.0956742
2.28536
-0.856705
1.48259
-0.960527
2.14789
-0.183533
1.73538
1.36596
3.1278
-0.642202
-0.0370629
-3.58682
1.84698
-1.68554
-0.681641
0.882049
-2.98549
4.54174
-1.37015
-1.35065
-0.857837
1.08002
-6.96116
-0.689081
1.78172
4.13352
3.3049
-0.227009
-2.05756
-2.65062
2.19483
-2.60276
-2.60809
5.07137
-1.27377
-0.441774
-4.06549
-7.44636
1.85481
1.51894
1.13947
0.798772
5.62945
0.359329
