0.667699
0.331047
-0.211172
0.769582
1.19484
-1.5088
-0.802277
0.87691
3.15411
1.06061
-1.41433
-0.0653794
-0.40936
0.376263
0.218743
0.553554
-0.807747
-0.559741
2.01322
-0.473313
0.100834
-0.132247
0.182647
0.0657602
2.32199
-0.788707
-0.835553
0.452624
-0.10172
0.725485
-0.953141
-0.0401734
0.784053
-0.953643
-1.15062
1.61055
1.40212
-1.73409
-0.422939
0.498397
1.9759
0.424306
-1.165
4.29498
0.323669
-0.828252
1.87839
1.75059
0.441132
-0.0124278
0.336841
0.0911309
-0.297189
-0.0671408
1.76069
1.06083
-0.555259
-0.170052
-0.592451
0.409932
-1.81032
1.10051
-0.0361594
0.169886
1.41779
-1.64136
-1.19935
1.41394
1.99605
-0.668606
-1.28736
0.0524895
1.61914
-1.74897
-0.144616
0.679543
0.264126
0.627485
-0.190293
0.144799
0.251547
0.414388
-0.406703
-1.25383
0.32357
0.313978
1.28958
-0.192514
0.373335
-0.614135
-0.113414
-0.103808
-1.47255
1.01432
-0.450254
1.20739
0.15541
-1.50579
0.313027
-0.604239
-0.694023
-0.677364
-0.0990469
-1.49081
0.615418
-1.27816
-0.941665
0.125411
-1.99815
3.76297
1.77928
1.19219
0.0982758
-2.38516
0.0017387
-0.131076
-0.503374
0.638165
-0.0159452
1.03247
0.889865
0.00916066
-0.12781
-0.457684
-0.164158
-0.592422
0.500411
0.954803
-0.634787
-0.49802
0.657625
0.383702
-0.527317
0.0855229
-0.0358462
-0.257442
-1.51342
1.44448
0.585766
-1.35123
0.123971
0.250631
1.26159
-0.187794
1.0568
-0.901115
-0.701696
-0.00640289
0.156278
-0.892623
0.485565
-0.355741
0.682448
0.320335
-0.427989
-0.322784
-0.345678
0.149056
-0.753147
2.52648
-0.184038
-0.520129
1.92088
1.48675
0.10104
0.123626
0.188064
1.29262
0.149169
-0.597597
2.22747
0.134941
-1.08949
-0.078092
0.316161
0.375684
-1.58396
-0.127691
2.37187
1.37028
0.685299
-0.579608
-0.229814
-0.570454
-0.303729
3.85248
-0.840858
-0.772652
-1.10514
-1.18183
-1.96806
-0.442725
0.61057
0.665957
-0.110936
-0.0888963
0.895918
0.402884
-0.847786
0.880234
-0.248142
1.02472
0.749948
-0.356286
-0.199008
-0.0537032
0.151581
0.136709
-0.646767
0.34186
-0.876187
0.535383
-2.77283
0.237153
-0.25367
0.881699
0.767863
1.11353
0.381548
0.198692
-1.24266
0.231517
-0.972657
2.80193
-0.238022
-0.894522
0.489411
1.54729
-1.67168
-1.00831
0.14577
1.11594
-0.13059
0.877198
0.301855
0.448278
0.141053
0.13887
-0.437145
0.638205
-1.04342
-0.296994
-1.18175
1.88247
-1.50754
-0.192232
-1.58762
0.755582
1.84667
-1.22039
0.687397
1.22642
-0.89029
-0.823914
0.863592
-1.19383
0.669494
-0.323388
1.92315
-0.057202
-1.6703
1.02499
0.533794
1.07383
0.152766
-0.824272
0.0400053
-0.316168
0.145894
0.266526
-0.11074
1.35129
-0.387362
-0.23523
-1.03086
-1.95255
0.105624
1.337
0.717945
-0.0188716
-2.74004
0.193437
-0.400069
-0.125763
-0.491964
0.181544
0.0299574
0.0289516
-0.203772
-0.269081
0.696583
1.03731
-0.434059
1.16163
-0.90999
0.528702
1.19278
0.858454
-0.782403
-1.13413
0.937942
-0.475038
-0.1789
0.113801
0.0755453
0.151234
-0.832057
0.312943
-0.754813
0.569203
0.565132
0.224006
0.260399
1.10312
0.59371
-0.090214
0.150799
0.334192
0.665487
0.427904
0.125791
0.94551
-0.125686
0.54038
0.248715
0.60168
1.10984
0.00928643
-2.37245
1.62503
-1.25637
-0.00992993
0.959789
-0.462275
-1.37536
-0.376584
0.335032
0.920627
1.02458
0.6215
0.751167
-0.229375
-0.279559
1.35072
-1.56257
-0.403387
1.90279
-0.337667
-0.520927
0.399589
-0.238498
-2.70512
-0.200721
0.181415
-0.619956
0.71124
-0.431551
-0.550524
1.60301
-1.06027
-0.966558
-0.165689
0.133422
0.119292
-0.233542
0.419612
-0.625856
0.576791
0.97956
0.515464
-0.104657
0.893135
0.939654
0.330609
2.24928
0.0866006
1.02087
0.169984
-0.184489
-0.234508
1.62254
-0.789461
0.183741
-0.274272
0.326151
1.10406
-0.264283
-1.56761
-0.0162312
-2.06657
0.6008
0.413383
-1.31485
0.650082
-0.0343662
0.0266606
-0.0599797
-0.356409
0.176626
0.388251
-1.27244
-0.500159
-0.167356
-0.730192
-1.46587
0.670629
0.794263
-0.0222962
-0.266648
-1.39924
0.565453
0.0368665
-0.245224
-0.32451
-1.48199
-2.36181
1.05685
-0.496207
-0.38318
0.216634
-0.339103
-0.276549
0.496029
1.15324
0.0214674
0.460412
-0.0268446
1.10548
-0.250852
0.499397
0.316607
-0.112601
1.45413
-0.805408
0.0335346
-0.422854
-0.822692
-0.0545545
1.10098
-0.974757
0.192403
-1.15139
-0.211036
0.694454
0.843213
-1.01206
-0.934238
-0.111138
0.443811
-0.0236233
-0.00256041
0.668407
-0.948459
-0.0421327
-0.00763548
-0.833876
1.51906
0.858636
-0.366373
0.360671
0.238783
0.58766
0.954423
-0.45549
0.208932
-0.344473
0.443273
0.19276
-0.306723
-1.35184
1.85384
0.726739
0.18212
-0.951198
0.709171
-1.29598
-0.674032
0.29617
1.26815
2.22756
0.00643806
-0.0255283
0.269377
-1.87187
-0.466064
0.838659
-0.11912
0.000824802
-0.425865
-1.20474
-0.743956
-0.280073
0.970216
-0.0379942
-0.0618824
-0.122991
-0.950123
0.177338
0.336547
0.0341391
1.72184
0.570636
-0.392654
-1.6387
0.761262
-0.235458
-1.73738
0.0710745
0.142786
-0.461712
0.711845
0.052357
-0.480022
0.137496
-0.0901456
-1.19313
0.873908
0.762293
-0.791989
1.24198
-0.861529
0.41213
0.134338
-0.538319
-1.26159
-0.922194
-0.342718
-0.131527
0.58563
-1.70735
-0.412832
-0.0431202
1.5674
-1.68151
-0.178881
0.822371
-0.485321
0.322906
0.333512
-0.364862
-1.95789
0.829213
-0.253431
1.35936
0.326661
-1.28939
0.208393
0.742604
-0.167885
1.09565
-0.29864
0.416836
0.272515
0.489839
0.353408
-0.0409816
-0.0278592
-1.74844
0.976065
-0.931999
0.829627
-0.520287
0.270305
-0.698876
-0.683855
0.999988
-0.290688
-0.295212
-1.43292
0.191488
1.45029
1.14187
0.171901
-0.510944
-1.53043
0.576216
0.584809
-1.04024
-0.448833
-1.46341
-0.929406
0.344188
0.873902
1.47434
-0.704319
0.0142643
1.33721
-0.594859
-0.735131
-0.559042
0.378056
0.904469
0.253336
-1.69356
-0.0852499
0.869666
-0.647684
-0.270291
0.0829873
-0.940007
-0.579202
-1.00384
-2.4884
0.408174
-1.36279
-2.75357
0.177506
-0.296224
-1.11789
0.640788
-0.234002
0.204381
0.285846
0.926715
1.0921
0.156289
-0.161854
-1.45143
-0.136644
1.36877
-0.206807
-0.387093
-1.13616
-0.554979
0.510395
0.0661518
-0.961267
0.214283
2.11841
-0.144616
0.947772
-0.52641
0.157274
-0.264641
-0.300248
-0.365543
-0.728726
0.174479
-0.214828
-1.29783
0.878007
0.0582996
-0.773995
0.246604
3.1878
-0.782543
0.599657
-0.00631861
-0.714879
-1.44308
0.140135
0.206616
0.403511
0.0231989
1.54878
-0.689292
-0.0111403
-0.868967
1.0989
-0.918247
-0.525818
0.0678515
1.83779
0.309577
-1.31996
-0.657995
1.3216
-1.33132
-0.395672
0.148981
-1.01041
-0.291725
-0.929847
-1.40338
1.37978
1.15207
0.53034
0.0741744
-0.939725
-0.0871973
0.182519
-0.386795
-0.392088
0.387182
0.851145
-0.705462
-1.65236
-0.572661
0.567675
1.1888
-0.119595
0.276502
2.2537
1.10406
0.221348
0.479667
0.676443
0.0210917
-1.21918
0.396101
0.442945
1.13442
-0.541989
0.715351
0.159658
2.61434
-0.789237
2.39126
0.0113219
-0.782243
-1.13635
0.465182
-1.14437
-0.508351
-0.839473
-0.839261
2.1045
0.413206
-1.18756
-2.09007
0.21445
-0.288796
0.759994
-2.35901
-0.794836
0.33086
-1.30996
0.296018
-1.43289
1.94164
0.0696044
-0.816741
0.794067
0.707337
1.12837
-0.060721
0.606044
-0.778989
-2.01966
0.958537
0.36316
0.696107
-0.116082
0.688352
0.229135
0.0698518
0.43952
2.43235
-0.304223
0.976568
-0.0188648
-0.57159
0.201913
-0.0990434
-0.411493
-0.266022
-0.0527759
-1.62025
-0.531872
0.0538356
-1.23475
0.10061
0.602301
-0.0194051
-0.749737
0.150388
0.433594
-0.912409
0.52098
-0.59631
0.0611654
-0.0328335
0.643963
-0.718087
0.409336
0.0542068
2.01883
1.05041
-0.0885522
-0.85025
2.23357
-0.357697
-0.177322
0.852002
-0.942796
1.14078
-0.613536
-0.427674
-0.376485
-1.31038
1.03912
-1.11295
-0.661141
0.894971
0.602664
-0.838439
-0.185671
1.45324
-1.37402
-0.206863
-0.304839
1.52575
0.782273
-0.421324
0.522836
-0.0413665
0.201095
0.525809
0.397699
-2.81674
0.0635703
-0.147075
0.901599
0.0105523
1.24407
0.0791377
0.138098
-0.302382
-1.56334
-0.301719
0.711081
0.787074
-0.853876
-1.01474
-0.0719448
-0.0293208
0.174206
0.417874
0.325006
-0.373213
-0.565692
0.148702
-0.693287
1.39709
0.487169
0.595058
1.04406
0.199309
-0.619494
-0.779338
1.38926
-0.69674
0.800404
-1.99867
-0.41293
0.122119
-0.0415694
-0.11031
0.794679
-0.475484
4.08743
0.0104791
-0.858118
0.0322892
0.583761
-0.0294628
-0.905949
0.758403
-0.440884
-0.101669
0.202163
-1.15529
-0.226115
-0.445586
0.824652
-0.76091
-0.0458955
0.0149587
-0.671921
-1.195
0.797231
0.450115
0.575405
-2.4926
-0.56439
0.87582
-1.39091
-0.109521
1.4563
0.287432
1.20582
-0.134822
0.483819
-2.83252
0.623399
0.176798
0.13461
0.158982
0.0878758
-0.125868
0.300964
0.648971
2.95027
0.716652
-0.162832
-0.755883
-0.0524725
-1.49324
-1.60874
0.233237
-0.842044
-1.07257
0.415556
0.340531
0.453666
-0.242095
0.150508
0.217287
-1.30073
0.302249
-1.07367
-0.0705048
0.24694
0.946747
0.444555
-0.332386
-2.05256
-0.538799
-0.351199
0.198034
-0.898236
0.805972
0.373846
0.0428112
0.28194
-0.114155
1.77936
-0.118098
-0.395829
-0.469265
0.624898
0.181807
0.873661
0.299961
-0.564405
-0.632102
-0.243407
-1.16638
1.57675
1.48257
0.152643
2.37069
-0.444917
0.724602
0.389122
3.72136
1.53158
0.636328
2.61643
0.13057
0.671411
0.491465
1.17404
0.517818
0.479096
0.19183
3.05082
-0.267074
0.942609
0.436114
-0.957674
1.13716
0.3178
0.0486534
0.816131
-3.08742
-0.557561
-0.715359
-0.354985
0.310022
-0.0203479
-0.672311
-0.312888
1.02432
-0.124084
-2.05586
-0.275021
-0.901243
0.870111
1.43649
-0.914036
-0.16804
-0.380146
-0.545682
0.53332
-1.03819
-0.586521
0.0112559
0.489271
-0.264528
0.442753
1.60614
0.159778
-0.216504
-1.70631
-0.607436
0.243687
-0.563772
-0.157016
1.79635
-1.09479
0.207931
0.325335
0.314391
-1.58069
0.532071
-0.592284
0.276642
0.512858
-0.117787
-1.29829
-0.0411292
1.54947
0.420652
-0.290664
1.66653
-3.18925
0.0562418
-0.552096
-0.489947
-2.02858
1.64382
0.689691
0.0530677
1.76604
1.18579
0.958808
-0.103438
1.57512
-0.962119
-0.305273
-0.462642
-1.7039
0.350921
0.419607
-0.702956
-0.105888
-0.496984
-1.73518
-1.05201
-0.0379898
0.696272
0.532143
-0.894493
0.447463
0.232228
-0.484222
-0.0882836
0.100779
2.08349
-0.0377506
-0.579683
0.0990237
0.298182
-0.167048
-1.00446
-0.220583
2.56804
-0.325441
0.624952
-1.34419
-0.0470935
1.08237
1.2955
-0.604113
0.717667
-0.239621
-0.593688
1.16068
-0.438002
0.52039
-0.244354
0.245366
-0.542419
1.0905
-0.514983
0.71472
-0.0806017
-2.87473
0.202303
2.54441
-0.500163
-0.291616
1.81272
-2.32963
-0.76995
0.448674
-1.22182
-1.71433
-0.849687
0.249567
-0.893137
-0.53787
-0.53453
-0.0978695
0.566202
-0.546758
2.58223
0.89817
-0.791895
-0.713649
-0.909702
-0.195111
0.799744
-0.84751
0.725727
-0.528484
0.348609
1.34789
-0.39848
-1.12348
0.136275
-2.11149
-0.0820588
-2.39042
-0.279909
-0.935793
0.566956
-0.16181
-0.358208
0.0533012
-0.907719
-0.257901
-0.495761
-0.397197
1.54427
-1.70646
-0.511958
-2.86867
0.0794875
0.167674
-0.206028
0.632967
-3.6353
0.875869
0.656832
0.760175
-2.36804
1.75311
-0.395812
-0.102812
1.85355
0.952974
-0.325734
-0.178795
1.8982
-0.196387
0.718877
-0.236463
0.579108
-2.01489
-0.855296
-0.285904
-0.88958
-2.19004
2.15343
0.348703
-0.757883
1.36848
0.450235
-0.630049
0.270206
0.706154
0.880502
-0.301736
-0.599757
0.0382227
1.45628
0.126427
0.228785
-0.210613
-1.03618
-1.02993
0.412834
0.35452
-1.22429
-1.48133
0.522104
-0.186276
4.42093
0.470198
0.0503393
2.05726
1.62508
0.640612
-0.393293
-1.15835
-1.26111
0.0799088
-0.27267
-0.424111
-1.46681
-0.755818
-0.150164
-0.543728
-0.299852
0.605115
-0.325555
0.2441
0.245376
0.128861
0.729127
-0.10525
0.778943
1.36947
-1.25544
-0.273442
0.406676
-0.529191
-0.616498
-0.350073
-0.6049
-1.71207
-1.04243
1.14698
-0.574431
0.102812
0.068624
0.22026
0.0623195
1.28988
-0.520535
-1.02734
0.464062
0.471148
-1.40459
-0.0876372
3.2651
-0.658876
1.36952
-1.35503
0.800654
0.217248
-0.396841
-0.518942
0.448286
-0.246547
0.52584
1.18226
0.0301776
-0.838162
0.929413
-0.9548
-0.939137
-0.751465
0.921086
0.0149347
0.942398
-1.03104
-0.184142
-0.358733
0.597506
-0.725596
0.656778
-0.285861
0.661468
2.61751
0.487757
1.09243
0.716079
1.08553
-0.361449
0.583701
0.00555233
0.84917
-0.985995
1.57371
0.206029
0.419714
-1.45056
1.02526
0.253936
0.757763
-0.0971479
0.000297215
-0.521447
1.83551
-0.559066
-0.159352
-3.38788
0.572556
-1.00608
0.109653
-0.74914
0.725312
-1.77577
2.04551
-0.94143
-1.86028
0.981053
-2.64658
0.440347
0.451731
0.112562
0.647971
-2.23297
-0.150578
-0.200329
0.0404151
-1.30115
0.629085
-0.116317
-0.695831
-0.946878
-1.18122
0.0334915
-0.807859
-0.393322
1.30309
-0.478643
-0.384032
-0.67377
-0.535776
1.30367
-0.272374
0.76205
-0.485314
-0.121863
-0.197261
0.474322
2.65412
0.518096
1.10671
-1.29887
-0.0393541
-0.625357
0.240269
-0.147854
0.622093
-0.744111
-0.656564
-0.638114
-1.07329
1.03772
-0.169575
-2.23424
-1.46753
-0.400545
1.15639
-1.11417
-0.327439
-0.889457
0.0577112
-0.839788
-0.842699
0.619728
-0.0105801
0.364669
0.175989
-0.0152844
0.728267
1.0055
-0.0650527
1.01292
1.23325
-0.373872
-0.0999872
0.406595
-0.293145
-1.68462
0.537043
-0.0221123
0.559366
-0.86042
-0.820206
-0.178061
0.141141
0.362221
0.927872
-0.235532
-1.14768
0.0611211
-0.574235
-1.69931
0.578324
-0.29282
0.246551
0.385989
0.911894
-0.0430467
0.127731
1.56934
2.02561
-0.200674
1.08858
0.545137
0.468386
-0.988889
2.13056
0.410185
0.563796
1.1152
-0.829569
0.723788
-0.521423
0.221836
1.29852
0.378838
-0.660292
2.16354
0.925517
0.358298
-0.610115
1.93206
-0.190743
-0.589375
-2.29418
1.31507
-0.0630024
-1.28431
0.676737
-1.27702
-0.32198
0.468222
-0.785844
-0.441193
-2.22619
0.409217
-0.34604
-1.09725
0.585708
-0.291774
0.852641
0.553402
-2.144
-0.0412261
0.0975145
0.383529
0.0625374
-0.0957635
1.27908
1.20137
0.255172
-0.745033
-0.468849
-0.110982
-0.989575
-0.684612
-0.575013
1.77155
0.510396
-1.69599
0.788585
-0.842512
-0.0693742
1.37682
1.13273
-0.598306
1.02006
-0.698132
-0.392154
-0.820243
-0.0308346
2.89438
-0.17828
-0.572952
0.837015
-0.661106
-0.92541
-0.497254
-0.140311
-1.44413
-0.00177682
-0.289574
0.372033
-0.0460873
-0.986297
-0.976931
1.51954
-0.625096
0.78415
0.593824
0.962109
-0.498606
1.04841
-0.971419
0.639891
-0.0683652
-0.019488
0.0532475
1.57147
-1.36625
0.999042
-2.767
-0.206371
-0.30449
-0.149188
0.00291786
1.15348
-0.108584
0.575485
-1.00049
0.872894
-1.13536
0.27773
0.114309
-3.04031
0.892328
-0.379773
0.354264
1.93206
-0.14987
0.244032
0.367671
2.45107
-0.479712
-0.222331
1.10089
-0.951088
0.0697989
0.686646
-0.369645
3.02555
-1.29448
-0.235811
-0.00210721
-0.424475
-2.00872
1.13909
0.477792
-1.37429
-0.147716
-1.22443
0.0797558
0.0553009
0.836262
1.83308
-0.147397
1.2237
0.1876
-1.61076
-0.0239505
1.15527
0.644184
-0.909315
0.238043
-1.07068
-0.648106
0.172204
-0.910394
0.0892586
0.426403
0.116118
0.283684
-1.64023
0.525902
0.0554494
2.41314
-0.292199
-0.0958355
-1.25412
1.56081
-0.187168
-1.21556
-0.0193173
-0.272632
-0.234199
-0.513219
0.357715
0.286515
-1.53927
-0.982344
0.712772
-1.78323
-1.38014
0.471129
-0.75602
0.404383
0.518142
-0.160276
-1.06056
0.972556
0.243274
-0.42121
-1.05455
-0.949568
0.115078
0.124145
-1.35506
-0.301185
-1.38396
-0.175248
0.107182
0.447159
-0.00476129
0.563489
-0.788623
-1.28683
0.66119
0.504482
0.721169
-1.83547
-0.161051
-0.188657
-0.699007
0.122195
-0.609737
0.0272213
-1.57311
-0.872269
-1.2415
-0.1373
1.15005
-0.497194
-1.38298
1.20269
0.343075
1.51286
1.88493
0.462224
0.186055
-0.362847
-1.71794
-0.323728
0.0862006
-0.799951
-1.19458
0.374921
0.672311
2.04846
-1.71374
-0.191808
-1.99948
0.541532
0.151544
-1.33358
0.47113
1.43489
0.530982
0.320144
0.373362
-0.454375
1.38535
0.316516
-1.18805
0.375958
0.0922762
1.75889
-0.721203
0.230379
1.31582
0.885322
0.861344
0.736697
-0.146061
-1.12359
1.31987
2.50363
-0.724047
-0.730983
0.055797
-1.20013
-0.966364
0.210076
-0.267536
-0.566374
0.0804276
1.60075
0.213091
-0.61709
0.0755389
-0.188177
-0.594425
0.624185
-1.75128
-1.49734
2.3262
0.625073
-1.73963
0.0535962
-3.08814
-1.28829
0.281096
0.659353
0.390941
0.872127
0.346686
-2.8191
-1.12687
-0.985708
-0.26703
-2.43319
-0.799065
0.0528384
0.48222
-0.0321204
2.11505
0.731396
-0.0639226
0.47605
0.196752
1.13108
-0.499765
-1.06242
0.584978
-2.73547
-1.35836
-0.141449
-0.757829
0.0723583
-1.07806
-0.23233
-1.77495
0.0575881
1.01117
-0.90686
0.426781
-1.0508
-0.857625
0.284634
-1.11289
-0.967985
0.393583
1.42459
1.71247
1.13486
0.953036
-0.441054
-0.453804
-0.877321
1.02857
-2.54569
0.203016
0.515171
0.598439
-0.960973
-0.805946
0.18519
0.241271
0.01193
1.16453
-0.462047
1.79894
0.773367
0.357424
-0.274142
-0.464752
-0.141194
-2.0791
-1.11366
-0.341885
0.269406
0.230385
0.840106
-0.0561164
0.223198
0.0890976
-0.654758
0.652352
-0.601788
2.05621
0.539557
1.93646
-0.755474
-0.0643664
0.727611
-0.885601
-0.698934
-0.403018
0.534282
0.939169
0.213793
1.41073
0.491385
-1.40463
1.67193
0.00699343
-2.11859
-0.827505
0.787164
-1.60037
-0.447023
-0.942888
0.686322
1.35805
0.965458
0.564667
0.0829204
-3.04823
0.17867
-2.18268
-0.910533
-0.0685624
0.169085
0.556181
-0.462108
-1.46823
1.46209
2.07806
-2.20555
-1.34516
-0.159804
0.681253
-0.972435
0.680034
0.0795925
0.169213
0.490275
-0.386618
-1.39711
1.37236
0.30333
-0.24755
-0.255338
-2.41765
0.134497
0.692542
-0.1265
-0.153794
-1.16724
-0.283567
-0.577545
2.98556
1.37154
-1.72571
1.46684
0.495415
-1.17409
1.2599
-0.0568223
-0.0364785
-0.347864
-0.116759
-1.46742
-0.94795
1.64054
0.262073
0.657994
0.873549
1.49432
-0.203617
-0.264578
0.0469693
0.568866
0.362263
-0.887399
-0.807073
0.541052
0.237102
0.40948
0.220906
-1.14026
0.155323
0.117719
0.377252
-0.437112
0.144336
2.30115
0.23771
-0.137479
-1.21114
-0.253915
0.965014
-1.69677
0.42639
1.56627
-0.223447
0.186966
-0.277384
-0.929642
-1.0081
0.135433
-3.18647
-1.86688
-0.555359
1.30962
-0.260929
0.383958
0.0552273
1.03034
0.852638
0.423527
0.129157
-1.09581
-0.194944
0.357791
-0.0930376
1.812
0.0174391
-1.21214
1.04845
-0.970735
0.0833118
-0.99854
-0.904468
-0.308437
-0.358467
-0.123192
-0.0358626
0.313612
0.13149
0.908733
0.0386805
1.20778
0.422851
-0.501171
-0.0313897
-2.11504
0.290992
-1.0956
0.0272129
0.43917
-0.139719
0.904912
0.00207913
-0.0534852
0.21712
0.63947
-3.09421
0.910183
1.04784
-0.0729301
1.67873
0.00806973
2.15317
0.288728
-0.764635
2.70867
0.712377
-0.502283
-0.641152
-0.198927
-0.95859
1.33845
0.0833338
0.640825
0.178647
-0.508951
-1.28623
0.238238
-0.968213
0.00878271
-0.631471
-3.29818
0.0572369
1.02237
-0.992683
-0.0116244
-0.164394
-1.10449
-0.110557
-0.41977
0.0525218
0.656589
-0.923654
0.617727
-0.241617
-0.810688
2.15347
-0.697878
0.048658
0.627694
2.05568
-0.256782
-0.156944
0.98106
-0.392311
-1.91248
-0.10832
0.0875557
0.269142
0.718366
-0.326982
-0.606992
-0.00956728
-2.13084
0.372529
1.26168
0.221787
-1.32173
-0.407925
-1.22816
-0.701957
-0.52864
-0.308245
-1.13301
0.35182
0.269264
-0.552937
0.320474
0.170284
-0.710302
-0.825597
-0.634934
0.177569
-0.153975
-0.462856
-0.341819
0.51879
-0.590214
0.268615
-0.544377
-0.427643
-2.05034
-0.551341
-0.325105
0.00451247
-0.112817
0.182451
-0.367468
-2.33657
1.50827
-0.242564
1.62231
0.933646
-0.636818
-0.491893
-0.135169
-0.823631
0.206452
-0.415863
-0.685272
1.06414
-1.86197
1.13762
1.59012
3.04779
0.630444
1.89393
0.486784
0.429223
1.28768
-0.368771
0.268781
1.90986
0.976792
1.38577
-0.888559
0.934541
-0.789509
-5.90948
0.923448
0.167574
-0.402828
2.98752e-05
0.800069
-2.38342
0.48132
1.13795
1.68498
-0.618347
-0.527489
0.277576
0.875905
-1.60543
0.0407737
0.163494
0.225092
-1.33036
-0.380226
0.265529
-0.905179
-0.850967
0.356991
0.440822
1.45079
-1.25276
-0.212086
0.803148
0.506778
0.697788
0.279786
-2.04642
1.17169
-0.699446
0.0954453
0.249469
-0.223317
0.0986356
-1.78475
0.0274726
-0.822489
0.518049
-0.637461
0.14347
-0.397834
-0.603013
0.753244
-1.59332
0.867453
-0.53351
0.00806668
1.31977
0.374346
0.352608
-0.166517
0.14106
0.955934
0.0311318
1.7811
1.63705
-1.18204
1.20884
-0.910066
-0.256032
0.569385
-0.0542188
-0.0495923
-1.45222
2.08145
-1.07537
-0.245721
0.898566
-0.18133
0.712377
0.478593
0.0840693
1.11271
-1.45005
2.5897
-1.05374
-1.70196
0.371196
-0.472509
0.233216
-1.20051
2.09347
-0.603706
0.563755
-0.835939
0.280556
-0.731612
0.371653
1.45107
-0.384982
0.527457
-0.089968
-1.99551
0.987991
0.123875
-4.43261
-0.372697
0.484547
1.43919
0.739348
0.167368
-0.592178
0.244068
-0.42449
0.633424
-4.05912
0.362521
-1.00267
-0.427373
0.299902
-0.900605
2.64875
-0.522715
0.708628
0.0512435
-0.120999
-0.168588
1.49552
0.167103
0.0685205
-1.48625
0.450804
-0.160202
-1.74332
-1.58023
0.385473
0.373534
-0.0914625
-0.482094
0.158292
-0.186675
-0.662007
0.0961009
-0.341146
-1.63852
0.0933069
1.31765
-0.0562175
-0.432889
-0.63164
0.813263
-0.0901595
0.585801
0.266127
0.530539
0.495729
0.2715
1.1337
0.1729
-0.360132
-0.83624
-0.289299
0.450214
0.000141576
-3.24696
0.727522
-1.17778
-1.37662
0.157171
-0.293236
0.993364
0.2717
-0.257169
-1.5295
-0.165622
0.696141
-0.0580919
-0.047244
1.90123
-0.111749
-0.266637
-0.180912
-1.02776
0.194164
0.690686
0.101576
-1.00888
1.52405
1.79732
1.4954
-0.281425
-0.230404
-0.957446
-0.119336
1.24598
1.1265
-0.168619
-0.0545894
-0.619069
0.599616
-1.1011
0.0643408
1.9209
0.942511
-0.38585
-0.617164
-0.0832756
0.299436
-0.191243
1.82412
-1.49351
1.42808
-0.601438
0.191374
-0.256524
1.02783
0.111762
0.782149
-0.255681
0.624118
-1.22748
-0.291252
-0.0819673
0.326881
0.105601
-1.37988
-2.44928
-0.609056
-1.45814
-1.59803
0.453983
-0.195028
3.45471
1.09188
-1.0526
0.50002
-0.248041
-0.0812965
-0.0726121
0.901172
-0.312297
-0.543053
0.839035
-2.49521
-1.30303
-0.152867
-0.384451
-0.476626
2.65525
0.754362
-0.515834
-0.103736
0.525687
-1.24585
1.2691
-0.373474
-1.18345
0.0290948
-0.146258
-0.210986
-0.42244
-0.776515
0.63195
0.350296
0.483613
-0.382562
1.40922
0.637679
0.837262
0.697727
0.784017
-0.312632
1.55408
-0.362691
0.449001
-2.32937
-1.7356
0.611895
-0.46008
-1.25569
-1.28559
-1.0587
-0.275107
-0.356513
0.235514
0.858862
-1.46926
0.346321
-0.766812
-0.00289111
0.181266
-0.981388
1.54068
1.039
-0.942862
1.60427
0.237369
0.680437
0.343368
-0.00450697
-1.7057
-1.20186
-1.63752
1.20528
-0.691492
0.626986
2.14281
-0.272191
-0.294734
1.70727
-0.501728
-0.70876
-0.300167
0.238053
-0.519908
-0.292378
-0.193356
-0.523839
0.0149036
-0.792715
0.809498
-0.650717
-0.131202
-0.371724
1.37436
2.29477
1.22205
0.506488
0.573887
-1.17875
0.925219
-0.48119
-1.24455
-0.596135
-0.75735
1.60089
0.820194
0.157007
0.436259
1.42224
0.270137
-0.342957
-1.63744
-0.0188168
0.0463323
-0.266082
0.345241
-0.0203674
0.821818
-0.30556
0.596796
0.415764
0.267892
-0.918675
1.03508
3.22327
-0.306677
-1.25309
0.917765
-0.0275039
0.0863831
0.418627
-0.703614
1.46343
-0.21268
0.400262
0.196279
-0.875295
-0.190252
-0.117286
-0.116964
0.0705087
0.13156
0.508833
-1.94012
0.079475
0.553047
1.12455
-1.26952
0.272147
0.0476866
1.87343
0.48992
0.0579068
1.12013
-0.574853
-0.808256
-0.132152
-0.16752
0.266511
-0.864631
-0.1176
0.579709
-0.17085
0.351982
-0.294614
1.84994
0.150353
1.04667
0.144241
0.662355
-1.42347
-0.0536447
-0.946827
1.398
0.061438
-0.587702
-0.0987592
0.709511
-0.303816
0.540952
0.0971022
-0.985039
0.134612
0.022301
1.02488
0.46503
0.198597
1.17807
0.593261
0.609516
-1.26903
-0.0489082
-0.461913
-0.335894
2.1719
-0.822032
0.241231
0.686653
0.579793
0.966541
0.855273
0.0743651
-0.5992
-0.16971
0.460956
-0.709967
0.174212
1.60292
0.740234
1.02829
-3.5339
-2.20945
0.578103
-0.694949
-1.22455
-0.54134
-0.214056
0.691805
-0.648872
0.391582
0.962412
0.147356
-0.488141
1.29307
-0.916038
-3.80962
0.188162
0.871518
0.00285333
1.34117
-0.204186
0.673634
1.12005
0.0130905
-0.510344
-3.18757
0.246147
0.85142
-0.360362
-0.648183
1.84595
1.7254
0.955359
-1.66745
-0.528101
-0.161841
-0.309582
0.835694
0.431155
-0.905923
-0.714073
-0.120485
0.300201
-1.77427
-0.369138
-1.17328
0.409263
0.808559
0.534905
1.21301
-0.563793
0.0191797
-0.222496
-0.763969
0.662413
-0.379621
-0.815026
-0.602729
-0.270273
-0.98163
0.205579
-0.150448
-1.70805
-0.411227
0.220342
-0.214426
0.697899
0.0731536
1.29568
-0.171365
-1.41296
-0.248667
-4.97858
1.14325
0.182898
-0.572822
0.571183
-1.27686
-1.72135
1.07493
0.0532666
0.10214
0.527479
-0.00944431
-0.195256
0.375789
-0.119264
-0.255487
-0.128906
0.37348
0.894969
0.42136
-0.40673
-0.437736
-1.94054
-0.783967
-0.649797
-0.0733563
-0.728697
-0.441777
-0.329655
1.42444
0.0817625
0.831307
0.667106
-1.36901
0.719783
0.452874
-0.233493
-0.074293
0.311493
-0.655175
0.288056
-0.206306
-0.67625
-0.0102836
0.696276
-0.239672
0.229661
0.473067
0.134782
0.589262
-1.37227
-1.98241
-0.220582
-0.0545745
0.703386
0.527837
0.413813
0.251154
1.3975
-0.0695743
-0.535276
2.31024
0.997806
0.372386
-0.796591
0.12747
1.15853
0.969512
-2.10981
-1.48437
-3.26144
-0.758999
-0.817276
-1.11346
-3.90309
-1.12878
0.0132562
-0.0683489
-0.0240593
-3.49785
-0.069093
1.02669
-0.247615
-0.476713
1.25044
0.0401582
-0.526614
0.484456
1.09157
0.226433
0.134293
0.271849
1.41761
0.665715
-0.230323
-1.32459
0.369863
-0.467203
0.542406
0.295646
-0.281949
-0.0548971
-0.265762
-0.930488
-1.61547
-0.321726
2.38277
0.0821036
-0.261925
1.95392
0.0284108
1.20718
0.446298
-0.315872
0.2519
-0.958967
0.171712
-0.24308
2.45885
0.124366
1.68987
2.1115
0.349382
-0.357082
-0.0788088
0.84291
-0.0455935
0.618873
-1.55842
0.556218
0.426583
0.682128
0.0815585
0.106602
0.738446
1.37279
0.131331
0.823668
0.0169406
0.203512
1.28207
-1.07126
0.937513
1.1421
1.40249
-0.245997
-0.477124
-1.24849
1.55625
0.265045
1.82013
-0.650022
1.45149
-1.97055
-0.260039
0.687587
-0.109645
-0.56035
-0.949529
1.42115
-1.47367
0.203145
0.00411028
1.0563
0.0500284
-0.343096
0.863166
1.92241
-0.204557
-0.913853
-1.22569
-0.511781
0.0128637
-0.10859
1.09627
-0.0327858
0.103846
-1.2148
-0.646693
0.977493
-0.683892
0.350583
0.111801
-1.65721
2.32632
-0.938298
0.421905
1.07228
-0.5576
0.227167
-0.904102
1.47705
1.08694
0.428224
-0.299788
0.810375
0.485831
0.310031
-0.684825
-0.876136
0.635784
0.413272
1.2066
-0.00969026
-0.718982
0.629053
-1.08977
0.488991
1.41714
0.852558
-0.21698
-0.171874
-1.24292
-2.03977
0.805761
0.191786
-0.734037
-0.154366
-2.12072
0.151685
1.1494
1.49482
0.190488
-0.00614945
0.317185
0.0685458
-0.718189
0.402414
0.634476
-0.449167
1.55273
-0.326667
0.738588
-0.714157
-2.01898
-0.528365
-0.517294
-0.398627
1.49476
0.104112
-0.0974284
0.499184
1.06028
-0.398392
-0.181325
-0.354023
-2.08969
-0.403622
1.42
-1.31225
-0.600492
-0.610579
1.1343
-1.47501
-0.82898
-0.982799
0.512152
0.0999655
0.38162
-1.52935
-1.23568
0.234799
0.951189
-3.41323
0.443937
-1.675
0.260312
0.498058
0.0952753
-0.0366982
0.372491
-0.0361842
0.52715
-1.03912
1.22749
3.22031
0.740158
-1.31212
2.67906
0.574755
0.220802
-0.594349
-0.146966
0.452066
0.46612
-0.299362
0.0248875
-0.304293
0.146686
0.44038
-0.338168
0.520653
0.424134
1.22493
0.574924
0.686004
-0.350503
1.59631
-1.31939
-0.902402
0.799836
0.328596
0.228039
0.100332
-0.10182
-0.598379
0.944032
0.645183
0.137787
0.674568
0.671888
0.798532
-1.10651
-0.261841
-1.0381
0.131024
-1.29975
-0.151891
-0.590479
-0.400366
-0.255606
-0.881303
-1.33995
0.930207
0.876462
-1.53276
1.09962
-0.295515
1.71595
0.89069
-0.294161
-1.81579
0.241377
-0.176592
0.51295
0.00548115
-0.806529
-0.103933
-0.954491
-1.2279
0.340783
1.06725
-0.00571691
-1.51096
-0.947604
-1.00735
-0.0824145
0.878894
0.04182
-0.868077
-1.11368
-2.00754
-2.03108
0.880072
-0.0736424
0.876666
-0.32769
-0.685723
-2.89438
0.720239
0.221394
-0.33174
-1.47604
2.03474
-0.403844
-0.489677
0.487991
-1.687
0.13356
0.42421
0.218906
-0.896931
-1.50099
0.455772
-2.20506
-0.907328
0.680143
0.627904
0.444843
0.514854
-0.613631
0.251299
-0.638815
0.218789
-0.198997
-0.152417
1.31668
-0.971651
0.286982
1.09938
1.13523
-0.339834
-1.04396
0.504342
-0.656399
1.21594
1.27724
-1.79278
0.350233
-0.423983
-0.137272
-0.64335
-0.00793596
0.475677
-1.84368
0.972742
-0.542867
-0.178052
0.13384
-0.774684
-0.75505
0.219711
0.664599
-0.921157
0.291998
-0.808676
0.148591
0.146754
1.59193
-0.290406
-0.381413
-0.176908
1.10109
-0.441726
0.720226
0.181529
0.777251
2.32833
-1.49759
-0.822596
1.21923
-1.55325
0.876285
0.358081
-0.00171301
0.953921
2.3845
0.316098
0.660044
-1.39858
-1.62253
-0.111627
-4.15568
-0.642353
-0.866931
-0.0699383
-2.29557
2.77092
1.49354
0.526662
1.7491
-2.26008
-0.217237
-0.216306
-1.23357
-0.0897248
0.227762
0.0407215
1.15038
-0.89024
1.54518
0.115509
-0.289497
-2.15774
0.108541
0.21173
0.0745262
-0.758716
-1.60369
0.2983
1.48365
-0.827093
0.632892
-0.30345
1.59902
-1.03104
-1.87119
-1.02967
0.828193
0.754057
0.0693319
0.0592107
-0.326374
-0.168857
0.610762
2.07875
1.39918
0.225814
-0.0277838
0.818319
0.554234
1.36866
0.631425
-0.249144
0.359345
-1.08594
0.454896
0.74044
-0.42535
-1.64929
-0.565003
0.330799
1.19477
-1.03384
0.903815
0.263689
-0.479976
0.0315356
1.27898
-1.46776
1.13752
1.37258
-0.151439
-1.1134
-1.12989
0.999539
-0.422335
-0.120104
-0.0172031
-0.990308
-1.52855
-0.0730855
0.757688
-0.903697
0.103215
1.98667
-0.0700756
2.34113
0.280175
-1.21078
-0.587499
0.481329
-0.511713
0.191965
2.31652
1.18286
0.428473
0.181444
-0.169912
-2.45571
-0.381096
-0.162162
0.472339
1.8643
0.326743
0.0179241
-0.87536
-0.448006
0.0229215
-0.767236
1.1892
0.0141232
-0.932219
0.0198333
-0.0287814
-0.254009
3.51714
-1.1156
-1.16231
0.710108
0.0869478
-1.71518
-0.419643
1.99284
-0.28671
0.870832
-2.55643
-0.76475
1.22379
-1.92917
-1.4081
-0.343966
-0.155418
-0.374047
0.533792
0.844109
1.67785
-0.589781
0.40465
-1.06678
1.36219
-0.131906
-0.172312
1.0381
0.929935
-1.06959
-1.20386
1.56112
-0.687427
-0.0617059
0.636448
-0.0927075
0.512279
-0.458381
-1.5419
-0.368004
0.166324
-0.136976
-1.02827
0.296246
-0.128539
0.292914
-0.480519
0.0605613
0.52038
0.987744
1.70436
-1.46176
0.15208
-1.6506
-0.0413914
-0.565739
-1.06203
-0.895377
1.07896
1.53264
-0.278153
0.260084
-0.817992
0.127009
-0.897243
0.0411674
-0.348956
-1.04222
0.745835
-0.527316
-0.861496
0.136015
-2.42845
0.0499151
-0.0413221
-1.90576
-0.196405
1.30229
0.206413
-0.402335
0.592141
-0.388707
0.0677197
0.902139
1.4851
-0.15946
-0.689138
0.105606
0.484568
-1.55606
4.02979
-0.158292
0.917726
0.822027
0.0434937
0.529682
1.13246
-0.043419
0.0818982
0.470986
-0.277803
-0.93246
-0.207064
-1.8398
0.0523448
0.698106
0.307352
0.121613
-1.06144
-0.297076
-1.0843
1.1159
-2.22151
-0.776952
-0.485109
-0.118089
1.91641
0.0892545
-0.401668
0.504063
-1.48272
0.172579
-0.707297
-0.487692
0.242827
-1.58628
-0.337733
-0.979686
-0.790167
1.53188
0.482106
-0.0850119
-0.203746
-1.9853
-1.27099
0.551009
0.04976
0.466628
-0.132106
-0.00517419
-1.21232
0.44596
-2.84108
1.56896
0.971677
1.16885
1.04872
0.629171
-0.448181
-0.258504
0.618567
-0.244528
0.59224
0.75123
-1.64982
-0.649737
0.57573
1.61538
-1.55134
-2.8871
-1.90886
-0.734722
0.613848
0.158812
0.917915
-0.823068
0.385467
-0.665144
-0.672475
-0.737703
0.205169
0.240384
0.649965
1.97969
1.89569
0.259569
0.165511
0.508776
-1.61382
0.0765527
-0.574449
-0.000452376
0.798662
0.972481
-0.389328
0.946683
0.0142812
0.65221
0.520898
-0.0878455
0.746401
-0.609479
-0.464483
1.68634
0.518531
-0.854079
0.575355
0.936081
-0.893408
0.0820311
-0.175938
-0.413471
-0.244453
0.772596
0.288781
-0.883939
0.196766
0.82107
1.32116
0.589856
-0.382354
-0.014405
1.26655
-0.0724735
1.34625
0.103131
0.150998
-1.10791
-1.0091
-0.0996852
0.523915
-0.0588699
0.871938
0.242682
-0.205228
-0.823767
-0.62669
-0.53502
0.688449
0.119037
0.143462
-1.11027
0.23739
-0.150749
0.135973
-0.603743
-0.511433
0.458926
0.040527
-0.703631
1.03749
0.398285
-3.03547
0.42261
-0.680149
0.744748
-0.375307
-1.27384
0.536586
0.884936
-1.73069
0.32912
0.058197
1.38592
0.128596
-0.163177
-2.1444
-0.833828
-1.08352
0.693074
1.07418
-1.39145
0.855945
-1.1316
-1.49244
1.6416
0.240406
-1.08711
-0.00918594
1.97144
0.938339
-1.51213
0.185895
-1.61728
-0.815404
-1.46227
-0.0511735
0.0818572
-1.32243
-1.03471
0.578896
-0.911558
1.03284
-0.555329
-1.02641
1.11977
-1.2228
1.16492
-1.0035
0.238367
-0.499201
-0.532539
-0.305324
0.209151
0.244416
-0.786879
0.865275
-0.692386
0.152071
0.677017
1.96081
-0.0815928
0.555219
0.207649
-0.323219
-0.919857
0.00304954
0.753267
-0.0916077
-0.291384
1.09072
-0.0210271
-0.145901
-0.247942
-1.21824
-0.271246
1.06592
2.60401
0.472693
0.718577
1.12795
0.556015
2.77694
0.0144006
-0.513163
-0.728337
-0.297762
-0.551798
0.699752
0.477032
0.51723
-0.339191
0.486783
1.08914
-0.243862
0.883689
-1.54744
-0.731668
0.693278
-0.411943
0.647751
-0.422994
-0.196667
-0.604731
0.575915
-0.390836
0.252463
-0.297517
0.4396
-0.246852
-0.493423
0.532342
-0.166389
0.388568
1.29391
-1.41171
1.00217
0.259021
-0.727933
-0.569645
0.353758
0.00592332
-0.210574
-2.09182
0.709991
1.59658
-1.34343
-1.08542
-0.776705
0.032774
-0.913259
0.628474
-0.360081
-0.173089
0.381232
0.166453
-0.294917
-2.20173
-0.771817
0.620744
1.25225
0.517528
-1.07714
0.502103
-0.211544
0.379689
0.434583
0.246469
0.0531317
0.377869
-3.17637
-0.320027
-0.986721
-0.539016
0.206804
0.675265
1.18258
2.65818
-0.284227
-0.280513
0.553979
-0.397559
-0.57778
0.956727
0.0161192
0.865768
-0.447773
-1.53101
-0.275329
-0.817137
-0.856038
0.209808
0.455577
0.327109
1.32234
-0.570841
1.00561
0.457751
0.513609
0.47092
0.817063
1.59626
0.689156
1.17023
-1.48668
0.21236
-0.0730637
-1.101
-0.364232
-0.249243
-1.10305
-0.242298
0.216157
0.697584
-0.428148
-0.840178
-0.209132
0.597874
1.79938
-0.302866
-0.553091
0.700555
-1.80615
0.335468
-0.208537
-1.00661
-1.43955
1.11516
-0.596428
-0.722575
-0.114147
-2.36317
0.478385
-0.172388
-0.436421
-0.155596
-0.686888
1.03354
-0.504329
0.237444
0.902704
0.527447
0.0353804
-0.272514
-2.59956
0.262387
-0.660797
-0.341198
0.298658
0.26762
0.932005
-0.283883
0.0777065
1.95314
0.126888
0.224355
0.290483
-0.166427
-1.26078
-0.31729
-0.53914
1.07081
0.925375
-0.0439529
1.08027
1.78249
-1.28502
-0.422475
-0.106974
-0.163316
0.343587
0.629372
0.567299
0.275681
-1.77747
1.32133
0.650503
0.922052
-0.852128
0.276589
-4.19924
-0.501001
-0.537249
0.0154385
-0.296818
-0.387437
-0.0476938
0.615344
0.744123
0.217066
0.535354
1.04194
0.343104
0.613137
0.279935
1.12204
0.325735
0.353598
-2.10119
2.89469
-0.232701
0.468224
-1.74743
1.04857
0.70554
0.828236
-0.685319
0.622861
0.847721
1.35042
0.489712
0.45691
0.313046
-0.588499
1.28185
-1.43552
-0.310605
0.923673
0.0969724
0.529249
0.900553
-0.511349
0.159443
0.0559717
0.157216
-0.40369
0.134979
-0.893141
1.63653
-1.19856
-3.45442
-1.04656
0.725412
0.805396
0.481764
0.628306
0.441806
0.932904
-0.541501
0.524637
-1.17796
0.0184974
0.560948
-1.44909
-0.0577604
-0.175411
1.14756
1.04762
-0.617779
2.83751
-0.532457
-0.972519
0.457468
-0.497077
1.12296
0.0900432
-0.755482
-1.3868
-2.72439
-0.72813
-1.31516
0.200271
-0.724859
-0.108901
0.646606
1.44029
0.696993
1.05047
-0.809218
-0.536131
-0.123015
0.25927
-0.228681
-0.882403
-0.192226
-1.94413
-0.533094
-0.216134
-0.301915
0.238386
2.04221
0.769505
-0.742521
-1.27695
0.702367
0.703324
-0.681998
0.310968
-0.157636
-0.891089
-0.398936
0.167503
2.15275
-0.207798
-0.119876
-0.498062
0.922222
-0.147444
1.18333
0.435991
-0.0671292
-0.20275
1.89077
-1.07127
-1.06617
1.34193
0.685318
-0.564833
0.816672
-0.0627652
0.182802
-1.27094
-0.0464967
0.247855
-0.717913
-0.0632413
0.112058
0.646953
0.897371
-0.393369
-1.15448
-0.640728
0.175521
-0.238837
0.0766293
0.0157137
-0.464761
-0.395603
-0.148433
-1.51588
0.0450802
0.0975582
0.0430456
-1.10685
0.428794
-0.117503
1.32384
0.0738487
-0.159223
0.617945
-1.14393
-0.305978
-0.384976
-0.264181
-0.32299
0.686876
-1.23853
-0.402173
0.353087
-1.99709
0.400898
-0.457714
-0.856629
1.62003
-0.043779
-0.277881
-0.50978
-0.29609
-0.209248
0.268955
1.66854
0.783962
0.838596
2.2184
0.623223
0.0275668
-0.291787
-1.2731
-1.2435
-1.87857
-1.91987
-0.654722
-0.469866
-0.0832791
-2.50185
1.13355
-0.948336
1.97567
-0.716227
-0.794556
0.152091
0.986139
0.748875
-0.0333932
-1.54021
0.31619
-1.21941
1.62082
-0.858132
-0.181266
0.424077
1.55688
-0.0301419
-0.501613
-0.649375
0.794084
-0.0208382
-1.58615
0.453763
-1.03674
-1.08091
-1.45642
1.09956
-0.253019
-0.224344
-0.468274
0.534801
-0.502497
2.26943
-0.577159
-2.63723
-0.423327
0.45267
-1.0455
-0.135242
1.22967
-0.215438
0.950614
0.507059
0.252936
0.514596
1.10797
1.21243
0.633921
-1.64872
1.13662
0.337279
1.65749
2.42968
1.14321
1.28659
-0.293055
1.82468
-0.459717
-0.312438
-0.503855
1.11432
-0.16302
-0.481292
0.881786
0.831481
-0.529683
0.543471
0.209166
-0.024913
0.0762063
-0.305996
0.474403
1.50464
0.706562
0.480723
-0.275999
0.299664
-2.19735
-0.178239
-0.0626597
0.396756
0.848299
-0.355362
-0.110071
-0.906141
1.5948
-0.937775
-0.843894
1.15469
0.589843
0.818825
-0.519757
0.392275
0.932233
-1.93807
0.935012
-0.0881319
0.024268
-0.0718531
-0.979645
-0.234662
-0.673108
0.55506
0.411829
-0.959463
-0.0806434
0.620835
1.37889
-3.50435
-0.256768
0.243659
0.223894
0.706206
1.01521
1.27805
-0.0794626
0.0504817
0.258607
2.19719
0.246082
1.09485
-1.29546
-0.296166
0.73598
0.0648817
0.587955
1.11551
-1.23527
0.10908
0.465889
0.999434
0.567456
3.01383
1.56381
0.44072
-1.37616
2.12134
0.0136969
-1.55073
0.282221
0.727045
-1.03326
0.648121
-0.859003
-1.97604
-0.788553
0.263167
-0.258575
-0.840532
0.310771
-0.239086
0.683472
-1.5539
1.53635
0.161868
1.86912
-0.556147
-0.00510169
0.881152
-2.62684
0.244097
0.229282
-0.68733
-0.396828
0.646883
0.71214
0.774081
0.700362
0.307341
1.0228
0.56001
-1.33033
-0.171871
0.710151
0.168332
-0.0358708
1.21814
-0.246069
-1.99637
1.27267
-0.35907
2.87004
-0.179042
-3.21558
-1.23821
1.26881
1.21704
-0.00468159
-0.641497
-0.499988
-0.27897
0.0189277
0.0839868
0.90682
-0.945997
-0.740791
-0.00515353
-0.449029
-0.0113779
0.486723
-0.230452
-0.170237
0.97309
-0.0425705
-0.0510294
-1.3596
2.71934
-0.295533
1.49231
0.441583
-0.629146
1.08237
0.418005
1.48242
-0.430799
-2.20425
0.727932
1.07535
0.248751
-1.71393
-0.392595
-1.76412
0.294709
-1.09175
2.18747
1.13352
-0.837865
-0.0583612
0.0783274
1.24094
-1.20251
-1.0348
-0.659204
-1.1484
0.563641
-0.344075
0.329335
-0.44981
-0.560363
0.378097
-1.13405
-0.714332
0.893403
-0.470688
1.05594
0.42804
1.58568
-0.876262
-1.70836
0.587079
-1.2041
-0.0207655
0.589244
0.724994
2.13695
-1.13277
-2.1153
0.894943
0.210629
-0.533919
-0.661793
-0.152307
0.0619321
2.29691
-0.8037
1.12562
-0.959316
0.52737
0.52999
-0.182976
-0.628485
0.158193
-0.218392
-0.543047
-1.67457
1.46099
0.475522
-0.891099
0.728627
-0.8897
-0.990057
0.441818
-0.466634
1.26446
-0.929609
-1.63218
0.0180329
0.454634
-1.08704
-0.883869
0.0437866
0.183272
0.952088
-0.0763622
-1.01878
-0.70278
0.770823
0.0769446
0.162271
-1.09518
-0.49284
2.42396
1.62737
-1.23085
-1.65194
-1.45916
-0.61108
-0.782078
0.357371
0.564317
-0.0805306
0.441831
-0.243263
-0.56135
0.413743
-1.66644
-1.44699
-0.739981
-0.336117
-0.381335
0.939913
-0.715286
-1.7897
-0.0444431
0.803968
0.199046
-5.63081e-05
0.511683
-0.72401
0.617767
-0.659991
2.02298
0.210406
-1.81602
-0.127151
0.595952
-0.33182
-0.171752
0.345182
0.0100062
-0.440262
-0.396424
0.183185
-1.23574
-0.286659
-0.0978027
-0.902769
-0.210085
1.53261
0.718637
1.2465
0.0534548
-1.05896
0.0229474
-0.866911
-1.90647
-0.962327
-0.824699
0.219648
-2.75442
0.525775
-1.0324
-1.28975
0.545512
-0.199656
0.09537
-0.766767
1.49602
-0.604837
-0.966697
-0.108678
0.45989
-0.303376
0.498088
0.932107
0.399755
1.7695
-0.334722
-0.39816
-0.295073
-1.13366
0.170537
-2.10349
-0.0842737
-0.205489
1.6053
2.04249
-0.503452
0.047381
-1.11503
0.0923009
0.545765
-0.382734
0.373992
-0.149564
-0.479201
-0.898448
-1.78171
-0.491281
-1.063
0.409665
-0.0424478
0.13128
-0.214115
-0.603552
-0.508454
1.25918
0.551609
-0.05651
1.24229
-0.601563
0.712497
0.476348
0.543538
0.622154
-0.395595
0.337103
0.0297566
-0.863477
0.876941
-0.679197
-0.251272
-0.924201
2.07466
1.51207
1.10861
1.86123
0.309301
0.672737
0.7601
0.788026
1.02963
-0.501029
0.0903739
-0.0369035
-0.159694
-0.502597
-0.978163
1.6702
-1.38614
0.332165
-0.126145
-0.053405
0.667777
-0.0297471
1.38727
-0.372641
1.0648
1.12406
0.962755
-1.68137
-1.91308
0.407745
0.949317
-0.230808
-1.76378
-1.56985
-0.867499
1.96509
0.147031
0.201366
0.130138
0.678336
1.39632
-0.239015
0.056696
-2.37186
0.0652815
-0.964541
0.0329462
0.390133
-0.8241
-0.789716
1.5625
1.40365
-0.0584966
0.472831
-1.4709
1.67394
-0.0158174
-0.0538873
1.32175
0.0600128
-0.413451
0.413301
-1.07171
1.30483
0.388649
1.44252
-0.65879
0.189857
0.70957
0.20735
0.928062
0.847188
0.696215
0.129127
-0.305155
-0.614686
0.0235263
0.434501
0.807676
1.27559
1.02516
0.388379
0.41024
0.244722
0.0470958
0.987782
0.0699088
-0.196209
0.0111139
0.25334
-0.352715
0.832478
-2.15245
0.749663
-0.994265
-0.0576754
-1.34426
-1.60361
-1.21051
0.846373
-0.746685
0.65198
1.54669
-0.190415
-1.013
0.659457
-1.05
0.830049
-0.752985
1.07463
-0.191893
0.262125
0.0774952
0.239695
0.751335
-0.393565
-0.740506
-0.797044
0.042115
0.66227
0.68856
0.432191
-0.48745
0.192566
0.0683961
1.22869
-1.18295
-0.936554
1.68928
-1.5294
-2.3094
-0.305386
1.84454
1.84676
-0.401834
-0.967973
0.42431
1.63367
0.903738
0.156784
0.296615
-0.714751
1.40097
1.33945
0.195001
1.54569
-1.98036
0.970353
-0.199893
-1.07261
-1.19744
0.751157
1.2625
-0.319353
0.261712
0.180068
-1.15722
0.482571
0.630144
0.814969
0.121605
-1.18727
-0.347513
-0.618357
-0.408651
-0.341829
0.280003
-0.839603
1.03116
-1.10322
-0.618933
1.09399
-1.52283
0.386156
1.07421
-0.129953
0.541015
0.334447
0.822786
0.941639
-0.915927
-1.05448
-0.160683
0.105519
-0.776034
0.453426
1.0374
0.581814
1.20228
-0.812342
1.52029
-1.74373
0.480984
-1.10302
0.135083
0.323322
-0.217898
-0.889873
-0.0507872
0.765293
-1.44976
-0.189374
-0.192296
1.18787
1.23353
-0.912175
-0.195124
-0.789842
-0.376446
0.485717
-0.504341
0.47859
-1.674
-0.86939
0.164783
-1.02722
-1.69512
-0.136025
1.37803
1.04204
0.287338
-1.91457
-0.677884
1.04644
0.763772
-0.599496
0.236886
0.0502102
-0.0460736
0.711959
0.718994
-2.1956
-0.254297
-0.253745
-0.588968
-0.0475663
0.914837
0.74887
-0.437301
-1.32169
-0.785296
-0.313169
-0.178044
-0.762309
0.0688102
-0.486014
0.639473
0.359075
-2.43707
-1.7418
-0.040273
0.936417
-0.320971
0.377332
-0.482144
-0.740234
0.889691
0.0558679
-1.03273
0.28107
-0.0196606
0.275999
-1.04194
0.116294
0.382345
0.36784
0.618362
-1.61875
-0.256361
-1.63682
0.847634
-2.27351
-0.546657
-0.32951
-0.618487
0.526809
-0.452745
2.7354
0.140606
-0.389288
0.552788
-1.55632
0.676465
0.196256
-0.618739
-0.762534
-0.829256
-0.660436
-0.150734
-0.307129
1.2168
-0.213586
0.395592
-0.0279029
0.363167
-0.0106198
-0.77635
-1.44354
2.46835
-0.621144
0.451462
-0.420392
-0.00614304
-1.07328
-1.9874
1.73926
-0.945787
0.901738
-0.213323
-0.101828
-0.967319
1.06749
0.332442
0.291439
1.06164
-0.613427
0.179724
-2.08196
2.02068
0.257395
0.50141
0.726341
0.0667457
-1.24245
-1.87157
0.832908
0.472871
1.01992
0.382225
0.739465
-0.0465598
0.440241
-0.271714
1.59663
-0.659378
0.550697
0.618899
-0.554091
0.36342
-0.448912
0.394623
-0.111175
-0.9607
-0.0712508
0.114135
-3.04097
-0.244977
-1.21872
1.13983
-0.827566
-0.952207
-0.903554
-0.444653
0.255278
0.392549
0.294868
-0.606436
-0.352939
0.277479
0.338973
-0.414323
0.371253
-0.0883606
-0.121716
-1.98435
-1.35879
-1.93907
0.841715
-1.36768
0.318356
0.433236
-0.538265
-0.0417559
0.435911
0.735781
-1.40122
1.71543
-1.19812
-0.822152
0.502156
2.80073
-0.740203
1.00451
0.318312
0.184043
-0.741529
-0.648834
0.480845
0.958197
-0.257296
-0.90483
-0.414
-0.378895
-1.47496
-1.28369
0.206821
-1.09099
-0.87723
-0.723827
-0.430903
0.805401
-0.964775
0.994332
0.443019
0.554621
-1.72582
-2.43837
0.575281
1.43614
-0.479948
0.786595
0.91291
-0.112344
-0.615854
-2.48907
0.0697335
0.0663078
-1.16058
1.28119
0.515065
1.12495
0.10347
1.01852
-0.606663
0.177205
-0.0109717
-0.61304
-1.79262
-1.17931
-0.0569443
1.35422
0.097841
0.0537414
0.464365
0.158142
-0.450307
-0.147053
-2.06065
-0.558124
0.501824
0.635015
-0.190343
-0.525868
-0.178529
1.61807
-1.99559
-1.00832
0.219258
-0.722878
1.00868
0.808642
-0.330369
-0.578472
-0.994181
-1.49948
0.652149
0.498268
1.14643
-1.18624
-1.5758
-0.592584
0.718442
-0.463287
0.926343
0.334248
-2.10559
-0.336301
-1.5871
2.1077
-1.35895
-0.471501
-0.813168
0.354407
1.47276
-0.212821
0.0258495
0.325081
0.345899
0.585183
1.65779
-0.16785
-0.550049
1.24932
-0.0763487
-0.453228
1.0596
0.101803
0.58469
-0.864132
-0.192096
0.0976336
0.673842
-1.71634
0.726467
1.99195
1.01711
1.67592
0.321187
0.185145
1.79842
0.341632
-1.05758
2.03937
-0.825934
-0.0951314
2.10784
0.360806
0.336902
0.791392
-0.160275
-1.20512
0.555858
-1.59759
0.410457
0.211599
-1.07184
-0.401709
-0.520904
-0.319764
-0.377583
1.16111
-1.81386
-1.45168
1.37005
0.158151
1.01391
0.79817
-0.0279152
-0.968083
-2.5458
-0.214397
-0.0997074
0.601225
0.721821
1.24593
-0.260479
0.73904
-1.19854
0.0985404
-0.143219
-0.0967347
1.44406
-0.308351
-1.19657
-0.187897
0.225273
-0.0114087
-0.0971261
-0.337753
0.372155
-3.31717
0.889888
-0.884623
-0.0792129
-2.26839
0.316871
-0.0523254
-0.68706
1.06047
-0.0617767
-2.08161
0.037124
0.437447
0.0375287
-1.37457
0.679699
-0.718142
0.229165
0.0410923
-0.303557
-1.94058
1.02731
0.0414753
0.0215933
0.878845
-2.16348
-0.812333
-1.50339
-0.785768
-0.54145
0.963919
0.618572
0.958583
-0.583146
-0.74751
0.304412
-0.774121
-0.20428
1.02919
-0.63253
0.216412
1.04584
-0.333609
-0.873303
0.654484
-0.0981274
-0.821574
-0.598724
0.0639715
-0.916656
0.306812
0.692956
0.0859967
0.588959
-0.904269
0.180539
0.725286
-0.298488
0.313147
-0.00950667
3.69208
0.387755
-0.848478
-0.617647
-0.858126
0.887963
0.177602
0.959991
-1.11965
-1.63023
0.235445
-0.267156
-1.17482
0.0728402
1.02787
0.554042
1.71082
-1.04344
-0.447123
0.00024592
-2.28092
-0.360297
-0.0791699
-0.619105
-1.51282
0.875604
-0.359307
2.44977
-1.25773
-0.219889
-2.24166
0.317913
4.0321
-0.89361
-0.506851
-0.538124
0.529215
-1.75695
-0.805179
0.433924
0.0583143
-1.13169
-0.659082
0.217033
0.69353
-0.0653234
-0.248718
0.716658
-1.08392
-0.272157
-0.212049
0.715546
-1.65632
-0.233906
0.235744
-1.83552
-1.33222
0.283715
0.383962
-1.69027
-0.00900016
0.0580924
-0.0545287
-1.30971
-2.31529
-0.162809
0.976411
-0.32424
-0.849357
1.90338
-0.340397
-1.02353
-0.167288
0.816124
-1.52166
0.519483
-0.223348
1.85983
0.525735
0.309469
0.788785
0.175248
1.15701
0.214115
0.957536
-0.402019
0.97444
-0.00813887
-0.569213
-1.44013
-0.930273
1.03994
-1.98653
-0.342512
0.138974
-0.533059
1.68969
-0.613384
-0.015307
-0.825714
0.342993
0.740457
0.33276
-0.577022
-1.85677
0.88943
-0.00652858
-0.59523
0.375577
-0.683183
-0.150052
0.793625
0.186664
1.30723
0.539604
-0.677236
1.2527
-0.215427
-0.270921
-1.5167
-1.01209
-0.394696
0.422755
1.6682
0.512772
0.355678
-4.83779
0.03187
-1.4634
0.389439
-2.1106
-0.673157
0.463228
0.831478
-0.177735
1.21601
-0.638943
-0.82389
-0.024285
0.0313276
1.21995
0.36528
-0.146557
-0.610667
1.05983
-0.65306
0.789266
0.484023
-0.145201
-0.487788
0.876064
0.00252185
-0.851985
0.702534
-0.236139
-2.00877
-0.275519
-4.4373
0.0317099
1.48136
0.191482
0.00338281
0.0898128
-0.868321
-1.63629
1.31704
-4.66738
-0.969665
-0.0185528
-0.726031
-0.700998
-0.107859
-1.25989
0.0665263
-0.483714
-1.29085
0.0382093
0.0684418
-0.59199
0.361575
0.243405
0.261765
-0.0363387
1.4165
0.350226
0.859868
0.153048
2.9658
0.604141
-0.844942
-0.19873
-0.789001
-1.15564
0.322687
1.01793
0.319464
1.03707
0.908748
-0.167529
1.05555
-1.69181
-0.166884
-0.234837
0.0260386
-0.268549
-0.292561
-0.0354377
-0.451129
0.135083
0.739363
0.224468
1.55475
0.792599
-0.374241
0.829748
-0.750329
-0.344367
-0.864945
-0.178286
0.0129876
-0.0373297
0.23501
-0.449465
1.68708
0.976699
-0.792082
0.195409
1.11483
-0.4614
-0.789153
0.137186
1.21044
0.394694
0.402411
-0.100115
-0.930187
-0.00801645
0.0307202
3.09026
-0.768916
-0.109244
0.480559
-0.0211579
-0.186364
1.32366
-0.44287
2.58726
1.26393
0.144577
-1.24407
0.518531
-0.270713
-0.252471
2.03403
0.175773
0.00147029
-0.0180237
0.127594
0.684953
-0.191018
1.05411
2.03607
-0.116134
-0.767423
1.06989
-1.36729
2.89734
2.14749
0.697361
0.801888
0.0537694
1.04024
-1.33684
-0.810973
0.179411
-0.288774
0.446318
-2.71276
-2.51622
1.35274
-0.841072
-0.0890878
0.751036
0.11155
-2.84807
0.12708
0.376112
-0.414502
1.34026
-0.189294
0.88268
0.0891809
0.0378621
-2.63926
-0.180473
0.473398
0.216989
-0.329641
-0.289086
-0.0721897
1.25597
0.460191
-0.598153
-1.46306
-1.39285
1.4508
-1.54131
-0.167332
-0.0271977
-1.06279
-0.390367
-0.311459
0.00515097
-1.06444
0.966379
1.1629
-1.54917
0.0956641
0.682229
-0.0651927
0.0218054
1.19253
-0.451121
-0.880532
0.624726
1.08331
-0.18028
-0.082637
-0.0886852
-0.526276
0.274558
1.55255
1.18573
-0.555818
0.193573
1.47001
-1.85506
-0.600356
0.623058
-0.4114
0.957655
0.768465
-0.584233
0.722768
0.482247
2.07066
1.97844
0.282748
0.73916
-1.5003
0.675141
-0.866768
0.25106
-0.856548
-1.90447
0.100194
2.18425
-0.292546
0.657376
-0.0693356
-1.61061
-0.0827144
0.0811794
-0.66539
1.4502
-1.26413
-1.34399
-0.0423879
1.39486
1.27087
-0.756837
-0.891937
-1.03794
0.565771
0.72467
-0.178728
0.761253
-0.638273
-2.42119
0.143954
0.192208
0.394936
-0.171818
-1.06852
0.0263414
0.576449
-1.42376
-0.766528
-0.0156739
0.4521
-0.217633
-0.0464641
1.14148
0.208051
0.504587
-0.264185
-0.764819
-0.921314
0.118248
0.330274
0.256254
0.70129
-0.332117
0.0534384
0.508226
0.183175
-1.49866
-0.931778
0.291809
0.528977
-0.170103
-0.175878
-1.91038
0.140335
-1.82862
0.693028
-0.610824
-1.4709
0.232545
1.0327
-1.49068
0.69025
0.329996
-1.2812
0.73815
1.20665
0.22313
-0.420785
-0.194501
-0.505689
0.333498
-0.175205
-1.41583
-1.21878
-1.99559
0.58247
0.483374
2.36833
-0.600022
0.18153
0.550656
1.20271
0.882433
-0.384407
-0.323883
-1.18776
0.107999
-1.18046
0.832067
-0.426612
-0.0224122
2.60062
1.336
0.630392
-1.01077
-0.382549
-1.02005
-0.0716857
-0.635306
-0.128616
-1.63464
-0.362962
0.260953
-0.0682765
-0.0311397
1.54465
-2.79087
0.245664
1.27313
1.08637
0.470455
0.401521
-0.224555
0.413854
0.327665
-1.46348
-2.19594
-0.448144
0.489354
-0.802906
-0.882653
-0.712172
-0.253052
-0.108927
1.36191
0.433883
0.464724
0.143215
0.906322
-0.82091
-1.18828
-0.563828
1.00346
2.44698
0.682239
0.973824
-0.559896
0.826286
-0.639711
-2.84891
-0.2989
0.383583
1.13297
0.991415
-0.0144767
0.416593
-0.807579
0.0730719
-0.332855
0.11759
0.505242
-1.79385
1.95282
2.94181e-05
0.44366
-0.197001
-2.62067
0.517979
0.579203
0.0366819
-1.93456
0.229401
-0.604159
-1.75001
1.32684
0.603967
-0.783634
0.567739
0.844491
-4.70263
0.918909
0.0587523
-1.27088
0.128767
-1.5981
0.0121107
1.60054
-0.696693
0.553636
2.00861
1.6485
-1.04846
1.444
0.646458
-0.223491
1.21634
-0.268347
1.17576
-0.175337
0.510812
0.0128134
-1.45992
-0.593032
1.74557
-0.0401594
0.822444
0.983657
-0.310969
0.275118
-1.31863
-1.63414
1.31355
-0.403752
-0.674922
-1.96878
-0.555373
0.115047
2.10258
-0.232657
0.983191
-0.395086
-0.894359
-0.596876
0.0464005
-1.70919
1.88527
-1.98899
-0.285359
-0.656422
-0.729604
1.31774
0.645101
-0.296113
0.0753316
1.00188
0.603783
0.315896
-1.38638
0.0827124
-0.0802051
-0.278436
-1.27506
2.76928
0.440521
-0.123963
0.802044
0.326279
0.356957
0.201409
0.546075
0.969467
-0.675014
-0.318492
-0.212989
-0.155338
-1.01823
0.269237
-0.751297
-0.843726
-0.171595
0.0494003
0.25855
-0.37522
-0.479938
-1.18609
-0.177735
-0.892101
0.374844
-1.04533
-1.05967
-0.425022
1.86325
0.203933
1.91641
-1.26147
0.686993
0.104478
0.244843
1.29115
-0.642033
-1.69524
-1.28214
0.152292
0.40092
-0.714634
0.487508
3.22972
0.727349
-1.50432
-0.0341662
0.439922
-0.205791
-0.837837
-0.482889
-0.493546
0.115961
0.217353
-3.24848
1.48788
-0.39479
0.691369
-0.901425
0.612073
-0.61486
0.653569
0.591904
-0.341515
-1.38331
-2.34671
0.269384
-1.10211
0.750348
-0.138191
0.274694
1.48778
-0.395151
-0.000576681
-1.37533
0.443147
-0.892094
0.225177
-1.52273
-0.301187
0.446331
-0.291984
1.20918
-0.247221
0.178229
-0.586407
-0.29648
-0.341968
0.479824
-0.0595785
0.0806999
0.0314452
-0.600467
-0.60736
-1.16136
-0.654363
-0.188426
-0.630462
0.318279
0.683864
-0.218037
-0.944956
0.129618
-0.961419
-0.11205
1.28396
0.236235
0.878478
-0.056004
1.12289
0.490082
-0.257054
1.34046
-0.285823
0.390581
0.613962
-0.742961
-0.278071
0.28462
-0.29761
-0.665406
-0.00474325
0.210736
0.78531
-0.303629
-0.654802
-1.02604
-0.0188152
0.359626
-0.353029
-3.46609
-1.68779
0.137657
-0.593308
0.110182
-0.00323298
1.72841
-0.197362
-0.837516
-0.264197
0.224974
1.213
-0.0258504
0.82723
0.441753
-0.273566
0.997266
1.18614
0.231012
-0.0689311
-0.538447
-0.043268
-0.0202441
-2.79755
-0.185186
-0.835898
-0.34537
0.257254
0.671467
-0.0339193
0.319696
-0.520026
-0.0577424
0.932495
0.304819
-0.554413
0.832783
0.148833
1.33866
0.44229
-0.789654
-0.0988554
-0.611385
-0.201255
-0.487856
-0.546331
-2.03755
1.06725
-0.634118
0.597149
-1.45164
0.731775
0.563714
0.79093
0.771955
-0.0794618
-0.674679
-1.65829
0.0977111
2.63059
-0.455515
1.00083
0.0953407
-1.95346
-0.409374
-0.773526
-0.665313
1.24819
0.169683
-0.437807
-0.274452
-0.270314
-0.0387624
-2.09924
0.804901
0.153583
-0.78286
-1.3594
-2.06799
1.091
-0.553281
0.708087
1.93684
-0.79124
0.780513
0.799546
0.156431
2.05521
-0.319312
0.202479
-0.907052
-1.28961
-0.259577
-0.957349
-1.75196
0.263872
-1.32864
-0.0559518
-1.13053
-0.905302
0.0259586
-1.25252
1.71698
0.0967404
3.1139
0.0951017
-0.193184
-2.73193
-0.528563
-0.741726
2.24752
-0.473906
1.72063
0.242293
-0.0752197
0.157911
0.105797
-0.277315
1.4412
0.0542459
-1.47847
0.750536
0.272601
-0.546417
0.211297
-0.167621
-0.287306
0.853038
0.198869
-0.348779
-1.93736
1.94221
0.231671
0.22812
-0.245901
-0.318441
-0.558186
-0.658718
-0.148605
-0.539399
-0.76361
0.678901
-0.348016
0.947772
-0.21505
-2.00206
-1.02554
-1.518
-0.300182
-3.59011
2.36384
1.08321
-0.306705
0.709928
0.736282
1.17772
-0.501448
0.107867
-0.447454
0.28896
0.445555
-1.0601
0.925622
-0.176718
-0.890827
0.0730796
-1.24614
0.0779231
-0.420309
-0.510547
-0.0741984
0.347081
-0.355779
1.75964
-0.282147
-0.222394
1.21371
0.210169
0.827767
0.13784
1.66214
1.4025
0.0416573
-0.00285055
-0.796771
-0.202962
-0.158391
-0.6662
1.38241
-0.0630089
-0.795542
1.66619
2.55874
2.34582
-0.392184
-1.21254
0.174628
1.68219
2.30823
-0.0670555
-0.308969
0.29528
-0.0477859
-0.709231
-1.40989
0.875098
-0.0255552
-0.351347
0.584675
0.122617
-0.953934
-0.11894
-0.0231325
-0.454672
-0.555159
-0.417739
-0.144436
-0.629844
-0.28166
1.44326
1.34848
0.112336
0.269513
-1.30702
0.0266687
-0.558941
0.632358
0.157168
0.559078
0.141188
0.241468
0.335981
1.40761
0.36963
-0.574084
-1.20494
0.991745
-1.31723
-0.627696
0.788657
0.251427
-0.258615
-0.416818
-0.574783
0.36317
0.127787
1.39843
1.02066
-1.17614
0.331223
0.584997
1.24669
1.32232
1.14487
-0.650903
-0.851893
0.564839
-0.864591
-1.09885
-0.98186
-0.399432
-0.128794
-0.156768
-0.282526
-1.56261
0.13024
-0.638534
0.387186
-0.0467647
-0.290783
-0.0396524
0.173848
1.9722
-0.022359
-1.17077
0.569061
0.00703422
-0.486324
-0.284621
-0.755417
-0.346267
-0.584642
-0.210851
-0.274549
-1.29116
1.71517
-0.0943573
-0.445455
0.395631
-1.40851
0.897173
-0.149163
-0.442513
-0.280956
-0.23234
-1.13011
-0.325847
0.197719
0.346084
0.220749
0.606948
-0.895584
0.799794
-0.24865
-0.716609
-0.632155
-0.0882004
-0.212239
1.49103
0.051185
-0.145005
0.43809
0.59677
-0.572247
-0.353665
-2.36735
-0.602034
1.30492
0.065624
-1.73106
1.11673
-0.510633
0.09789
0.636444
0.273846
-0.477196
-1.73108
-1.2506
0.921595
-0.544688
0.27519
-0.0790166
0.689275
0.193601
0.0211129
0.800671
1.0394
1.11886
-2.36812
0.596248
-1.86955
-0.870421
-1.67617
-1.25556
0.460811
0.473582
1.13288
-0.0774837
0.3176
-0.241752
0.188535
-0.346373
0.487201
-0.106673
-1.08046
1.91438
-0.249021
0.165279
1.58775
-0.246851
0.519783
0.385308
1.22805
-0.401427
0.630195
0.940006
1.42288
1.38832
3.11091
-0.447721
1.46617
-0.580672
0.0875306
0.0892926
1.23388
0.132558
2.84723
0.129996
-0.723574
0.223737
0.341205
0.182977
0.266809
-1.87762
0.349634
0.137
1.03685
-0.810999
1.47633
-0.47738
-0.297384
0.326113
-2.27708
-1.38339
0.256045
0.596251
1.63291
0.0061326
-1.40588
0.0470407
-1.87125
1.38425
-0.465642
-0.477957
-3.08727
-0.263721
1.82547
1.56566
0.606763
0.968085
0.826672
1.1565
0.0722238
1.74507
0.236962
-0.143626
0.585608
1.38622
0.0409268
1.88884
0.437397
0.056897
0.831348
-2.02527
-0.199066
0.426533
0.528765
-1.55604
2.18409
0.0738672
0.357613
-0.652125
0.439932
0.937666
0.472341
-0.55194
0.786623
-1.23772
-0.490788
-0.0301979
-0.69072
-2.46335
1.74343
1.78909
-0.369685
0.367612
0.902502
0.53575
-0.12787
0.697191
-1.22434
-0.258757
0.370257
-1.03034
-1.71688
1.21815
0.841714
0.710281
1.00087
-1.01233
0.456763
0.313067
1.40086
-0.153663
-0.103239
-0.016843
0.662357
-0.0910355
1.79778
0.235201
0.617748
-1.25228
-1.38837
0.467862
-0.926596
0.188753
2.54412
-0.0838901
-1.48137
0.732653
0.834666
0.136352
-0.486437
0.483269
0.482193
-0.0174148
0.95201
0.682508
-0.792132
-0.241936
0.274323
0.301489
-1.09676
1.01296
0.227086
-0.0297969
0.523567
1.05037
0.259141
-0.785101
1.19537
-0.447522
-0.141589
-0.723451
-0.708199
-1.19386
-0.177151
0.294242
-0.129575
0.0969941
1.22908
-1.23861
-0.523209
0.477887
-0.590386
-0.143582
-1.17732
-0.247782
0.0363107
1.406
1.35743
0.000868312
-0.0577157
-0.0202089
-0.14536
-0.141643
-0.766427
1.08992
-0.560661
-0.379752
0.463511
-0.712488
0.998146
0.130362
2.2495
-0.0980881
0.20495
-0.519767
0.0900484
-0.945821
0.0408162
-0.962865
-2.20594
0.810796
0.794117
0.0273079
-0.546767
-2.34806
-0.314877
0.327814
-1.48315
0.249234
0.384937
-0.574427
-0.715294
-0.213453
-0.297374
0.028876
-0.546306
0.472418
-0.240792
2.23359
0.70932
-1.87721
-0.434924
-0.0164633
0.40576
0.101547
1.84904
-0.561264
-0.580606
-1.11747
0.423101
0.265004
0.0639926
-3.50762
0.315931
0.271321
0.651771
0.727259
1.15257
0.0688571
-0.0817812
1.05705
-0.359254
0.430414
-0.87864
0.46947
0.486279
1.66396
1.57307
-1.54412
-0.311199
-0.258501
-0.0990211
-0.595835
0.691881
2.18596
-2.48737
-1.13823
-0.446416
0.0379167
-0.293104
-0.737264
-0.863101
-0.469409
0.899082
-2.09354
-0.862953
-0.48672
0.416003
0.220436
1.50108
0.10435
0.464716
2.22922
-1.3353
2.32174
-0.900715
-1.74152
0.0987187
0.080383
0.236069
0.373536
-0.746791
0.671509
0.432284
-0.729335
0.553776
-0.638423
1.09306
-1.14781
-0.698687
-0.127395
0.288881
-0.527105
-0.124122
-0.0191259
0.471653
1.54109
0.122967
0.505353
0.620697
0.79742
0.222052
0.20319
0.260804
0.792038
0.438236
-0.58336
-0.300825
-0.56941
2.17507
-0.681834
1.79403
-1.02807
-1.2407
0.395006
0.101291
-1.8892
-0.474275
-1.70761
-0.131784
-0.436347
-0.952628
-0.98739
0.870296
-1.21553
0.478075
0.463317
-0.968806
2.19608
-0.601976
-1.30849
0.48066
0.833618
-0.73327
1.44799
-0.654879
-0.174087
-0.477157
0.349791
0.060545
-1.90907
0.737109
-0.0178317
0.574219
0.623113
0.712831
-1.10516
0.815216
-2.07834
-1.08604
-0.244764
0.575075
-1.4133
-2.25943
0.330121
0.0556002
-0.422347
0.354185
-0.548443
0.48908
0.950984
-0.334888
0.307327
-1.40607
0.195826
-0.562654
0.0843928
-1.27326
-0.37939
-1.12479
0.086101
-0.89662
-0.168577
-0.644599
2.42356
0.547937
-0.340526
-1.53071
1.3422
-0.202089
-0.470269
0.219894
-2.23517
-0.0739575
1.69827
0.314074
0.255728
1.0162
-0.102522
-0.465233
0.0682326
-0.245714
0.626077
0.919874
-1.54265
0.028188
1.922
-0.492748
1.5245
0.0278903
0.14987
0.928375
0.25742
-0.286639
-0.867172
-1.26853
-0.70924
0.920312
0.374122
0.866542
-0.0345951
-0.566707
-0.466077
-0.0830447
-0.911631
0.763983
0.71855
0.647354
1.30606
-1.47415
-0.229388
1.76825
-0.690182
2.77119
-0.712326
0.131013
-0.360645
1.41309
-1.59736
0.291053
-3.69029
-0.191555
1.38895
-0.597089
-1.5472
-2.1265
2.08927
0.622298
-0.0578735
0.0470515
0.0803608
-0.548305
0.428007
-0.313772
1.05687
0.381528
0.681048
0.703917
1.21807
0.923878
-1.11569
-2.13595
0.274755
-2.08714
-0.0124562
-0.535226
1.33234
-0.530689
0.832346
0.164221
-0.128377
-0.973089
-1.20054
-0.530708
1.75348
0.111619
-0.488734
1.02806
-0.950117
-0.58712
0.179822
-0.13488
-0.164508
0.234027
0.628157
0.913492
0.911965
0.423514
0.815041
0.0168829
-0.165258
1.31716
-0.418292
0.0193545
-0.218882
2.07814
-0.0976026
-0.421922
-0.0482536
-0.672477
0.347038
0.289101
-0.306472
-1.28107
0.242134
0.221617
-0.0247857
1.1497
1.95462
0.320295
-0.806677
0.993044
-0.268378
-0.438796
-0.671426
0.142789
0.689821
-0.769906
-0.655103
-0.088195
0.724973
-0.39272
0.762499
-0.143578
0.183545
-0.0411272
0.421247
0.124113
0.353081
2.57799
-1.11918
0.316708
0.638897
0.502248
-0.88659
-0.823047
0.122115
-0.949556
0.0161342
-0.465673
-1.61125
0.180538
0.606519
-0.0156427
1.36989
1.29647
0.0717956
-0.797394
-0.540074
-0.290508
-1.28151
0.233586
0.786586
0.501821
-0.0882663
0.147522
-0.544022
3.79048
-0.551231
0.00897999
-0.111899
0.25071
-1.18979
-3.1309
0.0378847
0.998131
0.375273
-1.6391
-0.115809
-0.756489
0.250906
0.433099
0.313233
0.263545
-0.814317
1.08923
0.744846
0.493868
1.16685
1.577
-0.0642612
1.1223
-0.937326
0.695567
-0.592944
0.693335
0.145141
-0.231101
0.760752
0.428256
-2.29156
-0.257103
0.166234
-0.660074
-0.674349
0.449825
0.201483
0.184863
-0.114773
-0.515742
0.98688
-0.0424494
-0.724994
-0.940512
0.732613
0.0412306
-0.668108
-1.38021
-0.119801
-0.308235
0.934886
-1.87713
0.0286516
-0.610383
-0.434986
-0.00228412
0.47415
-0.00959366
-0.933995
0.710107
0.628028
-1.85056
-0.542468
-0.488638
0.0872886
-0.586583
-0.459674
0.421123
0.109018
0.671115
0.00709684
0.166861
2.20401
-2.76395
0.805035
0.00884094
-0.386872
0.195196
-0.106913
-1.69746
0.699584
0.426021
0.150153
0.0598518
0.418458
-0.168688
0.305575
1.2705
3.27277
-2.63187
-0.395526
-0.267874
-0.21319
0.682236
-1.94272
-0.760292
0.379338
-1.83485
1.43127
0.155235
1.28353
-0.615012
-0.338965
1.29822
-0.351851
0.225978
-0.0169243
0.27732
0.0854891
0.201448
0.662603
-0.400184
-1.16952
-0.238366
-0.649911
-0.601126
1.0669
0.303825
1.91346
-1.80193
-0.321544
-1.89786
-2.54003
0.618389
-0.939183
-0.410666
1.80543
-0.777441
-0.0532601
0.0576052
1.63249
0.896098
-0.554482
0.114348
-0.568079
0.0873797
-0.182331
-0.428936
2.49833
-0.53932
1.59781
-0.400531
0.250841
0.469437
0.320535
-2.04738
0.559569
0.373552
0.303762
-0.766641
-0.53281
0.52777
-1.22099
-0.351812
0.983054
0.456201
-0.218462
0.185719
-1.3802
-0.197725
1.38847
2.85758
1.99498
0.86464
0.78178
0.120646
1.02844
0.305261
1.28718
0.0337867
-0.925114
1.28742
0.507072
-0.921552
0.984328
1.77152
0.427704
0.609358
1.30425
0.680014
0.718765
0.118462
-1.04609
0.215791
3.20705
0.675756
0.986528
0.506164
0.866872
-0.238401
0.145412
-0.536321
0.66483
1.67455
-1.98116
-0.183989
-1.13219
-0.963907
-0.40464
-0.54153
-0.300753
-0.544647
-0.860011
0.0483927
-0.822515
-0.631808
1.26308
0.944215
-0.0451565
1.75832
-0.654336
-0.12844
-0.341043
-1.67872
0.0532846
0.610726
0.196295
0.24438
-0.618598
-0.321928
-0.0375405
-0.206425
-2.73875
-1.85658
0.180445
0.365357
-0.295481
0.0158478
0.102109
0.314911
-0.69472
-0.249943
-0.247518
1.87359
-0.175377
0.732198
-0.0685182
-0.387316
0.158938
-0.499696
-1.48504
-0.99747
0.0312832
2.24802
0.0453137
-0.311623
-0.895143
0.952811
-0.675662
-0.490398
-0.377193
0.382274
0.100626
0.240455
1.19621
-1.03966
-0.133952
-0.761854
-1.67001
0.954121
-0.594234
0.0878488
0.946018
0.0861297
0.152903
0.175661
-0.409245
-0.14198
0.00298822
0.106731
-0.962273
2.92864
0.0869905
0.571254
-0.643754
0.307542
0.35756
0.666286
-0.687532
0.961245
-0.985335
-0.745672
-1.94416
2.07904
-0.628185
-0.400363
-0.736098
-0.159669
2.09376
1.1835
1.13514
-0.145045
-0.655925
-1.36926
-0.304049
1.33064
-0.332603
0.304438
-0.0284116
0.869862
-1.06921
0.40614
-0.652674
0.109634
1.45731
-0.376709
0.203402
-0.383563
-1.53525
-0.303779
0.0443371
-0.513943
0.70656
0.215605
0.901429
1.95316
-0.761977
1.30804
-0.0836319
-2.08101
-0.469678
1.01165
0.584832
0.478746
-0.0416737
-1.38875
-0.514969
0.327344
-0.392297
1.48437
0.970977
-0.439894
0.24558
0.074519
-0.118928
0.372831
0.315323
-1.55949
0.179335
-0.308971
-0.0470844
-1.12299
0.226622
0.130869
0.433357
0.0202977
1.07611
0.672745
2.40298
-0.461172
-0.270168
-0.148871
0.557804
0.491192
-0.379352
-0.228532
0.287021
-1.38165
0.902495
0.365391
0.381646
-0.376869
1.18799
-1.07497
0.262838
0.533092
-0.987205
1.27695
-1.31133
-1.23505
-0.465255
0.203602
-0.540182
-0.477109
-0.656
-0.246353
0.0291502
0.709693
1.21578
-1.73779
0.658942
1.07787
-0.531174
-0.767155
0.643254
-1.55031
-0.0324946
-0.604638
-0.407153
-0.664584
1.00421
-0.23126
-2.36677
-0.0645415
-0.4394
1.35655
-0.226596
0.326578
-0.372603
-0.28671
-1.24371
0.556823
-0.507981
-0.325729
-0.325291
-0.118282
0.0926338
-0.677175
-1.86771
0.105859
0.458148
0.502384
-0.28267
-0.082788
1.54337
0.330608
-0.0158225
1.17257
0.776457
-0.861902
-0.00847588
-0.151013
-1.956
1.5235
-0.628856
1.6136
-0.339481
0.308908
1.83329
-0.923619
0.972215
1.25663
0.386084
0.611163
-1.58896
1.3891
0.346324
-0.77959
-0.102512
0.892116
0.984956
0.209639
0.0502769
0.962561
-0.338332
2.28837
0.321974
-0.167424
-1.89279
-0.479542
1.44827
0.993826
0.406325
-2.47275
-0.128924
1.36479
2.36434
-2.52876
1.27732
0.41655
0.635369
-0.458349
0.221857
-2.58489
1.22145
-1.7694
0.180692
2.1312
-1.17657
-0.90061
-2.31564
0.725457
-1.52324
1.36681
1.62021
-0.172748
-0.789485
-0.300431
0.319275
-1.10444
-0.117893
0.672364
0.260833
-0.985084
-0.258332
-2.29841
-1.66733
-0.70654
1.43353
-0.517498
0.0730629
0.212933
0.199154
0.408101
-0.654232
0.499141
1.93946
0.539232
0.0430436
0.982878
-0.252147
1.37966
-1.55046
-1.18427
-1.09433
0.881498
-0.335788
2.38673
0.185137
1.07268
-0.877074
0.56711
-1.18995
-0.0648268
0.0859194
-0.00152143
-0.309109
-0.21963
-1.29765
-0.555466
-0.80774
0.275086
-2.24708
-0.515237
0.141315
-0.00193351
0.379201
-0.188344
-0.0673974
-0.400405
-0.523849
0.0353708
-0.596247
-1.39913
-0.759002
0.362331
-0.210141
-2.0836
-0.0413654
3.47149
-0.641776
0.388848
0.0258518
-0.0597235
-0.0484274
-0.371013
1.22258
-0.610499
-1.62059
-0.528807
0.523965
-0.201539
1.23881
-0.0878351
-1.15708
0.495126
0.155812
-1.13593
0.172824
1.88839
-1.18195
-0.448623
-0.163227
-0.259028
1.08734
-0.365741
-0.791732
0.64659
-0.0945921
0.347811
0.707088
-0.0703507
-0.0571817
-0.496336
-1.4489
-0.0961784
-1.08693
0.632636
1.82034
0.689845
0.661848
0.267566
-1.07968
0.109157
0.66812
3.33217
-0.122898
-0.103046
-1.14625
-0.690676
-0.195962
0.487405
0.781044
0.450699
-0.704713
0.293953
0.396584
-0.054925
-0.264234
0.241996
0.72734
0.228927
0.0557012
0.728827
0.861903
-0.823776
-0.00784099
1.22712
-0.664981
0.591652
-1.73071
1.20523
0.510469
-0.160359
-0.661767
1.66364
-0.305493
0.396187
0.294448
-0.110513
-0.986189
-0.152559
-0.371227
-0.460582
-1.64035
-0.745772
-0.0159809
-0.708379
0.273282
-0.260324
0.743563
-0.66651
-0.538584
0.441743
0.663518
0.305739
0.39909
1.13156
-0.148538
0.171467
0.403503
-0.507998
-0.155593
-1.05642
-0.635882
-0.481086
-0.891906
0.173949
-1.08685
-0.246671
1.6339
0.803607
-0.0615449
-0.447867
0.0489633
0.771527
-1.358
-0.810779
0.763154
0.891115
1.73342
0.14757
-0.250433
2.22705
0.0408973
0.167939
1.8003
-0.717029
0.176324
-0.365509
0.378993
-0.183925
-0.682331
-1.3199
2.12021
-0.739786
-0.153998
1.16467
0.474259
0.0496512
0.0286801
-0.0492795
-0.290389
0.00518093
0.198963
0.456686
0.836435
0.852601
-0.572595
-0.046287
0.832115
-0.453342
-1.32285
0.712041
-1.43716
-1.47204
0.0274449
-0.945645
-1.20626
0.464948
0.692574
-0.794244
-0.371819
-0.166307
0.293473
0.393554
-2.11633
1.44171
-0.632109
-0.675757
3.0999
2.49993
-1.03275
0.334193
-0.803789
0.346716
-0.413684
-0.619228
-1.04207
-1.8712
2.16847
-1.74099
-0.571826
-0.962301
-0.281965
0.065996
-0.283783
0.900964
-1.96093
1.49164
-0.173288
-1.72951
-1.7869
-0.0871196
-0.876033
0.0554569
-0.12972
-0.375812
0.360481
-1.28471
-0.270459
1.5154
-0.583768
1.40829
-1.45575
1.3605
-1.37576
-1.31414
0.298726
-0.70192
-0.448069
1.86644
-0.466238
-0.143648
0.187641
0.283004
1.64341
0.567543
-0.201586
-2.49162
-0.681028
0.741227
-0.290578
-0.468112
1.46591
-0.727664
-0.911476
-0.482885
1.10184
1.05741
-1.63085
0.816925
0.33481
-0.388714
0.163609
-1.22393
0.157992
-3.07641
-0.335529
0.0862296
-0.934619
-1.03103
0.420379
1.17183
-0.947389
-0.896336
0.111101
-1.16205
0.829624
-0.890118
-0.117702
2.27041
-0.274776
0.85659
0.772865
-1.53318
-0.318138
-0.0757412
0.355285
-1.13673
0.603983
-0.849109
-0.232028
0.335714
0.0374837
0.310754
0.165055
1.38259
-1.38132
-0.0377276
0.164251
-1.01199
0.600859
-0.205025
1.07216
-2.15026
-1.34828
0.390278
0.211701
0.504605
1.07704
-0.311296
0.678693
-1.05564
-0.414913
-1.12148
-1.37631
0.687209
1.14564
-1.54514
-0.332204
-0.0820187
-0.561365
0.0327554
-0.240888
0.421557
0.838383
0.340792
-0.109134
0.626718
1.42967
0.25652
-0.519253
1.07874
-0.984506
1.3248
0.539531
-0.783443
0.160396
0.251833
0.43805
0.136091
0.51001
0.6998
1.15344
0.481645
0.174871
-0.378456
-0.327594
0.302703
3.08686
-0.274025
-0.0235775
-0.755539
-0.31054
1.49247
0.0729596
-2.59998
0.295863
-0.279277
-3.00464
0.978798
0.169581
0.102574
0.105019
-1.31925
-1.587
0.640861
0.28027
-1.01986
0.085252
1.13199
0.126204
0.0893023
0.541043
-2.0158
-0.286167
-0.348993
-0.0614068
-0.383062
-0.0431589
0.304726
1.52627
-0.23625
0.530631
-1.30748
0.315351
-0.180055
-0.842231
0.807239
-2.31308
0.417491
-0.158023
0.541228
-0.334746
-0.393034
-1.42667
-0.0047194
1.64181
0.637513
0.699078
-0.2398
2.63447
-0.500992
-1.26368
1.66341
0.92693
-0.156322
-1.16571
0.616216
1.27403
0.815429
-1.28063
-0.376641
1.32864
-0.850225
0.519004
-0.463127
1.10168
-0.176538
-0.920395
-1.65976
-1.29229
3.26719
1.43784
-0.318753
-1.51963
-0.473161
1.16267
0.260891
1.65999
-0.861807
0.244414
-1.29791
-1.27401
-0.0204958
-0.311715
-1.14139
-0.0741487
-2.0047
-0.47827
1.12266
0.0290049
0.600327
1.54113
0.801215
0.76057
-1.558
1.52895
0.261926
1.75597
-0.999422
-1.01394
0.59387
1.08632
0.750632
-1.91917
-0.0459165
0.42788
0.889654
-0.178386
-0.785419
-1.5028
0.206709
-0.0474509
0.138948
0.0253474
-0.251852
0.878284
-0.713682
2.29949
1.26835
0.263939
-0.181748
0.789657
0.982222
0.173653
0.101633
0.929347
-3.49285
0.482999
0.551863
-0.217202
-0.700657
1.13919
-0.397515
-0.438668
2.40681
0.286057
0.780358
0.12851
-1.05635
-0.705487
1.23246
-1.31379
-0.350856
0.00713323
-0.217848
-0.141894
0.47612
0.723547
3.03323
0.635399
0.375325
-0.506271
0.38794
-0.0337915
-1.13696
-0.905232
0.602263
-0.789411
-0.174892
-1.13587
1.08659
1.56738
1.68867
-1.03004
0.612901
-2.72913
0.622531
1.40188
0.286361
1.14807
-1.2338
2.50124
-0.40202
-0.0163666
-0.452054
0.214451
-0.71074
0.502863
-0.0920579
0.815593
-0.124092
0.121817
-1.92984
-0.174845
0.0227708
0.712944
-0.065585
-0.0393035
0.245641
0.402598
0.817279
-0.798778
0.684512
-0.749055
-1.14219
-1.06229
-1.08041
0.34734
0.0713436
0.604735
-0.724781
0.585073
0.261189
0.595589
0.124126
2.80194
0.668561
0.363784
0.6466
-0.510162
-1.26693
0.211062
1.66934
-0.286735
0.0524238
0.587947
-1.31565
0.915268
-1.67496
0.0372649
-0.234391
-1.08197
-0.338431
0.233209
-0.893939
-0.156792
0.54278
-1.76202
0.162274
-1.52657
1.65409
-0.194171
0.191844
1.00932
0.848844
-0.270658
-0.224031
0.573166
0.363425
0.0860729
-1.85977
-0.00777574
-0.0864064
2.04166
-0.366698
0.234685
-0.826562
-2.63576
-0.0532628
-0.24508
0.48298
0.102916
-0.860549
0.0323626
0.675878
-0.0343687
-0.246306
0.517677
-1.36707
-0.713071
0.11007
1.56408
-0.514322
-0.4313
-0.0290286
-1.63293
0.776441
-0.865366
-0.22345
2.12572
-0.362025
1.0371
0.58215
-0.161919
1.28422
-0.140597
1.14217
0.882592
0.0883003
0.810031
-2.53311
-0.498418
0.147684
-0.21666
0.258784
-0.014064
-0.723363
2.53873
0.304938
-0.870493
-0.0733914
0.33652
0.549342
0.50585
0.593145
-1.15374
-0.785177
0.817673
-0.0518093
1.67118
0.687916
-0.0580968
0.210108
0.263324
-0.212253
0.900182
0.0501561
0.471658
-0.618672
-2.16626
-1.43631
0.245636
0.612303
-0.488237
-0.175913
0.440412
0.789677
-0.429803
-1.05318
-0.791899
-0.127138
1.34618
0.368599
-0.239468
1.32483
-0.523632
0.699694
0.975078
-0.265489
0.442531
-0.47063
-0.0522462
-0.749503
0.490178
-1.53169
-0.995444
-1.64363
1.25301
-0.351275
-1.74169
0.109626
-0.788908
0.489788
0.853559
-0.297625
-0.410401
-0.260891
-1.73764
0.00758289
0.001477
-1.20776
-1.34954
-0.638236
1.16989
-0.0685647
0.23218
-0.361272
-0.920082
-0.0368081
-1.4179
0.768071
-1.62297
0.71581
-0.874348
-0.502804
-0.40072
-1.00309
1.24357
0.503049
-1.49729
-0.559441
-0.348989
-0.38744
0.583444
-0.181837
-0.243779
-3.30166
0.752665
2.9873
-0.558932
-0.560159
0.0102819
-0.579795
-0.412578
1.60133
-1.31602
0.467545
-0.229573
0.305098
-1.4146
-1.49121
-0.0693626
1.18393
-1.26827
0.785236
-0.301067
-0.939249
0.38921
-0.279528
-0.241868
-0.183037
0.276022
-0.653318
-2.03006
0.131466
1.02717
0.0596026
-0.746012
-0.615673
-1.14483
-0.972337
0.186015
-0.951628
0.00928009
-0.693399
0.202617
-0.0240293
0.801972
1.63324
-0.395512
1.82905
0.983133
-1.61872
-0.763549
0.0947903
-0.786146
0.3288
0.684298
-0.86328
1.12588
0.16552
-0.213859
0.276485
-0.229503
0.325792
0.846499
-0.116391
0.750153
-0.180582
-0.99977
-1.83481
0.151616
-0.108448
0.347167
0.423215
-0.228462
-0.871045
0.843812
1.74758
-1.12148
0.373657
-0.261886
0.379131
0.195548
-0.0679184
0.134951
0.515299
-0.0831308
-0.353419
0.0931294
0.0989671
-0.475484
0.281064
-0.0300739
0.6808
0.264624
-0.637845
0.534605
-1.59849
-0.544868
-0.197339
0.0714606
-0.289496
-0.0700628
-1.81747
-0.113199
0.189873
0.153339
0.321908
2.0317
0.665283
0.54088
-0.265938
-0.263125
-0.125379
1.02294
-1.24977
-0.139196
-0.805349
-0.489975
-0.522162
2.01673
-0.357855
-1.73563
-0.334245
-1.28296
-1.19973
0.282336
-1.33918
-0.0615149
0.682532
0.680771
0.572555
-0.474972
0.28484
0.0733285
0.837621
0.0513314
2.44331
0.0688749
-0.143737
-0.17755
-0.256693
0.287117
-0.0515001
-0.14894
0.140725
-0.347594
-0.69928
-1.09913
-0.238774
-0.861815
-0.941528
-0.180022
-0.386839
-1.79749
-0.360184
0.657774
-0.251979
-0.301706
-0.342274
-0.322226
-0.0304585
0.119551
0.214062
-0.263247
-0.0221809
0.800278
0.0279843
0.850563
0.894277
-0.339229
-2.65648
1.42424
0.808556
-0.197632
0.637466
-0.228753
-0.98477
-0.836526
2.03706
0.808939
-1.14872
-0.365975
0.877038
0.255748
-2.49148
0.338254
0.343315
0.263355
1.95685
1.35733
-0.629549
-0.377261
0.0189381
0.989302
-0.620697
-0.888546
0.0290469
0.373686
0.584518
-0.349166
1.19798
-0.748053
1.17229
-3.39862
-0.0585893
0.366034
-0.983552
0.518682
0.678537
-0.244052
1.67689
-2.82144
-0.337395
0.219286
-0.253309
0.3095
2.23784
-0.919121
0.490478
2.03047
0.332059
0.408233
-0.718682
0.712146
-1.21881
0.117843
-1.76683
-1.145
-0.324297
0.351005
-0.578439
-0.208864
-0.043342
-0.77622
0.234543
0.675242
-0.455627
-1.21276
-0.0497223
0.358228
0.819631
0.530007
-1.05555
0.31354
1.4593
-0.328848
-0.0866327
-0.350453
0.233705
0.136854
-1.02105
0.97296
0.346501
1.52955
1.02017
1.50182
0.523054
-1.14047
-0.64723
-1.36893
-0.0639134
0.423458
0.137269
-1.15801
-0.0683119
1.2904
0.19464
0.873757
-1.09144
-2.42238
-1.47102
0.448369
1.14397
-0.134331
-1.44857
-0.0935147
0.0512628
-0.862305
0.660853
0.45198
-0.692832
0.327641
0.12777
-0.512623
-0.636086
-0.736596
2.15735
0.0926602
0.0327177
0.268022
-0.952847
-0.879035
-0.424684
0.135909
-0.829736
1.09578
-0.334837
0.0278376
3.25066
-0.454451
-1.83143
1.62022
0.146497
-0.291899
0.714579
0.44357
1.11835
-0.0970601
0.383187
1.51883
-0.0264211
0.0372535
2.25851
-0.852692
-2.27341
2.8554
-0.947915
0.611948
-0.0346834
-0.0392276
-0.561888
-0.0451975
-0.416698
-0.361794
0.761094
0.270587
-0.962528
-0.925176
0.368896
-0.167376
-0.0316157
-0.225791
-0.0359279
0.372451
0.424291
1.13306
-0.46272
-0.520057
0.841512
-1.04376
-0.630367
0.158033
-0.700222
-0.340688
0.527493
-1.90272
-0.742325
-1.31428
0.466892
0.825549
-1.37772
1.24753
0.655664
-0.915417
-1.01294
-0.159034
0.571217
-3.0017
0.514998
-0.825668
1.14517
1.35781
1.54049
0.972906
0.212614
-0.0869598
-0.741788
-1.18134
-0.527569
-0.568626
0.918655
-0.941131
0.901014
-3.06988
2.65094
0.0825386
1.36997
-1.52121
-0.212339
0.499174
0.862613
0.183355
-0.767296
0.51433
1.23945
0.268257
-0.676606
-0.567086
0.487562
-0.235881
-0.238096
0.882819
-0.462904
-0.751826
-0.46581
-0.669153
-1.48944
-0.220377
-1.39863
-0.156263
0.0631284
0.499033
-0.041129
0.11128
0.709786
-1.17552
0.766056
-0.41388
0.00190583
0.145729
-0.333049
0.162379
0.437063
-0.37539
0.236528
0.333414
1.4244
-0.0916608
-0.242596
-0.814356
-1.23067
0.59253
-0.0218648
0.729507
-0.0161497
-1.57366
0.98859
0.623713
0.364185
1.09805
-1.16702
-0.365277
0.0514798
-0.132959
0.320582
-0.817832
0.116626
0.394667
-0.228442
-0.122052
0.226811
-0.0511808
-1.24181
-0.0703456
1.58853
-0.0357288
0.770044
0.125206
-0.330968
-0.613218
-1.07242
-0.0670496
0.0881213
1.41349
-0.768883
1.06739
1.67191
1.43347
0.244933
-0.581323
-0.126203
1.24063
0.0816924
2.08616
-0.193006
-0.836773
-1.65614
-1.11444
-0.292857
1.01487
-0.802361
0.514351
-1.63954
0.919267
-0.516531
-0.468005
3.76894
0.0821097
-0.094256
-0.0730581
0.710219
0.275503
-0.544289
-0.963174
0.184177
0.525152
0.406137
0.419174
0.273533
1.0309
0.598416
0.583174
0.565511
0.738248
-1.03535
1.7196
0.47138
-0.0462841
0.330913
-0.389956
0.294888
-0.222454
-0.420154
1.34958
-0.605494
0.594844
0.619869
-0.703796
-0.432243
0.319902
0.151495
0.536687
-0.81196
0.269256
-0.045391
-0.897827
0.359931
-0.0533932
-0.0544093
-0.179868
-0.259684
-1.42341
-0.422821
-0.0646539
-1.35867
0.239424
-1.46212
0.266056
-0.928196
-0.544987
0.539534
0.028322
0.287321
0.292319
0.270397
-0.300968
-0.252644
2.41477
-0.152145
1.98264
-0.829144
-0.650904
0.761919
0.992339
-0.828467
-0.00576102
1.00427
-1.12376
-1.35566
0.266995
-0.699778
-0.277168
2.48168
1.09471
-0.227472
0.00157256
0.12322
-0.198757
2.3661
-0.271386
0.59051
-0.849596
-0.0795996
-0.92192
-0.342305
0.348113
-0.182191
2.20182
-0.346483
1.50434
1.71046
-1.81378
0.027814
-0.781689
-2.03045
-2.15463
0.565685
0.46093
2.31778
0.317207
-0.260726
0.806343
1.87372
-0.289198
-0.0650502
-3.33206
1.00133
0.140177
0.699667
0.294117
-0.201692
0.0538383
0.830619
-0.352211
-0.0784573
0.661358
2.28599
0.241422
-1.12019
0.556867
-2.24603
-1.56343
0.213141
-0.693213
-0.988859
-1.45502
-0.898618
-2.07668
-0.813843
0.626727
0.250251
0.405663
0.0938858
0.0827495
0.830444
-0.0742282
-1.76755
1.13637
-1.00403
-2.13463
-0.722599
0.797703
-0.099683
1.02655
-1.02772
0.614398
1.02557
1.13218
0.482649
-0.193604
0.348252
1.67683
-1.4937
-0.291871
0.703827
0.695909
0.0842298
-0.652052
-0.822853
-0.230385
0.546711
0.295382
0.802225
-0.198137
-0.635186
-0.449804
-2.01549
-0.00829416
-1.20762
-0.0566849
-0.392524
0.277804
0.319467
-0.69823
0.58379
-0.631683
0.682345
0.189285
-0.482582
0.208271
0.776322
-2.81726
0.837117
1.48761
-0.629979
-0.0316444
-0.879772
0.571066
-0.324961
0.96422
-1.12381
-0.253742
-0.983751
1.24641
-0.489606
1.21369
0.288152
-0.0467852
0.490093
0.449465
0.240863
0.409946
-1.4574
0.627567
-1.17223
-0.493419
-0.965453
-3.57269
-0.567907
1.09071
-0.37148
-0.16744
0.116436
-0.0767643
1.50712
0.559689
0.0223196
0.76
0.0771891
1.89277
-1.69651
-0.468904
1.45795
-0.381969
0.182468
0.518164
-1.22249
-0.666422
-0.231999
1.31867
0.269595
1.55892
0.189615
0.167809
0.114916
-1.00687
-0.30295
-0.115005
-2.07006
0.17921
0.128365
3.7876
0.540143
-1.23074
0.580091
-0.19627
0.738252
-1.14484
0.0568333
1.48861
-0.623126
-0.111362
-3.41173
-0.328744
-0.0958492
-0.357139
-0.635797
-0.616896
0.342057
0.0171804
-0.601374
-0.24297
-1.17363
-3.06449
-0.254661
-0.255365
0.282897
1.06625
-0.557955
0.132133
0.59554
0.205636
-0.279416
1.47442
-1.16948
0.130261
-0.00670444
2.54016
-0.917664
0.428952
0.65414
0.614445
-1.0777
0.0435676
-1.49382
-1.48478
0.285139
0.196522
0.0993318
-0.832095
0.827791
-0.248235
0.767761
1.0631
0.747369
-1.7873
-1.12904
-0.700072
1.53012
-0.213702
1.00603
0.648948
0.22149
2.72992
-0.848474
0.837263
-0.681553
1.24031
-0.452758
-0.113465
-1.50879
0.316278
0.26823
0.145999
2.00621
-0.106656
-0.231904
-1.35292
-0.170202
-0.481514
0.40453
-0.169796
-0.228404
1.4509
-2.06525
2.32837
-0.842592
-0.138436
1.01925
0.111768
0.195266
2.00766
-3.18025
2.58865
-0.126946
0.515059
0.585193
-0.630647
-1.30783
0.091707
-0.885079
-0.18505
0.519681
0.0966396
0.131826
-0.496046
-0.658933
-0.0503992
-0.281401
-1.8428
1.98527
0.00826069
-1.82411
0.525325
0.111896
-0.228036
0.614813
0.169024
0.474756
3.51755
-0.256543
-0.244875
1.14224
0.577706
-0.716749
-0.639448
-0.0286086
0.397649
-0.473297
-0.974659
-0.675944
-1.27849
-0.0154285
-0.80729
-0.00462902
-1.02686
-0.501256
-0.501227
0.322777
0.581037
0.0930427
0.27308
-0.946832
2.3452
-1.66799
0.21755
0.452936
0.335485
1.76131
0.717005
1.28301
1.53635
-0.237475
-1.65074
-0.369025
-0.7179
-0.100414
0.907284
0.946931
-0.0785657
-0.385195
0.264886
-0.636456
-0.0121439
-0.623688
-0.36062
0.210278
0.228712
-1.02002
0.0406676
-0.0983973
1.59359
-0.286404
-0.112142
-2.34606
-0.273785
-1.52263
-0.633025
1.11501
-1.1652
-1.91871
0.0445951
-0.242488
-0.475563
-0.775349
-0.173517
-0.176417
-1.49844
0.148831
-1.43107
-0.764069
-0.226716
1.37665
-0.223312
-4.38944
0.0836893
-0.149927
0.590772
-0.152842
-0.749518
-0.222457
-0.641181
-0.376827
0.00686802
-0.0941216
0.0220706
-0.234534
0.549129
1.45795
0.629608
0.444096
-0.705904
0.168674
1.04256
3.05865
0.284997
-0.296155
1.48654
0.23331
-1.87456
1.06116
1.23559
-1.38424
-1.06087
1.4693
0.265261
0.330222
0.132785
-0.130235
0.497931
2.07202
-0.456776
1.42796
-0.892502
-1.9991
0.0900987
0.238305
0.365851
-1.67101
1.33024
0.750005
-0.254047
0.597753
0.62927
-1.19435
0.321921
-0.850879
-0.407501
0.416377
0.211807
-0.233859
0.616332
0.669128
1.04394
0.755239
-1.9246
0.336632
1.42458
-0.875766
1.19083
1.10932
-0.0753774
-0.322447
0.292045
-0.137357
0.110856
-0.224376
-0.432244
0.60622
-0.692552
-0.83223
-1.08579
-0.238957
2.28827
-0.672262
-0.858405
1.86553
0.515636
0.332927
-0.42779
2.01048
-0.286261
0.100452
0.18497
0.993796
-2.0513
0.0748692
0.71427
2.17009
-0.250921
0.47243
-0.214563
0.515694
-0.471431
-0.625581
1.11394
-0.0196515
-0.187365
2.31849
-0.297638
-0.49644
0.244755
1.15624
0.626086
1.05037
-0.948314
-0.561286
-2.18426
0.509049
0.814778
-2.08272
0.583523
0.629276
-1.02035
-0.421018
0.543669
-0.965281
-0.0110288
0.435382
-0.461152
-0.48735
0.647302
-1.08469
-0.99608
-0.390308
0.036157
-0.243421
0.101789
2.05883
-0.928465
-0.649939
0.130027
0.423786
1.6748
-0.0622152
0.980596
0.679422
1.81177
-0.0715909
-0.627703
-0.288055
-1.52199
0.271478
0.613376
-1.39267
2.31974
0.907399
-1.59038
1.32248
-0.0959019
0.355312
0.673961
-0.245979
-0.398428
0.724906
-0.520783
0.474038
0.450493
0.0709723
-0.824277
0.365849
0.0716956
-0.587246
-0.16752
-0.140706
-0.109168
0.273393
-0.172084
-1.18644
-0.782878
0.683964
0.0422342
0.0110821
0.225862
-1.95765
0.248407
0.475586
-0.354529
0.899363
-0.639605
-0.870728
1.19948
-1.06199
-0.198167
-1.14899
-0.468466
-1.27605
1.70196
0.206485
1.09356
-1.94038
-0.234359
-0.420453
0.832469
1.69654
-0.578461
0.122119
-2.96639
-0.478439
0.544915
-0.700252
1.90508
-0.66428
-0.612969
-1.56074
1.6977
-0.578814
0.242962
-2.00832
0.0968226
-0.235287
0.473264
0.237298
-0.369299
0.760146
-0.513553
1.59285
2.49416
-1.12749
0.471873
-0.550125
0.574274
-0.443965
0.0523184
0.309428
0.32334
-0.811452
1.35118
1.06462
-0.341944
-0.487786
-2.83886
0.0777421
-0.941969
1.73
0.917092
-0.606606
0.0732013
-0.358012
-0.977699
0.153544
-1.59969
0.126701
0.110832
0.339871
-0.214827
-1.36536
1.26957
0.121107
0.757298
-0.796484
-0.53613
1.28756
0.143724
-1.72378
1.60067
0.740583
-0.216792
0.146243
1.51959
-0.111965
-0.550739
-0.156241
-1.31747
1.14369
-1.04909
-0.959074
-0.238598
-0.229094
1.47755
-1.17299
0.126922
1.24771
-0.844031
0.301832
0.336728
-0.715451
0.309967
-0.288372
-1.10886
-0.123109
0.679301
0.75805
0.372452
0.444561
0.358795
1.83354
0.0775622
0.122821
-0.73206
-0.596132
-1.34721
-0.817118
-1.1381
0.331359
0.782192
0.865559
0.0189758
0.614473
0.76827
-1.01235
2.26407
2.05724
-1.77488
-1.06293
0.309086
-0.781335
-2.25972
-0.45177
-1.60828
-0.95636
1.22705
0.336993
-0.651608
0.386195
-1.23089
0.159915
-0.329893
0.305139
-1.02143
-0.12175
0.283361
-0.142135
0.366505
-1.70809
-0.961655
1.80056
-1.3913
-1.17943
-0.00721595
-0.191762
1.01425
-0.273253
-0.476722
1.38153
0.918754
-0.412135
-2.08963
-0.459762
0.232755
-0.0938709
0.707232
1.8334
-0.72879
0.618679
0.224834
0.499375
-1.0599
-0.509717
-1.00381
1.20463
-0.994178
-0.492103
0.0600461
-0.79473
0.00454502
-0.275323
-0.614005
0.608416
0.285641
-0.457295
-2.2503
-0.270611
0.938515
0.658291
0.254467
-0.336786
-2.28667
-2.11883
0.200896
0.159457
0.246884
0.260189
-0.829501
-0.421539
1.41585
-0.443191
-0.645338
0.436577
-0.610839
-1.27216
2.29452
-0.152607
-1.0742
0.373126
-1.33246
-1.00715
0.893798
-1.33688
-0.311723
0.0704947
-0.561818
-0.25483
0.013962
-0.338681
0.610461
-0.509508
-1.46387
-0.951234
1.13689
1.18267
1.03883
0.913303
-1.09112
-0.581491
-0.0829335
-1.04607
0.294663
0.351031
0.0144638
-0.0412846
2.22514
-0.816808
3.10859
-0.201451
-0.51774
0.462435
-3.69806
-0.198971
-2.9434
-0.0448191
1.35357
-1.3552
0.946725
0.207631
-0.407645
-1.83007
-1.85634
-0.257147
2.20245
-3.58467
-2.35243
1.1693
-0.087544
-0.0104691
-0.417011
0.202664
-0.458595
-0.49839
-1.16405
-0.803511
-0.276577
2.07672
-0.477695
-0.00826477
0.0772069
0.174697
0.552451
1.47742
-0.400526
0.573331
1.26125
-1.47538
-0.933229
0.722909
0.730305
0.889678
2.09895
-1.05592
-0.631595
-0.22525
0.600209
0.445758
-1.60202
1.84438
0.91028
0.223504
-0.571298
0.450951
-0.384173
-1.63939
0.724309
1.10241
-0.0171852
-1.16927
-0.596522
0.582917
0.139082
2.22549
0.501797
-0.13318
-0.676373
-0.907072
-0.150213
-1.01995
1.46671
-0.17557
-1.01352
-0.757202
-1.35631
1.04723
1.58126
-3.62123
-0.750193
-0.167438
-0.0585637
0.572181
0.129458
0.187385
0.715762
-0.285324
-0.418331
-0.1486
0.633685
0.758038
-0.617122
0.204586
-1.44523
-0.31555
1.06787
1.49439
0.00321786
-1.47212
0.188464
-0.273812
-0.285076
-0.140069
0.346905
-1.08366
0.230855
-0.525092
0.67272
-0.0354239
0.644449
-0.814334
-0.465504
-0.367795
0.243728
-2.07964
-1.53388
-0.0300559
0.713114
-1.94192
-0.388136
0.158292
0.205487
0.233919
-1.81768
-0.932857
-0.0747117
0.413187
-0.597526
-0.544271
-1.94118
0.397801
1.26392
-0.0924434
-0.304028
0.451146
1.77399
2.02134
0.286846
-0.0278418
-0.071312
-1.22396
-0.927386
0.547455
-0.216637
0.335496
0.447159
0.0744236
-0.341055
0.478983
0.777342
0.349226
1.26958
1.36007
4.07553
0.670803
0.543948
-0.530078
1.34332
0.274046
-0.0439187
-1.78779
-0.770681
0.349868
0.272456
-1.03573
-0.434693
1.47751
1.20973
0.510683
1.21104
-0.143556
-0.155807
-0.362645
2.50977
1.12868
0.367224
0.5308
-0.510366
0.754844
-0.0697647
0.815939
-0.973687
-0.106662
-0.254181
-0.122464
-0.0734362
-1.4598
-1.45336
0.495566
-0.633268
-0.508973
-1.14154
0.613176
0.0426789
0.411198
1.172
0.699385
-0.0632764
-3.08573
-0.0614226
0.332717
-0.531687
1.46033
0.76518
0.0912371
-0.788753
1.09572
0.0438048
-0.719216
0.198902
-0.252099
0.978599
-2.80664
-0.427452
-1.68097
0.540978
-0.724543
0.946565
-0.468231
-0.0227381
-0.738915
-1.23954
1.17709
0.810246
-1.74397
0.522001
0.429136
1.13451
0.277505
0.840379
0.244869
1.21993
-0.497736
0.501542
-0.680929
-1.59124
0.0908742
-0.364636
0.34329
-1.25547
0.0224914
-1.35524
0.91657
-1.27941
-2.39734
0.747005
0.170276
2.24496
-0.797743
-1.65721
0.753963
-0.0899702
0.0584432
0.12282
-0.530106
0.772861
-1.3716
1.89082
0.537875
0.0992887
0.29264
0.22953
-0.209148
1.00214
-0.685387
3.665
-0.044143
0.673469
0.198115
0.829292
-0.503265
0.40015
0.578175
0.737073
-0.102006
1.30395
0.932678
1.05297
-1.18744
0.35147
0.00903744
0.0739655
0.0868945
-0.855459
-0.0618649
0.0745762
-1.96225
-1.10008
-1.24371
0.343358
0.395217
-1.5855
-0.773225
-0.64572
1.47004
0.606276
-0.440245
0.0268221
0.489682
0.342714
-0.252027
2.14127
1.57249
-2.55778
-1.7526
-0.283124
1.10527
-1.15781
0.513825
-0.123424
-0.403586
-0.0744665
1.88784
0.786558
0.216491
0.13183
1.32687
0.249709
0.682666
-1.31749
0.454934
-1.38416
-0.205135
1.53232
0.703373
1.67355
-0.086016
-0.604239
1.15473
-0.916878
0.232692
-0.790038
0.21617
1.19026
-0.972647
0.178092
1.08152
0.131648
1.75439
-1.31936
0.848293
0.10064
-2.79579
0.344317
0.917453
-0.231812
-0.362243
0.240339
0.880613
0.687981
-0.255116
-0.734249
-0.409254
0.0580804
-0.383906
-0.157727
1.02479
-1.09927
-1.28481
-0.25002
0.634444
0.133068
0.331261
-0.149975
-0.0820779
-0.743018
1.5869
1.44394
0.974503
1.89186
1.84612
-0.0105173
0.159053
0.706732
-0.232458
-1.56253
-0.29498
-1.15934
-0.069667
-0.00624548
-0.00235258
-2.29973
-0.507003
0.737031
0.115319
1.98601
0.662847
-1.33066
-0.214609
-0.602162
-0.0800991
0.208603
0.801163
0.691687
-0.383305
0.885072
-0.0406449
0.410041
0.0720611
1.01769
-2.79807
0.214159
-0.0679801
-1.47586
-1.78808
-1.88803
0.337448
-1.00786
0.128845
-0.291664
1.85378
-0.546246
-1.24527
-1.00231
-0.206684
0.263946
0.426604
-0.720297
-0.514788
-0.611278
-0.721016
-0.199612
0.525956
-1.47185
0.0669228
-0.379847
0.914475
0.477504
0.753324
1.74776
0.34744
0.44529
-0.391635
0.553794
-1.08971
0.285784
1.18674
-0.246979
-3.02968
0.0374994
0.534744
0.190167
-0.0613896
0.257006
-0.716237
0.682214
0.273366
1.36928
0.169003
0.0705359
0.300955
-0.191533
1.82789
0.247096
-0.541845
0.105079
0.453336
0.242036
1.30471
-0.527451
-0.2779
0.900184
1.34582
-1.03378
-0.245643
0.547121
-0.0323699
0.556275
-0.286869
0.0343403
0.531882
-0.70982
-0.969291
-1.30085
-0.221081
0.137711
-0.390175
0.412824
0.0860419
-0.290871
-0.562942
0.702359
0.3765
0.0762906
1.28683
-0.0307739
-2.05016
2.06031
1.19654
1.72107
-0.00693113
-0.806352
0.0632523
-0.660058
-0.179999
-0.14519
0.715255
-0.536189
-0.156147
0.467187
-0.327846
0.838594
0.473935
-0.481911
-0.387123
0.686067
-1.40301
0.16858
-0.21356
-1.78109
-0.41343
-0.498644
0.686403
0.144343
-0.109894
1.1224
0.98452
-0.542462
1.08873
1.23658
0.148343
-0.0827521
1.09289
-0.5662
1.55096
-1.99718
0.63381
-0.728706
2.99004
-2.40388
-1.39277
0.328346
0.970626
-0.377368
-0.0102837
-0.234416
-0.766296
0.354922
-0.286969
-0.547165
0.183999
0.309685
-0.933566
-0.149913
0.186562
0.617981
-0.909429
-0.118158
0.120857
0.303889
0.0588416
0.571237
-0.266974
-0.676124
-2.71033
1.70722
-3.23549
-0.393564
-0.908084
-0.519604
2.53461
1.28493
-0.303078
1.16277
-0.587461
-1.43511
2.09947
-0.697343
-1.59367
-0.551753
-0.226839
0.598687
-0.171362
-0.31401
0.823571
0.312232
1.81477
-0.329626
0.0136715
0.48725
-0.280504
1.13503
-0.0406125
-0.728122
-0.00716341
1.85768
0.17529
0.656199
0.472456
0.3989
-1.27659
-0.618415
0.869429
-1.14698
-4.14567
0.04076
1.04254
-0.186264
-1.03291
0.0660652
0.681191
0.963644
-0.977491
0.131195
-0.735176
-1.05718
-1.01891
-0.0181043
1.72318
0.926596
-0.227865
-0.254395
-0.572851
-0.55385
1.12962
0.60551
-0.133421
2.11555
-0.24701
1.78958
-0.116087
0.228038
-0.958701
-3.16754
-0.268966
-0.814973
0.675949
-1.05442
-0.463156
-0.485937
0.600749
-0.0486745
-1.65471
-0.439148
-0.992703
1.23996
-1.55417
-1.01561
0.178715
-0.0648832
0.623985
2.37188
-0.31841
-0.952598
-0.503641
1.40477
0.654823
0.268411
0.012027
-0.653363
-1.01164
0.471042
-0.180399
-0.433097
-1.63168
1.84519
-1.38087
0.292751
-0.211207
0.0233092
0.38851
0.283606
0.108151
-0.977636
-0.284616
0.976976
-0.0165824
0.275813
-0.0442004
-0.26878
-0.256134
-0.549518
-0.0738249
-0.507419
-1.3794
-1.35279
-0.873092
-0.0347918
1.23908
0.181914
-0.309876
0.185941
-2.93768
-1.68834
0.0272801
-0.208058
0.344744
-0.572193
-0.977862
-0.305327
1.6409
0.336307
0.403428
0.837378
-0.568174
1.82786
-0.566133
0.587095
1.06688
-0.452409
-0.857323
0.573455
0.556359
-0.0402322
0.0421867
0.601523
0.336437
1.03537
-0.453878
0.765436
-0.0496733
-0.2208
-0.13403
-0.10258
-0.881939
0.144004
2.34629
1.94948
1.83705
0.0326182
-1.7736
-0.697385
0.477088
-0.923193
-0.100824
1.0534
0.33953
-0.018771
-1.01813
0.215054
-0.601555
1.95613
0.162996
-0.501585
0.997022
0.493397
0.695013
-0.890834
0.362949
1.31688
-1.32745
-0.713874
-0.449218
1.39399
0.489724
0.857186
0.336378
-0.375834
-2.04056
0.307721
-1.20258
0.442561
1.53685
-0.645187
0.0455243
1.66093
0.151597
0.0247129
-0.375136
0.493172
0.244527
0.453001
0.265757
0.386456
0.370018
-0.493725
0.340322
1.2926
-0.0746336
0.764657
-1.98089
0.592936
-0.0335258
-0.296701
-0.47236
-0.376377
-2.56948
-0.0953957
-1.07176
1.8147
-0.259635
0.28131
-0.454226
-0.334941
-1.1294
0.51311
-0.480047
-0.77025
-0.0378466
0.971732
0.326143
0.658527
0.755534
-2.14395
0.945761
1.2985
-0.866877
-0.805351
-0.395279
0.122002
1.85041
0.975262
-2.94176
-0.60626
-0.19282
-1.03585
-0.930179
-1.10908
0.805727
-0.0876523
0.181074
0.51279
-0.0160471
-0.0960012
2.3901
-0.257302
-1.93424
0.608978
-0.44953
0.0534575
1.01717
-0.545299
-0.432721
-1.15692
1.20556
-0.914582
-0.647132
0.468362
0.258785
0.609267
2.06311
-0.227727
-0.0791377
0.385784
0.162135
0.0476197
-1.97715
0.867916
0.22641
1.03271
1.79228
0.000418486
1.43462
-1.17773
-0.867462
-0.843549
0.602078
0.372097
0.326816
0.656028
0.396528
-0.58891
-0.208426
-0.387847
-1.51365
0.485072
1.39535
-1.4181
0.317581
-1.07778
-0.850173
0.922539
0.814978
-1.4085
-0.0979489
-0.396693
2.49119
0.603523
0.376218
-1.07966
-1.87218
-0.213372
0.838096
-0.758951
-0.0339523
-0.12633
0.977431
-1.29954
0.0988133
-0.369031
0.617959
-0.367343
0.669711
0.420981
0.769243
1.95022
0.787724
0.528988
0.166658
0.277971
-1.18594
0.320886
0.0494423
-0.952553
-0.264053
-0.0277102
0.428149
-0.48461
-0.0555561
-0.854375
-1.48313
-0.46468
0.790775
-0.647903
-0.39848
0.43143
1.14664
0.732333
0.828432
-0.310925
-0.156116
0.831063
0.0967378
1.06208
-0.34312
-1.53292
0.451608
2.02234
0.221021
-0.229187
-1.66468
-2.34446
0.0271392
-1.52661
0.0597611
-0.473681
-2.00576
0.658752
0.072211
-0.441018
-1.12157
-1.02347
-0.563687
-1.03952
-0.406891
1.21342
1.24239
-1.2938
-0.137298
-0.561329
-0.266133
1.27842
1.14247
1.95079
-1.79319
-0.40115
0.456922
2.05105
-0.0162072
0.440894
-0.23531
1.36146
1.26963
0.808558
-0.587776
1.27146
-1.35687
0.333046
-0.966704
-1.95535
0.136987
0.0541074
-1.25045
-0.779806
-1.45852
0.998488
0.608476
0.5538
0.203503
-0.666561
-0.923458
-0.658025
-0.801794
0.00133432
-0.0846353
-0.715534
-2.65527
-0.325367
-0.0255908
1.42673
1.18456
0.549145
0.209943
-1.94964
-0.142194
1.03614
-1.08899
-0.69813
0.151362
0.606775
-1.2414
-0.20986
