-0.948973
-0.000774565
0.371477
1.17542
-0.436156
0.865483
-0.988682
-0.68455
-0.347984
1.68514
-0.30566
-0.323131
1.22476
-0.25921
0.424985
0.080634
-1.26552
-0.314244
0.55422
-0.222225
0.415784
-1.93937
-0.53539
0.447602
0.532521
1.21283
0.0351319
1.30123
0.833225
-0.499702
-1.3041
-0.132909
-0.0874221
-0.14964
0.395138
0.0106672
-0.943473
-0.0670656
0.21287
1.04074
-1.09596
-0.274615
-0.54127
0.225294
-1.17503
-0.342963
0.725018
-0.00328649
0.154269
-0.472327
0.413752
1.28712
-0.106695
0.926369
0.860302
-0.0411447
0.00852256
-0.253319
-0.083803
1.13396
-0.1283
0.236433
-0.0675245
1.3022
-0.889575
-0.893013
-0.25147
-0.911408
0.142791
0.492078
1.30079
-0.225341
-1.08493
-0.159438
-0.869386
-0.550989
-0.826614
-2.06106
0.867122
0.127004
-0.0224235
0.0374481
1.12112
0.00438333
0.350698
1.00116
-0.413235
-0.435083
0.362052
0.00855138
-0.539681
0.202398
0.042255
-0.754607
1.25408
0.153066
-0.190024
-0.119602
-0.124841
-1.01234
2.20051
0.581594
0.0940839
-0.40896
-0.0201989
-0.643236
0.255068
-0.324104
0.391265
0.42785
-0.499046
-0.237633
-0.453858
0.97807
-1.02201
-0.250877
1.32735
0.332662
0.902215
1.89296
-1.80114
-0.68536
-1.42959
0.975486
-1.17091
-0.231462
-0.865859
0.330007
2.1027
1.75151
0.514764
-1.06408
-0.132525
0.800744
-0.0963006
-0.162757
-0.168701
-1.08323
0.295799
0.651462
0.897918
0.27892
0.0957883
-0.159197
-0.915745
-0.160721
-1.11956
0.623851
-0.763288
-0.197945
-0.00984408
0.0668049
-0.503642
-2.793
0.271804
0.0398517
-1.75109
-0.624003
0.860522
1.28597
0.0609544
-0.981411
-0.544555
-0.876961
-0.568571
0.564395
0.650148
-0.680795
-0.35793
-0.559724
-0.978302
0.353677
0.0639159
-0.893527
0.117105
-1.2423
0.254157
0.892729
0.982069
0.544739
0.381147
0.894572
0.0225631
0.214071
0.45973
-0.999475
0.549167
0.473496
-0.49553
-0.363843
0.129167
-0.958887
-0.337762
-0.032246
-0.331256
1.31391
1.77699
1.76335
-0.100983
3.33446
-0.369712
0.103866
0.947137
0.39381
1.25517
-0.280521
1.21489
-0.346491
0.61334
0.662005
0.328553
-0.668097
0.563815
0.643061
0.325326
1.49043
-1.22168
0.626641
0.657746
-1.27758
-0.596649
-1.55433
-1.07703
-0.893152
0.367377
0.336324
-0.0539152
1.05983
1.23604
0.244415
-0.364588
0.208405
-0.274191
0.162717
-0.986309
0.289149
-0.0185812
0.428572
0.31539
0.524522
1.50437
-1.02694
-2.26569
-0.719007
-0.118135
-0.162036
0.428641
-1.93592
0.237633
0.447487
-0.0106976
-1.26393
0.00384966
0.105855
-0.31453
2.81656
0.59311
0.422553
1.27502
2.3331
0.041755
0.228159
-0.699837
0.0281582
2.03676
-0.454264
-2.05688
-0.505249
0.0482869
-0.248983
-1.0855
1.51391
0.480987
0.188554
0.0202101
1.18002
-0.122545
-0.0383888
1.29122
0.873159
-0.411712
-0.542827
-0.392154
0.329927
0.156711
0.10993
0.278445
0.644054
-0.340258
0.631834
-0.492529
-0.171855
-3.10199
-0.081049
0.0222395
0.0454946
-0.792223
1.16471
-0.477328
0.531558
-0.148392
0.180366
-0.0498455
0.604002
1.17973
0.0792347
0.0788828
0.552008
0.480608
-0.951589
0.272809
0.286306
-0.805268
0.402587
0.0662355
0.0559478
-0.0175888
0.011472
-0.520873
0.237709
-0.0950042
-1.54256
-1.78152
1.65637
-0.204681
-0.10679
-0.441905
-1.20502
1.61975
1.35626
1.1805
-0.112218
1.10804
1.09551
0.525266
0.503829
-0.501899
-0.481639
-0.999407
0.0880642
-0.165431
0.459905
1.57561
-0.519056
0.861407
1.47979
0.674441
-1.31785
-1.4291
-0.449296
0.403305
-1.42871
-0.462142
-1.7983
0.0766688
-1.16412
-0.74376
0.891344
-0.30205
-0.650375
1.70906
0.660414
-0.622346
0.0440455
0.441843
-1.34871
0.112751
1.2714
-1.18072
0.0470987
-1.4423
-0.384099
-0.163588
-0.297633
0.00587006
2.2466
-0.848418
0.226151
1.51707
1.18914
0.0194199
-0.815959
-0.0276543
0.249953
-0.388577
-0.044642
-1.57354
-0.0703595
1.74608
1.00197
0.272218
-0.541648
-0.533458
0.0923813
-0.458082
-0.489181
1.67996
-0.00828247
0.941964
-0.361686
0.747845
-0.801404
-0.22338
0.336236
-0.838976
0.553238
1.07486
0.844646
3.66974
-0.225935
0.531369
0.818701
-2.22872
1.26009
0.195558
0.5507
-0.377105
1.12652
0.634345
-0.836297
-0.245131
-2.55463
-1.15496
-1.01581
0.180424
-1.92171
2.01734
0.715644
1.39104
-0.241233
3.41769
0.197829
-0.114499
-1.28341
1.87506
0.272769
-0.115229
-0.0375024
-0.362893
0.526924
0.170156
-1.25522
-1.50937
0.601173
0.286763
-1.70336
-0.349753
0.346385
0.729963
0.492652
-2.62423
0.0557073
2.24139
0.368803
0.450305
1.03032
-0.268929
-1.48901
-0.114804
0.49584
-0.0833514
0.683841
-0.178831
-1.00925
-0.410036
1.74524
-3.62579
-0.790908
-0.179308
0.126284
-0.215334
1.10335
-0.193087
0.617233
-0.959662
-0.167411
-0.105428
1.09995
-1.09108
-0.903115
1.25892
-1.32334
-1.24857
-0.796002
-1.19948
-0.143101
0.153615
-0.0467675
0.0326488
0.746807
-0.0885687
-0.447877
-0.0750536
0.059854
1.93415
0.266205
0.0302161
0.388054
-0.252632
-0.393532
0.791682
1.13198
0.629481
-0.107748
1.75592
0.967526
0.848184
0.879816
0.733367
-0.626325
-1.14397
0.777098
-0.358645
-0.0839444
-3.41285
-0.212766
0.719687
0.822279
1.47459
-0.432412
1.50852
-0.00224017
0.0236373
-1.10297
-0.467635
0.226724
-0.447598
0.58946
0.0529657
0.786166
0.415925
-1.69282
-0.15266
-0.0424194
-0.684814
0.50372
0.799958
0.828465
0.419949
-1.13396
-0.309445
1.15453
-0.624342
1.70633
0.546274
0.0644748
-0.696623
-1.3144
0.666058
2.15963
0.460903
-0.123507
0.025981
1.0659
-2.08983
0.238801
-0.00341139
-1.98238
-0.604658
-0.924139
-0.000363595
2.32043
-0.616123
0.0375615
0.0987499
-0.221693
-0.99781
1.3035
-1.11742
-0.445812
0.406359
0.777851
0.723866
-0.57058
-0.215985
-1.01404
1.1774
-0.00607508
0.0534342
0.340349
-0.0940094
-0.443965
-1.56298
-0.0825588
-0.376302
0.197575
0.374917
-1.07673
-0.602079
-0.141458
0.335997
0.135439
-0.44155
-2.91544
0.462062
-1.06453
0.304389
0.873252
-1.27194
0.168689
-1.44602
1.20902
-0.26267
1.3059
1.52254
0.100491
-1.23142
-0.128881
-0.0842188
-0.268908
-1.97305
0.246566
-0.160236
-0.483794
-0.505409
0.791849
0.327842
-0.638398
-0.0662784
-0.151308
0.819208
-0.884827
1.96169
-3.71968
-1.9928
0.678189
0.0297252
0.344152
-0.354969
-0.711094
0.442886
0.99344
-0.13519
3.20982
0.374471
1.43689
-0.561057
0.896651
0.43375
0.44763
0.374663
0.741969
-2.22166
1.08492
-0.194264
0.294896
-0.911008
0.128131
1.31573
-0.518975
-0.157605
0.855339
0.259515
-0.741804
-1.28916
0.609611
0.374096
0.0427606
2.07604
1.22063
0.626152
-0.419407
0.262509
-0.0286884
0.272028
-0.630151
-1.29512
-0.271113
-0.241942
1.04544
-0.636977
1.14606
-2.45193
-0.699608
-0.104552
0.721431
0.99358
0.189868
-0.262772
0.326374
0.129565
0.805407
-0.284286
-0.307978
-0.0846737
-0.249895
0.093613
-0.0821499
-2.42128
-0.771626
0.328059
0.213207
-1.60728
-0.499406
-1.44138
0.239203
-0.135512
0.275232
0.235226
0.543275
-0.640521
1.71857
-0.499956
-2.98324
1.71245
0.0130455
2.16837
-0.0424402
-0.195303
-2.44895
0.0670035
-0.16321
-1.60301
0.754064
0.542418
-0.358132
1.63651
-3.31949
0.724005
-0.55887
-0.139285
0.781884
0.279729
-1.04666
0.814137
0.124035
-0.25279
0.571832
-0.77138
0.528533
-1.72029
0.418735
-0.368698
-0.324752
-0.397262
-0.623539
0.499254
-0.323218
-0.0567517
-0.0270208
0.339217
0.811027
-0.177952
-0.0174083
0.673713
0.26428
2.99885
-0.217164
-0.956287
-0.0346168
0.714428
0.198601
-0.741031
0.151717
0.680351
0.683019
-0.055508
-0.62031
0.321945
-0.861791
0.151677
-0.546651
0.938059
1.14472
-2.79427
-0.474394
1.21037
0.588403
0.66541
-0.176687
-0.519651
-0.0574027
0.111693
0.324276
-0.305836
-1.59936
-2.97985
0.837555
-0.82607
0.0814909
0.767897
0.178851
0.477915
-0.916845
0.325692
0.623659
-0.819757
-0.545771
1.25559
1.19067
0.334469
-1.0318
-0.117634
0.121657
1.02352
1.79058
0.511714
-0.641786
-0.705305
0.77766
0.243525
-1.02368
-0.0572408
0.234834
0.132258
-3.47363
-0.769957
-1.83909
-0.0650455
-0.36815
-0.51206
-0.152894
-1.28405
0.996448
1.11544
0.319372
1.19615
-0.348499
-0.626466
-0.948372
-0.756709
-0.493686
1.65101
-0.95483
0.943221
-0.763215
-0.507215
0.95744
0.61268
0.0101997
0.69795
-0.00339153
0.265181
1.75654
0.279106
0.857783
0.525226
2.16312
0.32228
-0.125648
0.000843133
-2.35838
-1.03905
0.458363
0.260248
1.08782
0.117985
0.0907499
0.845241
-0.60041
-0.128449
0.0125881
0.30992
-0.0117089
0.949925
0.215213
-0.166737
0.284979
-0.023236
-0.0985538
0.236629
1.39652
-0.670132
-0.856775
0.842961
0.399519
1.61005
-0.480244
0.849364
1.77917
0.785346
-0.265152
1.16691
-0.188134
1.47944
-0.0418274
0.575279
-0.162712
-0.921444
0.984811
0.419299
-1.48886
-1.23297
0.314716
0.793419
-0.641434
-0.692955
-0.0492167
0.199823
-0.18721
0.418661
0.240951
0.636309
1.49273
0.0492632
0.775354
0.0534333
-2.66025
1.4723
-0.210461
0.362201
1.30453
0.676319
0.118746
-0.11102
0.0606234
0.986919
-0.399722
-0.384721
0.115739
-0.40471
-0.0279815
0.697506
-0.580394
-1.8664
0.0887199
0.809932
0.113111
-0.614008
-3.27708
-0.215112
0.797994
-0.253964
-0.945533
-1.23324
-0.15841
0.544594
0.554985
1.2011
0.280764
0.511975
0.0296519
-0.819742
-0.37247
1.20608
0.68816
0.908708
-1.28909
0.720847
-0.307556
0.0493451
1.24923
2.77982
-0.1004
-1.07699
0.582868
2.13059
0.229884
-0.121022
-1.29312
0.454902
-0.266834
-0.595409
0.636738
0.449841
0.632426
-1.713
-1.32672
0.55404
-0.448816
1.81542
0.109095
0.914858
0.411972
1.01428
-1.29304
-0.347145
0.694076
1.20016
-0.637577
0.00538874
1.09248
1.2236
-0.348228
-1.39463
0.0329682
-0.639743
0.101195
-0.266942
0.554178
-0.796433
0.224963
-0.769004
-0.447577
-1.36032
-0.305407
0.357421
0.205343
0.785644
-1.5768
-3.13447
-6.92751
0.0607676
-0.262438
0.200566
-0.684298
0.00374306
-1.41722
-0.301219
-0.494022
-1.93395
0.131618
-0.261934
-0.254428
-1.27695
-2.37278
-0.289399
0.657648
1.33393
0.890955
-0.744938
0.775525
-0.14683
0.792262
2.35373
-0.910925
0.201909
0.162741
1.61723
0.958767
-0.0357412
-0.321326
0.520951
-0.267973
0.696386
0.359452
-0.463604
0.643366
-0.16834
-0.908008
0.439416
0.597413
-0.539796
-2.82791
1.54051
2.33294
-1.55597
-0.75557
-1.70654
-2.02568
0.181885
0.673047
0.274882
0.493181
0.478376
-0.0645834
0.420411
-1.77227
0.960705
0.38191
-0.923604
-0.86904
0.447392
0.373086
-0.800697
0.826131
0.226041
1.16583
-0.444324
-0.0363741
0.49636
0.810798
0.0716167
0.0971405
-0.0372817
1.02697
0.323407
1.45952
0.253063
-0.257075
-0.358563
2.14961
0.18307
0.950857
1.47853
-0.0624499
-2.29855
0.112314
-0.904169
0.0832965
-0.316177
-0.431291
-0.139812
-0.643368
-0.405777
-0.48403
0.214836
-1.60878
0.432783
-0.194819
0.748014
-0.0421685
1.20362
-1.67355
-0.220877
1.57015
-0.762091
-0.174875
0.500096
-1.11754
-0.744503
0.471561
0.567533
0.451311
-2.13504
0.403857
0.0111439
-0.977816
-0.14846
0.93468
2.2599
1.27196
-0.639723
0.678327
0.11209
-0.564537
-0.347586
0.372624
-0.0578321
1.32538
-1.75013
-0.395094
1.51622
-0.240778
0.696831
0.135962
0.271622
0.897766
0.224636
0.324859
-0.905771
-0.278588
0.465843
0.143209
-0.516898
0.880441
0.715989
-0.288495
0.0230728
-0.0541858
0.556458
-0.337211
0.106067
-0.489644
0.0605708
0.933825
-0.69028
-0.0484741
0.199025
-0.77069
-0.559281
-0.437319
-0.564762
-0.0968418
0.63642
-1.31518
-0.598261
-0.352758
-1.01622
0.279325
-0.165558
1.59178
0.184878
0.186645
1.70109
0.469307
0.421533
1.24011
-0.579533
0.173895
0.164401
-0.0163602
0.508212
0.148745
-0.416166
0.881029
-0.96439
-2.7823
0.207908
-0.295388
-0.454047
0.896388
-0.00226516
-0.757249
0.496889
-0.146593
-0.479659
0.141328
0.226755
-0.231245
-0.552743
-1.37602
0.687127
-0.217418
0.992724
-0.353376
0.442676
1.01766
0.341183
-1.01069
2.35583
-0.538481
0.322703
1.40101
0.5897
0.824822
0.335657
0.41439
0.230624
0.614222
-3.47821
1.01151
-0.130947
0.322846
-0.300562
0.178163
1.38356
0.717941
0.251326
-0.715465
-0.0854471
-0.418979
-1.28878
1.36721
-0.441884
4.42075
-1.35365
-1.86554
0.659506
-1.08777
-0.321943
1.08864
-0.187117
-0.279864
-1.51884
0.90855
-0.553967
-0.620095
-0.485325
0.655871
-0.0866729
0.241542
0.0679464
-1.01492
1.09456
-1.6033
0.298722
-1.83575
0.376195
0.221563
-0.994131
-0.631666
-0.222018
-0.0192667
-0.712374
0.247142
0.589672
-0.22721
0.48421
-1.33298
0.471159
-0.574856
0.99284
2.57107
-0.4453
-1.55912
-1.2523
1.18169
-2.56336
0.631087
1.85057
0.0669098
0.297108
0.152198
0.716156
-2.39389
-0.0177492
-0.0982142
0.000199756
1.88405
1.08529
-0.113916
-0.754961
-0.843874
0.00262691
0.0371599
-0.321524
-0.703019
0.344151
2.23037
-0.715818
-0.317251
0.0643868
-0.142001
-0.000987486
0.152818
0.0373817
0.290165
-0.104407
-1.51284
0.219182
0.373125
-0.149001
0.490826
0.0482717
0.442275
-0.0765431
0.331465
-0.0472973
-0.0965631
-1.18983
-0.301145
0.631075
-2.00476
-0.0173138
0.487005
-0.0604076
-0.11363
0.141277
3.85294
1.84265
-0.145814
0.269763
-0.527155
0.571663
0.355933
-2.20538
1.07215
0.883062
0.583716
1.98644
-2.9179
-1.25426
1.80383
-1.88779
0.436164
-1.4847
-0.57624
-1.60955
-0.41103
0.0678
0.473151
0.324067
1.04109
0.424736
1.66598
1.53606
-0.463542
0.0627144
-1.92504
0.0242402
-0.46187
-0.474648
0.574249
-0.739976
0.0944627
-0.334307
0.373719
-0.965777
-0.010418
-0.653184
-0.218273
0.39365
0.550272
-0.442344
-0.849124
0.384006
0.377787
-1.14268
0.0846703
-0.0820933
0.131533
-0.0503736
0.505535
2.21726
0.169069
0.902655
-0.585697
-0.740738
0.0583317
-0.919754
0.512496
0.201455
-0.314079
0.58491
-0.561213
0.585855
-0.0941375
-0.994933
0.0983481
0.983172
-0.0182009
0.665076
0.570295
0.106969
-0.290064
-0.41098
-2.12148
-0.607489
0.638674
-1.04946
3.1032
-0.417547
0.478345
-1.23189
0.46126
-0.357216
0.975253
2.82373
-0.419647
-0.291083
0.413997
0.452695
0.216653
1.41584
0.285486
-0.194014
0.607067
-0.391618
-0.334564
-1.4276
-0.985964
0.980667
0.962693
0.844911
-0.662851
0.840616
0.708006
-1.02057
-1.42618
0.880334
1.27187
0.896879
-0.11272
-0.39931
2.32922
1.20422
0.07346
0.72373
-0.150794
0.453303
-1.11739
-0.39031
-0.0889011
0.670593
0.147814
0.00824944
0.917288
-0.947766
-0.346063
0.3578
0.126521
0.579054
0.89378
-0.917678
0.52848
-0.484942
-0.759742
-1.01507
1.6537
0.46231
-0.202658
1.33967
-0.59175
-0.252582
0.649245
-1.57593
0.883182
0.911293
-0.961938
0.108307
1.20133
2.64318
-1.04919
0.513085
-0.071326
-0.231302
-1.51237
-1.08379
-0.0800899
-1.32288
1.81013
0.290877
-1.62512
-0.704852
-0.170674
0.914779
-0.323154
0.623255
-0.627503
0.70308
-0.389525
1.47891
-1.04135
-0.727754
-0.878961
1.88085
0.602888
-1.17436
-0.340868
-0.560278
0.483948
-0.255672
-0.0605932
0.181309
1.4269
-0.594732
-0.0862663
-0.319013
-1.22156
0.71199
-1.03868
0.306336
0.325054
0.68932
1.53533
0.414004
-1.06207
0.0122584
-0.207244
0.576599
-0.884004
0.182869
-0.331474
-0.495134
0.187889
-0.190838
-0.655449
-1.09831
-0.391348
0.269092
0.497241
-1.02282
-0.34572
0.74721
0.486552
-0.6618
-0.725721
-2.95587
0.0279183
-0.615108
-1.9316
0.805519
3.08446
-0.534417
0.514802
-0.340196
-0.113699
-2.95399
-0.0958979
-0.0871146
1.72061
0.413997
-0.00540894
0.241211
-0.643851
3.30424
0.942193
0.197503
0.202823
0.782554
0.268558
1.76525
-0.835297
-0.234282
0.0759929
1.17698
1.26285
-0.0203187
1.27093
-0.739524
-0.657264
1.64579
-0.283343
-0.185336
1.79355
2.54163
-0.356449
-1.793
-0.819485
-0.798058
0.85478
-0.22628
0.507847
-1.19991
0.356133
-0.847886
0.986788
-1.17578
0.0147707
0.644186
0.125138
-0.873191
1.16762
-0.613819
-1.3587
0.242086
-0.682905
0.203342
0.136689
0.068218
0.798617
0.259567
0.270689
0.57207
-0.145789
-0.195902
1.24611
-1.99454
-0.13558
-1.8818
-1.82263
-1.47997
-0.584655
0.55287
0.610303
0.131455
0.0877046
-1.016
-0.207548
0.727002
0.86362
0.795545
-0.39286
-2.20945
1.62674
0.517239
1.22641
-0.0906125
-0.303974
-2.58894
0.126398
-0.510406
-1.10054
3.07656
-0.198912
2.15686
2.28003
1.4116
0.20242
0.755161
0.761984
0.944949
0.0284866
0.486998
-1.89392
2.32821
0.925295
0.0718813
-0.971108
-0.963693
-0.341753
0.338607
-0.0474863
-1.06856
0.524426
-0.476277
-0.196538
0.291466
-0.106424
-0.0943502
-0.349251
-0.147738
0.673733
1.06559
0.00404926
2.4671
-0.0574287
0.143682
1.87045
0.253136
0.0536339
-1.19699
-1.21895
0.0690539
-1.03366
-0.0222913
2.10689
-2.53787
-2.13132
0.25483
0.258484
-0.796249
0.543412
0.373424
0.511433
0.265646
0.566547
-1.18101
0.983131
-1.24282
0.840273
0.0770258
-1.03037
-0.0519052
-0.948494
0.292143
0.65237
-1.85548
-0.102023
-0.0600018
-0.0891635
0.477368
0.0524088
0.815065
-1.32299
1.16009
-0.997216
-0.137513
0.115881
0.884534
-0.93091
0.00280787
-0.410902
-0.0474012
-0.686424
-0.617579
-1.96718
0.540006
0.917201
-0.674534
-0.124006
1.10198
0.0947904
-1.00898
-0.367546
-0.567215
-0.860029
1.93934
-0.00405333
-1.83553
0.235972
-0.753292
-1.36963
-0.779158
1.04735
-0.628532
-0.493418
0.49766
0.0191595
0.829185
0.142948
-0.448432
0.814472
-0.481532
-0.143166
-0.759109
-0.522214
-0.220731
0.425099
0.254115
0.512517
-0.344914
1.19729
0.731822
-0.853688
0.697936
-0.883188
1.07159
-0.333048
0.732208
-0.876153
-2.03279
0.166873
0.0115666
1.74935
-0.553441
0.0381806
0.358057
-0.0651157
-0.4772
0.178073
-0.189589
1.60511
-0.608139
0.70439
0.0264957
0.575645
-0.610297
1.44761
0.942445
-1.46263
-0.744177
-0.447508
-0.457103
1.24494
-0.758302
0.114029
0.465542
1.08354
-0.859541
-2.14863
0.808231
0.935069
0.4604
0.280572
-0.228034
0.132762
-0.145472
-0.650571
-0.896014
-0.0569587
-0.563835
1.07132
1.47179
-0.854565
1.55927
-0.435172
0.032735
-0.770937
1.54172
0.419415
-0.515532
-0.0731234
0.993021
1.35428
1.68047
-0.169117
0.0417242
-0.646714
0.25862
0.635126
-0.74259
0.428145
-2.49887
1.29872
-0.563438
-0.204603
-0.789207
1.62989
0.365129
-0.86717
-1.17248
-0.195428
-1.02194
-0.693924
-0.539522
-0.247699
2.37794
-0.17899
0.387708
-1.41439
-1.49011
0.00783482
0.174477
-0.052554
0.566696
-0.366044
0.467681
0.508975
0.780198
-0.726548
1.15316
-0.527993
0.641341
-0.452766
0.785084
0.0856416
-0.190109
0.41053
-0.640991
0.191438
-0.345825
0.247422
-0.641475
0.491772
0.598888
-0.529162
-0.842829
-0.26486
-1.94708
-0.542528
-1.23085
-0.0953637
-0.279545
0.161171
-2.29898
0.0205051
-0.00344358
0.32326
-1.45155
0.557006
1.04472
-0.295563
-0.39459
-0.838216
0.841067
0.715582
0.0184744
-1.23969
0.559834
-0.0508394
0.0494666
0.207801
0.00973444
0.355792
-0.38249
2.16659
0.085383
-1.4808
-1.18889
1.43511
-0.57485
0.666188
-1.38317
0.498836
0.0666565
-0.432869
0.13647
-1.70464
-1.01156
-1.65001
0.802707
0.279653
-0.277888
-0.894313
-1.66129
-0.310458
-0.347576
-0.0516355
-1.11162
-1.19404
-0.391383
-0.653362
-0.0540248
-0.132446
0.0711154
0.271634
0.499612
-0.531596
-0.293754
-0.758467
1.00372
0.791578
-0.163975
-0.154716
0.316881
0.325544
-0.554768
-0.0170411
0.600818
-0.339955
0.129114
-1.52067
-1.46732
1.18323
0.645467
-1.29615
1.9058
0.265995
-0.45427
-0.0281522
0.255102
-1.3481
-0.20908
2.27585
0.299863
1.52099
-0.626356
1.01105
-0.188582
-0.0737787
-0.834345
0.328034
0.0484227
0.834761
-2.18161
0.50631
0.665145
-1.52974
0.615537
0.0122608
-0.955275
-1.77022
0.523047
-0.105613
0.510479
-0.300257
-0.906478
0.109492
0.693496
0.417842
-0.909187
0.489966
-0.0075201
-1.13799
-0.340791
-0.0011852
0.154538
-0.493184
0.0245143
1.38938
-1.10608
-0.671869
0.345263
-0.671275
-1.36959
-0.287219
-1.45632
0.9889
2.17741
-0.527512
0.246549
-1.2518
-0.226483
-1.04284
-1.53281
-0.127338
-0.0967598
0.273836
0.725509
-0.689313
-0.884427
0.765977
-0.235971
0.417192
-0.252698
-1.00033
1.47814
0.550827
-1.21938
0.195038
0.331747
-2.23824
0.110154
-1.39161
0.548808
-0.372335
0.736855
0.050567
-1.26502
1.01477
0.853057
0.339559
-0.878466
1.30915
-0.299802
0.694717
-1.44186
-1.29852
0.49804
-0.406521
-0.477677
-0.978062
0.180487
-1.30262
-0.123807
-0.970823
0.678451
-0.335414
-1.8881
0.0829578
0.0711638
0.573526
0.686216
0.212889
0.241615
-0.743373
-0.0149487
0.572345
-1.60488
-1.48818
-1.04024
0.972035
-0.916366
-1.00927
0.296339
0.507323
-1.8211
-1.78972
0.968345
-0.284615
0.405584
-0.833435
-2.27093
0.202085
-0.0936667
-1.06659
-0.906741
0.684103
-0.819683
0.430831
0.87576
0.702743
-0.335068
-0.811076
1.34808
0.404521
-0.57143
-0.0995407
0.287897
0.381564
-0.987863
-1.366
-0.232749
1.76504
1.04112
0.47614
0.157418
0.592394
-0.7387
-0.465709
-0.174111
-0.116079
-0.0512307
-0.432459
-1.73118
0.150446
0.44318
0.80022
0.259991
0.377049
-0.739747
1.42321
-0.691803
0.50143
-0.540118
-0.338002
0.126893
0.954945
-0.418909
-0.122578
1.06994
-1.68306
-0.768453
-0.328927
1.1319
0.300176
-2.07739
0.732201
-0.581441
-1.17585
-0.896126
-0.0945616
-0.385637
-1.11242
0.292185
-0.161413
0.0891285
-0.819266
0.820604
0.517208
0.268659
-0.164571
0.834413
-2.23416
-1.64058
-0.431887
0.789268
0.433336
-0.6313
-1.4908
-2.02014
0.990218
0.684364
1.48827
-0.502511
3.83219
0.738721
-0.808204
-0.909818
-1.12215
-2.97501
-0.00726037
1.07104
-0.477056
-0.614831
-0.587484
1.70392
-1.03856
1.02804
-0.233226
0.215073
-0.710408
0.709925
-1.30101
1.62015
-0.157015
0.544735
0.427506
-0.268753
-0.333537
-0.618839
-0.134216
1.26631
0.142624
-0.166704
0.353818
0.297688
-0.421029
-0.77991
1.19112
0.296535
-0.469087
-0.799512
-0.0210514
-0.297268
-1.29291
1.44823
1.41513
-0.846912
2.65903
-0.323893
-1.50812
-0.339321
-0.622504
0.243691
-0.0178761
-0.827565
0.900065
0.0243053
0.601389
0.653228
0.249307
-0.283172
-0.362594
-0.248922
-1.46791
-0.258927
0.499371
-1.64001
-0.374135
0.576406
-0.0299404
1.04914
-0.784494
-1.65389
1.28782
1.42123
-0.044077
1.10749
-0.792194
0.372326
0.0273591
-0.326032
0.88703
-0.189811
-0.289702
-0.250212
-0.0503103
-0.575023
-0.0198483
-0.606693
-0.456148
0.574487
0.403704
0.346997
-0.377406
1.03105
-0.336293
1.16021
-2.01947
0.494184
2.06486
-0.492402
-0.383982
1.00921
0.987953
1.15795
-0.193091
-0.488827
-0.0919797
0.644075
1.24824
-0.103362
0.271533
0.459404
-0.293225
-0.276938
-0.130528
-2.09486
-0.427385
-0.617254
0.951183
0.997845
0.225641
0.427469
0.22153
1.48593
0.772905
-1.43755
2.0515
0.174175
1.38204
0.386098
-0.259033
2.75763
0.662443
-0.064377
-0.849842
-0.483432
0.202137
-0.857147
-0.10994
0.356667
1.03274
0.0794581
0.444481
0.24298
1.05444
4.57938
-0.0541298
-0.242141
0.420289
-0.379129
2.02709
-0.385599
-2.35426
-0.199815
0.476256
1.93098
-1.66612
-0.354407
0.315559
-1.69636
-0.451044
-0.115911
-0.0318774
-0.366715
-0.879227
-4.0591
-0.940808
-0.665564
-0.269425
0.410697
0.346839
0.89759
0.452659
-0.068137
-0.411374
-0.15842
0.590099
-0.00179929
0.409506
-0.469489
0.817892
-0.604501
-0.201082
-1.25665
-0.615378
-1.13692
1.50812
0.624662
0.781193
-2.84197
-0.343603
-0.234765
1.47096
4.21765
0.659031
-0.720389
0.101575
-0.367871
-0.597343
0.0720079
-0.669987
0.131054
-0.18046
1.33828
1.20128
-0.964123
1.03317
-0.314927
0.740733
-0.525103
0.380586
-0.470381
-1.05384
-1.0957
0.24394
-0.722237
-1.18319
-0.459281
-0.822996
0.523563
-0.375797
-0.0110421
-0.353203
-0.543873
-0.284045
-1.66589
0.274837
-0.765927
-1.28872
1.09066
-0.236201
0.192009
0.0574339
0.523907
-0.0159619
0.694658
-0.528442
-0.753294
-1.11673
-0.204199
0.683598
-0.935837
0.0172584
1.51079
-0.444107
-1.04953
-0.748588
-0.409154
0.51063
0.601069
-0.0224708
-0.078571
-1.33251
0.970032
-0.570629
1.25775
0.44812
0.396204
-0.633519
-1.49109
-0.921287
1.38999
1.00846
-0.787009
-0.492303
-0.0993375
0.283763
-0.534061
-0.564441
0.318001
-0.156168
1.27313
-1.06201
-0.325415
-0.452897
-0.654521
-0.139871
-1.33992
1.20029
-0.452649
-0.389536
0.292934
-0.596361
0.296154
-0.245459
-0.144913
1.43516
-0.677186
0.850939
0.411779
1.32574
-0.67409
0.513613
-0.877996
-0.126586
-0.319261
-0.416592
-0.757553
0.143016
-0.383937
-1.04989
0.253159
-0.0514461
0.248048
0.061314
0.0203971
-0.596699
-1.12781
0.600432
0.747026
0.972391
1.7936
1.07653
0.070014
1.34627
-0.17858
-0.611423
1.58284
-0.383603
0.14906
-0.813377
-0.00721383
0.555428
-0.461279
0.223516
-0.715915
0.983792
0.529543
0.934223
-0.654798
0.773597
-1.27604
-0.304161
0.0535335
3.79052
0.555401
-0.101769
-0.525448
0.479169
1.03195
1.76396
0.206051
0.853196
-0.0300737
-0.834541
0.238613
-3.97492
-1.25068
-1.76114
-0.0911934
2.36978
0.84461
-0.385541
-0.23976
-3.72019
0.152063
-1.99177
0.541249
-0.317469
-0.908235
-0.884425
-2.28969
1.07767
-0.181476
-0.451907
-1.03243
-0.363529
-0.48521
-1.22447
0.224017
-0.049742
1.05299
0.425453
2.59906
0.665097
-0.672866
2.11101
-3.20753
3.98124
-0.442863
-1.23737
-1.61014
-0.114917
0.455282
-0.838426
-1.52709
0.621096
0.148182
0.661945
0.241971
1.11569
0.115409
2.4199
0.146519
0.88816
-0.0894627
1.50398
-1.02932
-0.428164
-1.28435
1.55703
0.0615934
1.62894
0.671049
0.895561
1.50711
0.342896
1.1563
-1.16296
0.0343163
-1.01419
0.0567838
-0.0291476
-0.895857
0.898412
-0.667601
-0.084825
-0.16398
-0.681546
0.0408685
-0.409294
-1.36168
0.101984
-1.55489
-0.323424
0.0190763
0.591052
0.905909
0.215048
-0.732862
-1.58914
0.952215
1.32055
-0.126113
-0.0424827
-1.53188
-1.82174
-0.137934
-1.60153
-0.702564
0.706242
-0.33971
-1.50913
0.5759
-0.723843
-1.7157
0.405691
1.41791
1.50274
0.315847
1.1278
0.418741
0.738359
-0.567194
0.512727
0.414881
0.660655
1.18119
-1.19576
0.64418
1.01132
-0.839484
0.904714
1.95764
-0.61519
-0.62257
-0.403594
-0.594181
0.377528
1.12199
-0.731808
0.815564
0.149419
-1.98739
-0.348742
1.03039
-0.173806
0.0705077
-0.387057
-0.396722
-1.36716
0.613075
-1.02209
-0.182533
0.191666
-0.286782
-1.33173
-0.825862
0.207775
-0.448594
-0.657947
-0.00117806
-2.00054
-0.417725
0.0243146
-1.34412
-0.265611
1.91555
0.357125
0.26429
0.296728
-0.864299
-0.792655
3.44124
0.627578
0.153485
0.769245
-0.497213
1.3609
-0.0410011
-0.779036
-1.10466
-1.6179
-1.13435
0.128076
-0.554775
1.35341
1.82359
1.10717
-0.666774
-0.188295
1.50154
-0.781812
-1.33233
-0.770043
-0.517838
-0.307657
1.0049
1.20605
-0.202391
0.43329
-1.04464
-0.488351
0.254317
0.523086
0.867033
2.51152
0.296805
-0.390032
-0.93606
-0.449678
-0.0100643
0.772386
-1.82956
1.09332
-0.539378
0.243145
-0.129018
-0.42685
0.014944
-1.23425
-0.471809
-0.36842
-0.290845
0.0569602
0.923738
1.47592
-0.969398
-0.557985
0.936922
-2.29316
-0.0155894
-1.20081
0.0531631
-0.249447
-1.08554
0.857282
0.0961338
0.821916
-1.65395
0.285509
-0.332202
-1.2528
-1.66876
-0.45429
-2.38238
0.215007
0.317369
-0.775125
1.36377
2.91621
-0.388346
0.513357
-1.95992
-3.06184
0.397802
0.368557
0.164344
1.85628
-0.473216
-0.62392
-0.10455
1.2452
1.21978
0.151035
0.330234
-1.28337
-0.175534
-0.871843
-1.40202
-1.15037
0.887539
0.306342
0.58963
-1.15133
-0.479812
0.948507
0.158358
-1.80491
-2.4478
-0.880487
1.47444
0.665782
0.803957
-0.181652
0.598489
-0.444522
0.700368
-0.381166
1.70317
0.287538
-0.650283
1.19114
-0.228588
0.210072
-0.619382
-1.23019
-0.980248
-0.211274
-0.718838
0.075062
0.681661
-0.962365
-2.00774
0.0278836
0.0532976
0.0795122
0.214205
-0.38368
2.38307
-0.13249
-0.409183
-0.293481
-1.86799
0.236998
-0.24636
-0.804748
-1.88407
-0.176481
-1.59503
-1.03814
0.160136
-0.595874
-2.25491
1.72783
-0.598655
-1.233
1.38177
-1.36086
0.594515
0.216688
0.129536
-1.35683
-0.104916
0.0852122
-0.0151697
0.586913
0.431482
0.553865
-0.846975
1.69258
1.0192
0.419656
1.78679
0.120685
-4.20716
-1.12984
-1.13559
0.621643
-0.856572
0.08838
0.0533987
-2.46268
0.249784
0.850389
0.464752
-1.49802
0.606895
-0.450941
0.0096155
1.66806
-0.0681492
0.583415
-0.29706
1.76325
-0.209623
1.48739
0.407895
-0.149285
0.134497
-0.0254385
0.736856
-0.747495
-0.147785
0.0396779
0.119414
0.0740345
0.0585417
1.35304
0.422284
-0.0383208
0.536156
-0.998238
-0.598689
-0.151235
-0.043768
-0.415296
-0.0697247
-1.02047
-0.638411
0.301421
0.193734
1.51358
2.73387
0.961557
-1.77297
-0.431268
0.840679
1.50663
-0.378127
-1.13001
-0.548124
0.230675
-0.335108
-0.138166
-0.131622
-0.21518
0.424456
-0.433785
0.110908
-0.706691
0.685104
2.54376
-0.0349469
-0.0146427
1.29967
0.502848
-0.198409
0.88124
-0.274165
0.712995
1.8261
0.769277
1.83764
0.241328
0.343594
0.333329
0.818863
1.88422
-0.586369
-0.0704233
0.156392
1.57069
-0.146205
1.41241
0.676871
1.16861
-1.10792
-0.0673045
1.77999
-0.0820613
-0.630156
-0.773028
-0.0940405
0.105403
-0.200713
-0.0942122
0.347659
0.443353
0.114858
-0.177139
0.44444
-0.298416
0.290494
2.08124
0.127864
0.567032
0.154469
-0.127498
-0.722362
-0.357873
-0.234016
-0.137116
-0.2429
0.834667
0.255056
0.395051
0.746405
-2.26812
-1.87512
0.940306
-1.33255
0.638503
0.107269
-0.550362
0.613202
-0.502629
0.400404
0.522581
-1.25375
1.5937
1.72518
0.0102003
1.67255
0.145584
-0.513461
-0.6782
-0.921591
0.467932
2.58804
-2.63451
0.32077
0.649205
0.526896
-0.323303
0.343442
0.0501469
2.46781
-2.85704
-0.412951
0.148101
-0.407205
-1.38003
0.733105
-0.0879547
2.65639
-0.4122
-0.613715
0.779165
0.70693
1.03989
-0.669413
0.301052
-2.57128
-0.193788
-0.552805
1.1927
1.10285
-0.161255
-0.692989
-0.50662
0.760343
-2.52446
0.225589
0.800559
-0.101223
-1.8271
-0.293295
-0.619699
-0.0461943
-0.635347
-0.394104
-0.0700898
-0.328728
-0.234616
-0.396978
-1.1341
0.124228
-1.50439
1.00416
-0.592356
-1.02763
0.229952
0.190701
-0.533174
0.173401
0.133281
0.319511
-0.542989
-1.13673
0.0567051
-0.478948
0.0443834
0.672466
0.232574
0.353383
3.18702
0.51966
0.395565
0.301188
-0.197875
0.120859
0.353025
0.0457251
-0.111042
0.984741
-1.04829
1.69467
-0.540897
0.151954
-0.631386
-0.20916
-0.295607
-0.664752
-0.246123
0.0805975
1.08025
-0.444444
-0.194547
-0.659726
0.303451
-0.333985
-0.34243
0.439913
0.731706
0.198575
2.55601
0.47075
-1.27235
-1.30436
0.101686
0.263138
-0.32796
-0.145239
-0.107436
1.10716
0.050489
-0.388654
1.59896
-0.392437
2.76657
-0.0231307
0.923706
2.11485
-0.535234
0.0811817
-0.629235
-0.22989
0.00296143
0.897346
-0.408952
-0.365894
-0.533436
-0.337056
-0.269759
0.00691382
-0.584882
0.548167
0.688902
-0.198411
-0.0158628
0.0716505
-1.65543
0.205092
0.453488
0.379595
0.364495
1.08455
-0.737501
0.182807
0.218639
-0.617544
-0.323271
-0.125857
0.167889
0.541251
1.08633
0.911163
-0.261282
0.408474
-0.579093
-0.537667
0.231024
-0.520984
0.937259
-0.0138953
-0.0165685
2.28193
-0.56623
-1.7725
0.378678
-0.494685
-0.64499
-0.923139
2.77585
-0.0575617
-0.12151
-0.0198154
-0.0529562
0.685566
0.750202
-1.33766
-0.0459097
-0.24746
0.234046
-0.336173
2.49618
-0.183979
-0.679092
-1.5331
-1.0363
-1.51381
-0.259457
0.11013
0.967889
-0.22385
-0.670303
-0.860579
0.51597
0.459623
1.22901
1.36644
-0.319352
-1.30409
0.00330809
0.112618
-0.267855
0.174054
0.559728
-0.653377
-1.5698
-0.460872
0.404897
-0.358889
0.941071
-0.427362
-0.597115
0.041774
0.304607
0.264805
-0.514951
0.048468
-1.76241
0.34747
0.969928
0.81532
-0.354695
0.0620334
0.276683
-0.445409
0.531768
-0.262392
-1.31111
-0.415094
1.98258
-0.946726
1.34161
-1.018
-0.177252
-0.859693
-1.39827
0.334263
0.557997
1.18889
-0.906469
0.56535
-0.30785
0.552702
-1.15966
0.90749
1.16511
0.969996
-0.0302911
-1.10071
-1.62106
0.346806
-1.29695
-0.945918
0.128067
0.0462496
2.61371
0.0479913
0.64551
-0.326507
0.380662
-0.789031
0.292997
1.25913
-0.392228
0.570762
0.759146
-0.770472
-0.64227
-0.259217
-0.319249
-0.373834
-0.154102
2.20251
0.603128
-0.0367558
0.544141
1.28299
-1.23824
2.3187
0.0119442
0.879219
0.173804
-0.167152
1.13455
1.42123
-0.368856
0.704359
0.739821
0.71166
-0.0518215
-1.32352
0.168083
1.29763
0.652745
-0.0299179
1.9595
-0.261347
0.952859
-0.306851
0.279034
1.76361
0.903623
0.0805088
0.19934
0.247969
-1.02013
-0.571294
0.314642
-0.262339
-0.0315518
0.0521165
0.495133
-0.323266
0.289927
-0.419179
-0.900586
-0.612695
0.128783
0.752089
0.251192
0.666727
-0.48694
0.109719
-2.34057
-1.0655
-0.395152
-0.20133
-0.299901
0.784835
-0.265868
-0.0528767
-0.614358
0.568392
0.432164
-0.820961
1.71103
0.110028
-1.09368
-1.67586
1.59062
0.240788
-0.106605
-0.249661
0.97931
0.476968
-0.232049
-0.00170232
0.305176
0.333132
0.306442
1.49172
-0.219507
0.144955
2.57155
-0.410198
0.584177
1.44269
0.392705
0.410821
-0.369848
0.32036
0.425666
0.417793
-0.118677
1.19031
0.904225
-0.827308
1.03913
0.265192
-0.299195
-0.541852
2.11078
-1.59062
-0.974048
0.727162
-1.51976
-0.122233
0.359135
-2.06638
0.830471
0.628569
0.500096
-0.365076
0.351685
-0.274737
1.03625
0.853245
-0.276039
0.541115
0.579428
1.16687
-0.629115
0.522133
-0.12576
-0.0946332
-0.791751
-1.15562
-0.746864
-0.566147
-2.32791
-0.687023
-0.328008
-0.3062
-0.336648
-0.195571
1.04964
0.400676
-1.09907
0.109959
-0.0340914
1.0259
-1.78842
0.832755
-1.21727
1.11267
0.280567
2.08222
-0.327046
-0.130717
-0.458903
1.14965
-0.0926689
0.210191
-0.164123
-0.368821
2.19955
-0.343849
0.272771
-0.0594247
-0.167665
1.25625
-0.0368337
-0.582897
-0.599026
1.16954
-0.271395
-0.102404
-1.08825
-0.780385
0.537243
-1.29076
0.345363
-1.60202
-0.0930205
0.13032
-0.483818
0.0531586
-0.879769
-0.156065
-0.208073
-1.46368
-1.15558
-0.518045
-1.6255
1.26491
-0.0347699
0.722225
-1.74846
-0.198095
-0.739346
-0.121993
-0.678403
-0.262069
-1.53595
-0.0798622
-0.887576
-0.861813
-0.17028
0.41024
0.690644
0.00888958
0.365529
-0.475205
1.24472
-2.05141
-1.2766
2.01138
-3.10174
-0.0110287
0.226051
0.974621
0.778499
-0.79499
-0.432628
-0.740747
0.359912
-0.185396
1.52352
2.2577
1.03346
-3.38678
-0.0554531
0.148547
-1.51491
0.860476
-0.976997
0.22993
0.687965
0.804642
-0.27449
0.0666023
0.621783
-0.66888
1.26572
1.58416
-0.678978
0.0539407
0.333534
-0.335816
-0.534094
0.410641
-1.41873
0.18483
0.293834
-0.472805
-0.0699829
1.99535
1.22517
-0.693693
0.370104
0.971528
1.12069
-1.18284
-0.96447
1.95556
-0.171052
0.942867
-1.88023
0.755132
0.353621
-0.557184
1.82611
-0.589501
-0.857359
1.05511
0.0499311
0.582433
-0.793153
1.42841
0.0919036
0.578367
-0.935767
1.32862
1.55033
0.0174332
1.26441
0.139972
-0.921778
0.651312
1.9062
0.186579
-1.09546
-0.480284
2.01508
0.597171
1.60881
0.0823302
1.9324
1.31253
0.0977024
-0.393755
-0.736979
1.71654
-0.666588
0.265203
1.50204
-0.0765076
-0.294497
-0.484682
1.12014
-0.134738
-0.174144
-0.890744
-0.472834
1.23026
-0.266585
-0.230164
-0.180377
-1.12433
-0.553045
0.338933
0.703413
-0.49755
-0.989626
-0.242422
0.981432
0.684829
0.532154
2.73405
-1.41169
-0.142855
0.160294
0.564443
-1.50468
-1.49917
0.589617
0.816807
-1.30368
0.301299
-0.531212
-0.948525
-0.672223
0.354404
0.213209
3.34492
0.319234
-1.92188
0.561802
-0.395967
0.0384075
-1.03483
-1.06791
0.125665
-0.572855
0.613042
0.599482
0.428681
-1.64639
1.30313
0.5396
-0.224855
1.46304
-0.44742
0.363565
0.193462
-1.19032
2.75776
0.752831
0.125604
0.0192699
-0.359019
-0.21437
-0.049055
-0.377057
0.178786
-0.271264
0.0830926
-0.546784
0.187933
0.613246
0.314769
-0.559951
-0.363253
-0.276677
2.17886
1.52987
-1.62851
0.446323
-0.483813
-0.0838929
-1.33618
-0.134216
0.383738
0.0773722
-0.516491
0.119493
0.00378057
-1.56897
0.26632
1.58113
-0.0553171
0.0194267
-0.345099
-0.275621
-0.171215
-0.247932
0.243117
0.696077
-0.984562
-0.00373972
1.96184
-0.329991
-0.384966
0.317589
0.553799
0.25489
-0.804917
-1.0506
-0.446249
0.247757
0.902271
-0.729381
0.804329
-0.737432
1.59817
-0.658969
-1.88251
-0.20647
2.3951
0.662108
0.236109
-1.56259
-1.66985
-1.64493
0.381492
-0.717067
-0.280413
-0.525387
0.843259
0.186455
-0.160599
-0.227723
0.0328634
0.412462
0.345851
0.0569439
0.245677
-0.438347
-0.439722
-1.27006
0.261564
-0.994614
-0.350779
-0.182921
1.50442
-0.399562
-1.04892
-0.488061
0.495314
-3.25037
-0.206044
0.500998
-1.09273
-1.13588
-0.42839
-0.36101
0.430632
-0.543297
-1.19945
-1.57979
0.376807
-0.341968
-0.531312
0.0614328
0.663609
-0.0457591
0.581912
-1.08114
0.238388
0.777784
-1.79186
-0.880878
-1.72006
-0.568289
0.348491
0.791553
-0.714772
-0.291583
0.33653
0.578964
-0.082197
1.42945
-0.0381501
0.0767261
-1.83994
-0.209742
0.159139
1.45582
0.275766
0.513506
0.206378
0.391648
0.0223875
0.412088
0.622394
0.0928455
-0.119807
-0.342858
-1.71799
1.58766
1.64698
0.222177
-1.57108
1.30716
-0.501933
-0.0999226
1.62226
0.693024
-1.09251
-0.399008
-1.71423
2.71553
-0.172167
-0.742616
0.109503
-0.516424
0.913492
-0.0978854
-0.32967
-0.0219221
0.69944
1.11517
-0.332326
-1.38364
0.397903
-0.968166
0.465769
-1.18837
0.272158
-0.595003
-0.740832
-0.551701
-0.132099
0.31694
0.414413
-1.77646
1.24373
0.536451
-1.82562
-0.223003
-0.294019
0.0748084
-0.851291
-0.186113
-0.890864
0.774644
0.144311
1.42924
-0.0904067
-0.328446
-0.936226
-0.54484
-0.629109
-0.273636
0.81493
-3.7136
2.30675
-0.523836
-0.257995
-0.226023
0.357009
-0.55186
0.426375
-1.83563
-0.893302
1.3448
-0.326013
1.04329
1.68142
0.255807
-0.405968
0.32104
-1.04805
-0.0707195
-0.376044
2.38593
-0.187925
0.697202
-0.268354
1.58019
-0.163634
-3.26031
-1.22721
-1.17188
-1.0029
1.26716
0.521525
-0.237475
1.19468
-0.383749
-1.50063
-0.124016
-0.542519
0.750963
0.431634
1.72868
0.877211
0.51314
-0.0917908
-0.492574
-0.30015
1.47889
0.778614
0.0757859
0.784024
0.866755
2.11023
0.628953
-1.41439
-0.0740322
-0.979746
2.47178
-0.430927
3.0484
0.320422
0.678914
-1.25
-0.903433
-0.07816
-0.760392
-1.36379
0.341666
0.11937
-0.169469
0.223173
0.186363
-0.256757
0.0542364
0.171445
-0.439788
0.816914
-0.152358
0.0859721
-0.319693
0.512079
-0.206256
0.375447
0.285823
-0.660308
-0.207238
-2.51867
-2.13752
-0.0326521
0.0158415
-0.750577
0.024042
1.42146
-1.41093
0.523143
1.31915
-0.409708
-0.915199
-1.34845
0.877114
-1.07289
0.854177
-0.799777
2.10505
0.62451
-0.847587
1.03684
1.01386
-1.34366
1.41347
-0.0161164
2.22137
-1.02768
-0.416737
-0.13581
-2.11782
0.48133
-0.503049
0.876703
0.616586
0.653208
1.72762
-0.29415
-0.278915
0.0927251
0.201719
2.62273
0.169381
0.989105
0.768385
0.514851
0.531977
-0.740371
-0.49125
-0.612503
-1.25681
0.923039
0.315609
0.82619
-1.07924
-0.997939
-0.941528
0.386514
-0.0896313
-0.678147
1.03824
0.0538571
0.158332
-2.49816
-1.2393
0.810037
-0.307617
0.0401023
1.38971
1.36984
-0.777084
-0.910891
0.352938
0.333985
1.51819
-1.18385
-0.477664
-2.43234
-1.38583
0.667313
-0.291191
-1.74343
0.0536615
-0.195313
-0.16181
-2.95443
0.278833
-1.41984
-0.580277
-0.82193
0.0723494
-0.0623133
0.840847
0.0534854
1.57601
-0.179919
-0.148217
-0.0139274
-0.00377468
1.04352
-0.627226
-0.102615
-0.428208
-1.8461
0.546748
-0.36463
0.67774
0.655955
-0.740392
0.286156
0.12972
-0.920351
-0.566423
0.111643
-0.766984
-0.404912
-0.3497
-1.24702
-0.0699018
0.59889
-1.31491
0.329938
-0.205992
-0.00363876
0.454134
1.32211
0.168344
0.170989
-0.397693
-0.412736
-0.132489
1.8786
0.240708
-0.771106
0.0662989
-0.242986
-0.17343
-0.0607625
0.080335
0.816018
0.855223
0.141805
-0.92187
0.721961
0.191603
-0.201684
0.536518
0.11342
0.199256
-0.774424
1.53032
0.458347
0.582414
-0.639072
1.16683
-0.014251
-0.360518
-0.717255
1.22809
0.31187
0.9068
0.951867
0.610512
-0.933371
-0.819301
0.230791
-0.375839
0.560958
0.54225
0.467439
-1.53675
-0.530467
0.821624
0.195896
-0.191402
1.33775
1.4921
0.210324
0.0730849
0.2033
-1.26828
-1.36338
0.520202
0.586041
-0.544306
-0.311926
0.695897
-0.451932
-0.734223
-0.828091
0.859122
-0.115307
-0.804742
-1.29213
-0.0325243
-1.24783
0.21158
0.48114
-0.519906
-0.377973
0.252132
-0.0387538
-0.0593629
-0.220989
-0.530839
0.658863
0.465704
0.0851233
0.651351
0.664946
0.150678
-0.774755
-0.837214
-1.64864
0.89888
0.0633349
0.369323
0.710964
0.00527192
0.269012
-0.0472504
-0.581157
-1.06476
0.697017
2.3133
0.864952
-0.073655
-0.543216
1.78939
-0.601136
-0.987616
0.27152
-1.61191
0.477706
0.151438
0.222263
1.39506
-0.808889
0.039918
-0.67514
-0.363984
0.522094
-0.0645829
0.367504
0.393778
-0.0699055
-0.357648
0.22307
0.54685
0.238048
1.07344
0.136404
-1.76904
0.252058
-0.664859
1.02428
1.263
0.875371
-0.300793
-0.0610833
-0.228174
-0.591221
0.22172
-2.33667
0.631818
-0.97914
0.0362104
-1.15303
0.0105123
-1.48996
1.41512
1.3342
0.796842
0.748647
1.14629
0.200684
-0.893242
-1.40048
-1.47196
0.230893
1.2337
-1.58354
-1.50079
-0.0446241
1.48198
-0.77214
-0.342034
-0.991897
0.81883
0.142358
-2.39599
-0.0985914
0.692172
-0.0672725
-1.03331
0.147156
-0.831722
2.03797
-0.601739
-0.684823
0.876341
-1.03965
0.940636
0.838623
0.309095
0.270123
2.46272
1.4259
-0.700437
0.494217
-1.5859
0.369529
-0.26771
0.345675
1.41337
-2.21194
-0.425432
-1.1478
0.11839
-0.306423
0.467725
1.6574
1.436
-0.307329
-0.40706
-0.314985
0.450836
-0.724303
0.802496
-1.1104
-0.315942
0.304242
-0.0607709
0.361618
-0.957097
-0.0527478
-0.249563
-0.0589364
-0.229323
-0.777225
0.124189
0.213836
0.11372
-0.49489
-0.306399
-1.98444
0.322382
0.0173439
0.367444
-0.154943
-2.49828
-1.10787
-0.324041
-0.296521
0.830625
-3.03373
1.25295
0.927458
0.150392
0.113932
-0.238496
-0.0569151
-0.592407
0.0905274
0.921456
0.479864
1.72727
0.644516
-1.29981
0.227643
0.186804
0.846709
0.232331
-0.379937
0.394239
1.4991
1.83185
-0.169325
-1.1165
2.64737
0.10431
0.223374
1.29112
0.56699
0.658245
1.19811
-0.173819
-0.835465
-0.908945
1.02746
-0.644988
0.563816
-0.599241
-0.99285
-0.244675
0.940625
0.0111361
-0.475046
-0.77701
-0.455864
1.38272
-0.380387
1.18292
0.0997862
-1.30603
0.110563
0.964987
-0.0250499
-0.10848
-0.0731932
1.08687
0.566392
0.512024
0.317243
-1.40136
0.89926
0.930351
-0.617525
-1.62328
1.02194
-0.0224534
0.820482
-0.642161
-0.463984
-0.292208
0.781035
-0.00660776
0.0853767
-0.373493
-0.783475
0.944075
-0.530976
-2.02202
1.00096
0.293714
0.581573
-0.413397
0.0958261
-1.4918
-0.770085
-0.130697
-3.81479
0.431028
-0.142041
0.371844
1.32698
-0.343973
-0.64454
-1.03019
-1.62117
-0.0741152
-1.6143
-0.116029
-1.62252
0.390591
-0.0475296
-0.584486
0.0399565
-0.463857
2.92287
-1.0744
-0.643575
-0.344487
-0.330106
-0.459003
0.115373
0.651797
-0.233543
-0.0274054
-0.16177
0.121061
-1.14794
-1.2955
-0.81315
1.35705
0.735844
-0.111495
-0.360715
0.0503561
0.614705
-0.183516
0.275209
0.154514
0.329554
0.0214164
1.7462
-0.884336
1.47699
2.90422
-0.00613177
-0.991052
-0.143279
0.224275
-0.433422
-0.876398
0.352731
-1.23121
2.03752
-0.0281495
1.20965
-0.270866
1.43538
-0.795846
1.14746
0.459215
-0.837137
-0.172354
1.41837
0.67769
-0.630152
-0.218987
0.0732973
-1.14429
0.437975
-0.525838
-0.201586
-0.0633438
-0.94483
-0.203993
-0.150665
-0.556488
0.95588
0.641611
0.151787
-2.3146
1.53765
-1.81325
-0.538349
-2.33977
-0.810254
0.0650412
1.0329
0.212343
1.26286
-0.89402
-0.446185
-0.580985
2.51596
-0.0936654
0.319321
0.433103
0.0985757
-1.5399
0.0162716
-0.201322
-1.02521
1.29813
0.473724
2.0852
0.941813
3.01728
0.0879222
0.415412
0.990251
1.44966
0.275614
-0.457679
0.15401
1.13682
0.433211
0.111822
0.486118
-0.56183
-0.562793
-1.26547
0.000857299
0.630673
0.923091
0.373276
-1.20101
-0.376282
1.05707
-0.14844
2.32788
-0.620582
1.49798
-0.940162
-0.626529
1.38745
0.134562
1.15216
2.32637
-0.904855
0.787776
-0.254664
-0.326516
0.0859253
-1.34983
0.580769
1.26532
-1.82508
0.956366
0.415291
0.411479
-0.938315
-0.365509
0.755547
0.639247
0.617143
-0.153945
0.228384
0.559821
-0.404416
0.218684
0.352081
0.843878
-0.285347
-0.708648
0.375976
0.824474
-2.00923
-0.26619
-0.694787
-0.00950557
-0.404263
0.645616
1.1993
-0.0939566
0.0596746
-0.147043
-1.28225
-0.723026
0.693634
-0.0827166
-0.0484368
-0.808508
0.00624599
-0.221456
1.69633
-0.798175
1.03671
0.901446
1.23768
-0.80865
-0.597669
1.2282
-0.811151
-0.962373
0.411666
0.25282
0.308956
0.832813
0.126775
0.176176
-0.863392
-0.0503751
-1.29801
-0.328212
-0.133414
0.931937
0.791055
0.301377
-0.346829
0.953762
1.67625
-0.990707
0.192624
0.319682
-0.0591118
-0.255948
0.332906
-2.13098
-0.169551
0.0464105
0.388329
-0.899034
0.174248
-0.497905
-2.06778
-1.29978
1.43829
-0.187691
-1.05992
0.635882
-0.471899
0.361808
-0.533599
-0.00597454
-1.19422
-1.01834
-0.638137
-0.05117
1.33083
0.811271
0.506591
1.07611
2.41163
-0.914972
-2.14073
-0.599803
0.393665
0.116949
1.73504
-0.33644
-0.0235622
1.28612
0.721965
0.434535
-0.648528
-0.39197
-1.05177
-2.54651
-2.12197
0.13105
0.608347
-1.04269
0.600427
0.749793
-1.59107
-0.978195
-2.00698
2.25846
-0.190463
-0.132819
0.466851
-0.181545
-1.77382
0.299007
-1.67593
-1.04312
-0.768417
0.722746
0.251629
-0.0852157
-0.13827
-1.2212
0.987952
0.457802
-0.607437
-0.779064
-0.431791
1.12833
-1.5451
0.834834
0.109011
-0.60491
0.33651
-0.527513
2.55932
0.515303
-0.499714
-0.0750662
-1.02102
-0.582114
-0.123009
-0.0514835
0.0326536
-0.532536
-1.04788
0.844982
-0.440462
1.42416
-0.0989266
1.44977
0.506125
-1.00873
0.207472
0.286318
-0.285239
0.861675
-0.102128
0.251599
-0.283136
-0.766481
-0.251991
-0.990425
1.80392
1.2322
1.42627
-0.299079
1.0202
0.835733
-0.307055
-1.30996
1.43616
-0.196196
-0.891497
1.61266
-1.29538
0.245893
0.391382
0.142307
-0.355333
0.515987
-0.898525
1.71501
0.362093
-5.13725
-0.0310955
0.407503
-1.13943
2.43798
-0.161963
1.06094
-1.42689
1.63512
0.349999
0.925412
-1.8655
0.0751652
-2.01124
0.30375
1.00983
-0.149504
-0.0885328
-0.630565
0.733451
-1.69573
-0.234784
-0.494178
-0.147145
-0.296281
0.435091
0.369069
0.0836269
-0.0471642
-0.301656
0.391321
0.570221
-1.45968
1.18176
-0.490276
0.42005
0.42732
-0.633363
-1.76694
0.581494
0.0364081
-0.0208994
-1.74583
0.24371
0.52972
3.73165
0.346045
1.58077
0.375595
-0.479213
-0.171923
-1.3422
-0.41285
1.88882
1.00803
-0.900038
0.171387
0.250615
-0.0181848
-0.809196
-0.0227293
0.236964
-1.12301
-0.966103
-0.46095
1.00904
0.321703
0.474297
0.0809616
-0.475932
0.386988
0.312718
-0.3431
-3.16997
-0.881287
-1.44085
0.982742
-0.311225
1.0331
1.212
0.447923
1.45227
1.25207
0.157702
-0.605593
-0.263343
-0.33375
0.275881
0.235433
-1.50052
-0.873857
0.338937
0.592413
1.05466
-1.33922
-0.740272
0.152153
-0.98959
-0.241996
0.331758
-0.255307
0.531066
0.517796
-0.195241
-0.325436
2.42318
-1.70611
-0.489334
-0.972315
0.681012
0.0281574
0.432582
-0.117878
0.17377
1.2206
1.75397
0.0427433
-1.44317
0.560041
0.219646
0.849858
-0.977412
-0.611928
-0.179167
-0.105225
0.365993
0.0640966
-0.336276
0.643243
-2.97224
1.14549
-0.468025
0.218176
-0.408543
0.407487
0.981691
0.606398
-0.824677
-1.05221
-0.0105787
0.765836
0.518449
-0.625239
1.70405
0.7104
0.277394
0.368774
-1.33391
-0.280223
-0.34726
2.88802
-0.421896
0.0349917
1.55732
0.968954
-1.44657
0.0271541
-0.715785
0.702665
0.982007
-0.975744
0.0277495
-0.75782
0.488507
-1.05973
-0.516819
0.169407
-0.406768
0.464637
0.303393
0.339924
0.422129
0.7157
0.300601
-1.01618
2.21927
0.353001
1.02473
-1.35802
0.842157
-0.973945
-0.643542
-0.0831818
-0.353178
-0.645302
-0.0289082
-1.27214
-0.229762
-0.651472
-1.79906
0.38812
-0.624653
-0.271932
-0.543164
0.383985
-0.87664
0.447746
0.44343
-1.34153
-0.541527
-1.38382
0.53254
-0.668157
-2.39958
0.616186
0.0645014
0.819729
0.375126
0.237873
-0.0940853
-0.822833
-0.710856
0.36475
0.08146
0.320696
0.133287
0.392692
-1.25961
0.710977
-0.0450434
1.25015
-1.4412
0.316567
-0.53069
-0.489876
2.11877
1.13193
0.039452
0.681514
0.401747
0.337503
1.64016
-0.375542
-0.207481
0.632266
-0.142685
0.900552
-0.00732338
-0.23603
-0.0893428
-0.13831
2.1189
0.75098
1.23178
0.950898
0.628723
1.64511
1.29814
0.893732
-0.768095
-0.0178643
0.289649
1.45169
-0.973799
0.345807
0.243892
1.23747
2.16777
0.442383
0.308162
0.423776
1.59228
-0.470495
0.347352
2.16625
-0.248948
-0.48245
1.57315
1.38055
-1.75634
0.81342
-1.52781
-0.496508
-0.954603
-1.00415
0.121567
-0.409013
0.691597
0.741111
-0.0920365
0.980068
-1.65622
0.892429
0.0486483
0.698592
-1.40402
-0.440644
-0.750728
-0.283702
-0.2096
-0.278736
-0.859341
-0.0708099
-0.369206
1.26113
-3.34549
-0.141947
-2.42038
0.445828
0.943954
0.478515
-1.35085
0.490867
2.50259
-0.273735
-0.835796
-0.385814
-0.726988
0.528495
-0.719789
-0.00743284
0.81423
0.979245
-1.04868
3.29778
-0.0775015
0.351899
-0.0456442
-0.114949
-0.843846
-1.45609
-0.115121
1.50136
0.0040736
-0.516868
0.534214
-0.103551
-0.599782
-0.840122
0.119341
0.802612
0.0719133
-0.102216
-0.123539
1.08622
1.63527
-0.932095
-0.52264
2.32265
-1.59589
-0.357821
0.395906
-0.889552
1.37254
-0.738448
-1.0937
-0.455872
0.633914
-0.990949
-0.0115129
-0.262457
-0.778193
-0.576729
1.87274
-2.48098
0.172497
0.157316
-0.435932
-0.305531
-0.220122
0.89963
1.59872
0.384595
0.216464
-2.37888
-0.379582
-1.69064
-0.004682
0.0687085
-0.637073
-0.0070907
-0.738462
-0.194421
-0.532526
2.3251
0.650861
0.498517
-0.193103
-0.348196
0.911701
-0.469588
-1.31226
-0.446883
-0.136132
-0.207493
-0.0998003
0.484686
-1.1068
0.675306
0.490711
-0.795713
1.02952
1.75118
-1.04843
0.629071
-1.15061
0.189004
1.58676
-0.671299
-0.576043
-0.324381
0.12338
-0.125882
-2.63405
-0.67722
-0.498092
-0.0610964
-0.326561
-0.193544
-0.070116
1.93661
-0.521821
0.878994
-0.0769957
-0.403823
-0.960674
0.731849
0.230055
0.290964
-0.564587
-1.00709
0.268112
1.26838
-0.415695
0.0799469
0.0640774
0.184242
0.159365
-1.13635
0.308472
-1.30671
0.017638
0.583707
-0.0284877
0.902316
0.110579
1.0867
-1.04504
0.601086
1.79787
0.869557
1.43068
-0.0440885
-0.52352
-2.22683
-0.738353
-1.05094
1.41352
0.431099
1.42753
-0.706047
1.16176
-0.0413842
-0.536601
0.0924322
0.403988
-1.70508
0.200121
0.243185
0.0744684
-0.737699
-1.76579
1.21743
-0.627183
0.165249
0.990607
1.82993
1.01144
0.440527
1.06189
1.62808
0.0886284
-0.874877
0.621364
0.398379
3.47376
0.261499
1.51934
0.260983
0.727632
0.260232
-0.594678
-2.90725
0.864905
-0.511342
-0.24391
-0.613723
0.473569
-0.0580062
0.0585452
0.767662
-0.541311
-0.608085
1.40513
-0.794402
0.0894398
-1.62003
0.275211
-0.830426
0.134683
-0.207091
-0.26199
1.45661
-1.48969
-1.64575
0.187012
0.0413337
-0.145729
-1.30493
-1.60827
-1.76814
0.0637575
-1.25506
-1.6147
-0.468146
-0.175291
-0.572954
-0.603882
0.409903
-1.1044
2.77068
-0.335213
1.01342
1.11018
-0.766747
1.79314
-0.301599
-0.568053
2.16669
1.42801
-1.13355
0.164119
-0.407596
-0.662986
0.32033
1.62343
-0.5346
0.982372
-0.870621
1.4844
0.1638
-0.995434
-0.682739
-2.22253
-0.793607
0.167637
2.28999
-0.000477953
-3.06892
1.67725
-0.464553
-0.372094
-0.0357701
0.687186
0.156364
-0.485542
-0.158564
2.22079
0.37524
1.47887
-1.28643
-0.0300882
-0.39614
2.04035
-1.15242
-1.45055
0.296061
-0.241383
0.674624
-0.552105
0.939758
-0.128971
-0.257649
-0.0552863
0.108068
0.552695
-0.418706
0.0964565
-0.527093
0.540132
-0.11291
-1.24687
-0.507894
-1.82532
-1.19015
-0.953985
-2.25641
0.646644
0.679339
1.22756
-1.18699
-0.465112
0.110036
0.310259
0.68183
0.188376
-0.381495
1.59891
-0.401993
-0.307651
-1.70855
0.101173
-0.347753
-0.308822
-0.103252
0.0478889
-0.684876
-0.555602
0.00672588
-0.535111
0.0433434
0.436852
0.595179
-1.67164
0.0338066
0.0879919
0.329524
0.599515
0.221194
0.981233
0.0682242
-0.931539
0.254685
-0.207487
0.994525
1.63994
-0.488163
2.59051
-0.179721
-0.846809
-0.139179
-0.483187
0.510789
0.676147
0.670202
-1.66694
0.147573
-2.86371
0.853984
-1.38118
-1.5081
1.08849
0.0585291
-0.114723
-1.03611
0.79092
0.38358
0.0618978
0.935507
0.0150781
0.213693
0.274424
0.0103606
-1.12301
-0.78985
-0.645245
-1.10322
0.707788
-0.181607
0.0293827
-1.3627
0.315584
-0.00956124
0.0236259
-0.434548
0.120277
-0.554832
-1.98774
-0.857237
0.531012
0.527514
-1.3638
-0.32283
-1.787
1.77325
0.672605
-0.568486
-0.149029
0.76858
-0.832332
0.82502
1.19286
0.716191
1.13438
-0.113609
-1.93619
-1.91797
-0.375151
0.762624
-0.195756
0.198776
-0.200583
-1.79922
0.200537
-0.257574
-0.277745
1.40737
0.710741
-0.560366
-0.441932
1.69003
0.830076
-0.0628481
-0.380309
-1.86528
-0.347505
-0.241922
0.498701
0.13522
-1.41458
2.09185
0.544209
-0.409654
-1.67056
0.16155
0.0458015
-1.22521
-1.89324
-1.93863
0.53541
0.943776
-1.58082
-0.263281
0.285316
0.0240053
-0.807631
-2.87548
-0.992319
0.744011
-0.208844
-0.965211
0.0910047
0.601943
-0.0811641
0.079779
1.17555
-0.867134
-0.416031
-0.215865
-0.348094
0.20296
1.64609
0.527619
0.995815
-0.31359
-0.597571
0.21659
0.411065
-0.590403
-0.546434
1.2921
-1.0981
0.0247991
0.439655
0.330732
0.413428
-0.986069
-0.226773
-0.0940224
0.67966
-0.633222
0.277178
-0.3395
-0.00776637
-1.07233
-0.683485
-2.22755
0.00821023
0.489322
0.347776
-1.28953
0.906103
-0.287778
-0.151443
-0.615622
0.377452
0.277161
0.265704
-1.22313
-0.999882
1.24362
1.43292
0.149689
1.12831
-0.227155
1.70326
0.150673
-0.106726
-0.144504
0.882839
-2.03876
-1.07514
0.016201
0.608789
-0.738964
-0.416734
-0.355104
-0.744118
0.569688
-0.437097
-1.38787
-0.801533
-0.317265
0.949457
0.771679
0.202251
-0.999742
1.81899
-0.285012
1.52155
0.895345
-0.333316
-0.191218
-0.379557
0.609846
-0.939391
-1.34935
-0.245422
-0.234332
-0.627642
0.976965
0.0480152
-0.732013
-0.61929
1.39633
-0.093925
-0.123708
-1.29566
0.980359
0.42979
-0.843811
-0.594686
0.523925
0.188905
-1.16972
1.04929
-0.197675
-1.35056
-0.704637
-0.7352
0.0412634
0.541918
0.656109
-1.71224
-0.236527
0.708868
1.55672
-0.478949
-0.361714
-1.78522
1.26078
-0.870875
-2.24022
-1.31398
1.15409
0.382467
-0.0549321
0.292192
2.91814
0.0519525
0.137224
0.211659
2.12163
0.671657
-0.392763
-0.924129
-0.164673
1.68999
-0.578797
-1.04116
-0.236206
0.00360599
0.407039
0.478344
1.47586
1.14162
1.79749
1.78236
2.19048
-0.0450635
-0.312966
0.12062
-0.600742
-0.21908
-3.88803
-0.0710792
1.68162
-0.444038
1.49454
1.34818
-0.336509
0.796912
-0.59597
0.594912
0.365442
-0.99369
-2.98347
-1.08248
-0.401162
-1.90362
1.91107
-0.0354423
1.60159
-0.608717
4.75561
0.192547
-0.568877
0.499173
3.20767
-0.800067
-0.384566
0.0755513
0.39373
-0.813208
0.51636
-0.679485
-1.51929
-1.0174
0.349933
-0.775103
-0.789212
-1.12406
-1.25897
1.71921
0.1404
-0.110658
0.801277
-0.774826
0.132129
-0.0933196
-1.17448
0.188604
0.203494
0.295823
0.646506
-1.32598
0.281267
-0.0440276
0.232132
-2.07091
1.84245
-1.13139
0.611843
-1.28846
-1.04463
0.480302
0.683764
-0.0705561
0.87782
2.18271
0.141885
-1.5169
1.00182
1.27471
2.27675
-0.414846
-1.40459
-1.36469
0.0290399
0.0389779
0.321867
0.178211
1.59127
0.059322
0.262283
-0.448492
1.4714
-0.138189
1.04723
2.78825
0.431117
-0.0665796
0.532602
0.918794
-0.284364
-0.210442
-1.51854
-0.101611
-0.669866
0.330106
0.147847
-1.09327
-2.07254
-0.038854
-0.0681814
-0.716923
0.184835
-0.857916
-0.411397
-2.00564
-0.212173
1.6648
0.433188
1.3099
1.03636
-0.266002
1.89659
1.14899
0.978547
-1.07928
-0.279987
1.59866
-0.0337336
2.12728
-0.879775
-0.269854
-0.759634
-1.53397
-0.542187
0.0187597
2.1142
0.198112
0.299519
1.51451
-0.00575014
0.478508
-0.276085
0.642222
-0.360736
1.10944
-0.307688
0.315566
0.0895484
0.818546
0.408444
-0.799313
-0.994105
0.237892
-0.924366
0.156965
-2.25117
-0.625231
-1.02732
-0.215785
0.57921
-1.03188
0.304839
-0.490895
-0.462272
-0.0557434
0.358541
0.694121
-0.191779
1.25712
-0.12331
1.4059
-1.12725
-0.481991
-0.0462827
0.36318
1.51179
1.17416
-1.1485
-0.406874
0.238536
0.602167
-0.870222
2.66962
-0.228701
0.432263
-0.283387
-0.908807
-0.491834
0.411652
-1.87555
-0.851958
-3.86866
1.30926
0.608309
-0.922675
0.368657
-1.00098
-0.0659576
-0.856365
-1.51219
0.856125
-1.23311
-0.463889
-2.43628
0.0353539
-0.295251
-0.799986
-3.14568
-0.325683
-0.567409
-0.744583
-0.213257
2.33784
-0.813007
0.215343
-0.0286096
0.541944
-0.169775
1.06112
-0.317032
-0.041233
0.666289
-1.23948
0.573979
0.286497
-0.178487
-0.113345
0.237114
0.797278
-1.57391
-0.214097
0.792376
1.16663
-0.622757
-0.721182
0.572423
-0.187463
0.780325
0.669862
1.3289
-0.780803
-0.0584919
-0.508808
0.0264296
-0.408053
-0.324471
-0.551331
1.51207
0.452511
-1.6718
0.149225
0.718456
-2.39795
-0.820427
0.214714
-0.116501
0.442084
0.759554
-1.33703
0.948247
-0.914491
1.95142
-3.20713
-0.980714
0.610879
0.694062
-0.284044
0.138521
-1.17808
1.96709
-0.352228
1.86669
0.835424
0.976392
0.226256
-3.35279
0.322017
0.461999
-1.0914
0.0374926
0.211265
-0.273032
-3.22907
0.540683
-0.471632
-1.65159
0.51176
0.979141
-2.99374
2.11345
-0.267043
1.30184
-0.0444046
-0.097662
-0.0170611
0.34706
-1.01806
-0.0711843
-2.6344
-0.243012
-0.452047
0.364853
-0.962012
2.29141
-1.61021
-1.68981
-0.703214
-0.633773
2.19377
-0.684519
0.687776
-0.812436
0.0316093
-0.402936
2.07593
-0.153326
-1.34757
0.591344
0.231588
0.711809
2.18224
-1.83358
-0.951598
-0.38567
-0.438854
2.15172
1.7081
-0.0171811
1.45633
0.312942
2.90451
0.487347
1.62162
1.02068
0.71148
0.00572
-1.44888
2.2214
-1.14468
-3.22648
1.53598
-2.18146
0.0646053
-1.62613
-0.296616
0.358535
-0.3086
0.266814
0.71664
-1.73439
0.172995
-1.3693
0.121605
-1.65999
-0.552194
-0.56439
0.211193
0.853564
-0.367731
0.016178
0.11819
-0.881991
-1.94087
0.649343
-0.675969
-0.128483
-0.0441687
1.04327
0.429235
-0.947927
0.879761
1.00986
-0.226234
-1.01168
-0.8121
0.185475
-0.980643
-1.92018
-0.223075
-0.93962
1.76247
-0.157625
-0.0130409
0.248835
-1.00511
-1.39387
-0.623228
-0.761766
-0.567739
0.855724
0.253946
0.507441
-0.296226
0.43256
-0.283572
-0.647718
-1.58072
-1.25917
-0.570661
-0.349272
2.51342
-0.901745
0.868458
-0.939575
1.7942
-2.44481
0.453525
1.08739
0.516792
0.564831
-0.104155
0.249449
-0.784858
-2.04947
-1.57577
1.05224
0.573741
-0.956515
-0.336138
-0.368897
-0.568192
0.860186
0.205726
-1.2382
-0.288662
-0.251083
-1.46124
0.424034
-0.861545
0.172273
0.729615
0.504618
-0.470819
0.509779
0.567884
0.27647
0.889537
0.377026
0.0828817
0.0632527
0.175965
0.626117
-1.18664
1.05568
1.45006
0.284026
-1.18326
0.615675
0.922512
-1.04238
-1.98597
-0.73364
-0.28355
1.14972
0.148006
-0.184795
-0.872347
1.65233
0.302851
-0.7481
-0.670946
2.27482
-0.498307
-1.46667
-0.581582
0.118636
-0.0360769
0.614796
1.85077
2.38813
-0.51874
-1.51194
-0.0322541
-0.81437
-0.688924
-0.0880077
-0.0196431
0.366926
2.09093
1.95678
0.538003
0.134252
-0.285072
0.527498
0.0855215
-0.0612682
0.560831
0.196045
0.42488
-0.174848
0.34423
0.122519
0.527739
-0.819183
0.313323
-0.813014
-1.87531
0.528926
-0.815054
1.12835
-0.201024
-0.380657
-0.992014
0.841217
-0.224222
0.847125
-1.26124
2.0134
0.105857
-0.134895
-1.36257
0.0280936
-0.667892
0.309473
0.121083
-0.607931
-0.0115305
-1.30451
0.237779
0.00738809
0.200352
1.56309
0.659226
-1.15164
1.22536
0.201059
0.779184
-0.5023
-0.0677157
-0.151366
-0.028298
0.207963
0.970677
1.10745
-0.161942
0.976332
-0.526243
0.0747229
-0.224779
-0.0790285
-1.35923
-0.315513
0.0541889
-1.49971
-1.35943
-1.19941
0.160646
0.181679
0.234961
-0.778499
0.650185
0.82375
1.08166
-1.02929
0.103789
-0.327244
0.836107
-0.313328
0.366381
-0.761286
0.249429
-0.746935
0.84658
-0.653721
-0.659354
-0.579165
-0.448585
0.616554
-0.941737
0.840535
-0.600435
-1.56997
-1.14446
-1.2725
0.832378
1.0985
-0.196418
2.15236
0.111492
0.780764
-1.39576
0.61433
0.231917
-0.410455
-0.812214
-0.201573
-1.08726
0.371414
-0.337454
0.638667
0.389404
-0.609423
-0.610423
0.53352
1.86258
-0.501391
-0.140012
0.541372
0.374198
-1.45096
-1.38175
1.00645
-0.0114225
-1.11003
-0.200372
0.539846
1.07158
-0.409838
4.90301
-0.9986
0.302919
-0.203573
-0.366661
-1.06003
-0.605906
-0.344025
-1.88561
0.0596285
0.228662
-1.68835
1.4549
-1.40885
1.58169
0.158595
-1.96228
0.499394
-0.588098
-0.890395
-0.273563
0.134974
0.0835778
0.263733
0.0501613
1.25369
-0.397076
-1.39465
-1.07597
1.19197
0.0564614
-0.997951
0.105858
-0.0924145
-0.479929
-0.134962
-0.79444
0.606267
0.618427
0.256461
-0.662433
0.360118
0.567294
0.0503409
0.702088
0.467548
-0.512766
-0.350336
1.46468
-0.90597
0.0429085
2.11846
-0.105793
0.515528
2.83054
-0.865885
0.540457
0.263252
-0.847568
-0.44785
-0.588217
0.491792
1.64345
-1.30639
-0.174271
-0.969021
-0.301242
2.09262
1.77137
-0.0956618
0.374169
0.177965
0.399541
0.271188
1.02815
-0.467172
0.0295444
0.768881
2.77188
-0.971232
-1.55045
1.41193
0.153062
0.0913805
0.0565202
1.55839
-1.44911
0.350961
1.0232
0.0124362
0.528203
-0.950016
0.138326
1.67726
-0.738139
0.457917
0.169666
-0.82254
-1.43903
1.02062
-0.842536
2.47011
-1.24103
-1.97612
-0.0502261
-0.449362
-0.1321
2.55783
0.161736
-0.794837
1.73689
-0.440511
0.345527
1.01074
0.442424
-0.0186386
0.609411
-0.149766
-1.29104
0.439944
0.34713
-0.436163
-1.04815
1.28136
-0.861507
1.06938
0.822935
0.46973
-0.628951
2.01653
0.765752
-0.679309
1.5161
0.826739
-0.761795
-0.587935
0.409396
-0.0286039
0.707421
0.618408
0.947638
-0.261764
-0.664839
0.885014
-0.571903
-0.975032
0.0195597
-0.164849
-0.298526
-1.35672
0.932045
-0.195632
0.501879
0.99235
1.96022
0.799198
0.742086
-0.807273
-1.18143
-1.20337
-1.10898
0.31412
0.481857
0.147036
0.773906
-0.353366
0.201595
0.348168
-0.942089
-0.0374679
-0.135969
0.828094
0.150461
1.1519
0.912031
-0.290363
0.726996
0.698332
-0.310776
-0.754223
-1.39614
0.258079
-0.47797
-3.16916
-0.154252
0.0507132
-0.436378
0.206043
-0.684631
-0.667518
1.09592
0.804294
3.40313
-0.763979
-0.646428
0.000469145
-0.215773
-0.512633
0.798373
0.0664126
-0.281031
0.0911005
-0.941553
0.212277
1.60503
1.08604
-0.192496
-1.60472
1.2116
-0.458421
-0.080633
2.23819
0.558979
3.54814
-0.63066
-0.96931
1.60751
0.569764
0.331687
0.510236
-0.00011568
-1.69328
0.126701
0.0818702
-1.42349
0.0155483
0.0342393
-0.187881
-1.28875
0.166555
-1.70184
0.690902
-1.03301
0.695509
-0.760805
-0.387391
-1.17755
1.57069
-0.231636
-0.677518
0.606522
0.227555
2.22872
0.393641
-0.160813
-0.671094
1.29574
1.02763
-0.291547
0.379905
-0.0476636
-2.58382
-0.722241
-0.0877383
0.903928
0.927718
0.647673
0.320417
-0.922134
-0.279178
0.632411
-0.976392
0.51362
2.60542
0.7021
0.18196
-1.02668
-0.0753022
0.565428
-0.532761
3.07405
1.2433
-0.109443
-0.268016
-0.502145
-1.20411
-0.476434
0.445706
1.69048
-1.29875
1.04224
3.28993
0.6037
-1.36603
0.388486
0.151866
0.527913
-0.967643
1.68595
-0.181863
-0.61605
-0.782105
2.10952
0.254446
-0.186627
-3.24747
1.23941
-1.28258
-0.00609508
0.156436
-0.405933
-0.585098
0.775492
-0.684926
-0.159858
-0.116036
-0.642042
0.346814
0.620791
-0.212574
0.252665
0.438751
-0.187703
0.19265
-0.151952
0.0698818
-1.63868
-0.406133
0.00419578
-0.465605
1.16179
0.00266593
-0.322146
-0.238393
-0.212736
-0.0713606
0.0151549
0.264976
-0.826715
0.305209
0.0173855
-0.341474
-0.463984
0.545894
0.595163
-1.61248
-0.203312
1.23906
-0.569795
-2.50551
-1.19456
-0.33771
-0.503604
0.271584
-0.984674
0.118195
1.10856
-0.0330893
0.888649
-0.226473
0.899558
-0.574381
0.103159
-0.509649
1.08117
0.0817273
-1.76441
1.40533
-1.47739
-2.81015
-0.660593
0.175092
0.644889
0.67262
-0.401071
1.0681
-1.41009
-0.034902
0.521038
0.511636
-0.217082
-0.992027
-0.16727
1.52839
0.654217
1.52356
-0.485227
0.270858
-0.368322
0.102843
-0.778833
0.515045
0.157873
-0.473976
-0.328179
0.537647
0.211964
0.0718982
0.794759
-2.11116
-0.569886
-0.48465
1.10555
0.814271
-0.914343
1.26406
-0.498645
-0.0753226
-0.215237
2.38246
0.0622823
0.0676032
-1.09879
0.481521
2.6604
0.180716
0.55552
0.908638
-0.361597
0.504492
0.624407
0.00444959
-1.1912
-0.380758
0.622451
-0.636052
1.2668
-0.0242228
-0.904501
0.665281
-0.519965
0.767131
-0.93021
-0.581018
0.542689
0.781432
-0.243118
1.29594
-0.359299
0.325018
-0.256986
-0.921581
0.593317
-1.01497
-0.212162
0.0442056
-0.197661
-0.526103
-0.191823
0.0833027
1.04994
0.515641
-0.617775
0.0666822
0.617003
0.362813
-1.37385
0.0358596
0.132566
0.569173
-1.26872
0.39437
-0.108931
0.143818
-0.596755
0.600998
-1.0203
1.41477
0.966078
0.233219
-0.625555
-0.466927
-0.107492
-0.454342
0.568576
-0.87986
1.00655
0.310005
0.630665
-1.35494
-0.139851
-0.0145117
0.62474
0.0981754
0.39535
-1.41844
-0.355843
0.194325
0.169394
0.125106
-0.363882
-0.145087
1.15824
0.874805
-1.69582
-0.512286
0.060343
1.31006
-0.395747
-0.236825
-1.16891
-1.39263
2.34244
-0.347709
0.630379
0.729674
0.192214
0.741567
0.213918
-0.290602
1.01747
0.276062
0.485519
0.295725
5.2901
0.521139
1.05695
0.996376
0.114009
-0.284312
0.621815
1.43986
-0.240605
-0.180108
0.27851
-0.221769
0.203328
1.85836
0.966677
-0.212049
-0.287388
0.529947
1.11055
0.294212
-0.928824
-0.832278
-1.51825
-0.933597
0.340885
-0.333969
0.353545
-0.232659
0.0269077
1.52018
-0.860977
0.136379
-0.412936
-1.14196
-2.36739
1.97605
-0.56929
-0.282099
1.96909
0.339235
0.600979
2.54959
0.340849
-1.21976
0.244893
3.18327
-0.30837
0.523298
2.41739
-0.932787
0.53917
-0.300531
0.0786664
-0.502988
-1.53891
-0.182685
2.37663
1.94133
-0.674717
0.0724619
-0.733224
0.0572252
-0.296038
0.0151334
1.25036
1.26205
1.01037
0.193756
-0.0226621
1.31126
0.83011
0.707821
0.915884
-0.166928
1.58048
0.810193
-0.0804086
0.149072
0.461732
-2.07974
0.279726
0.432098
0.0908255
-0.299905
-0.0429746
-1.11139
-0.661114
-0.590623
-0.542239
1.04791
0.373102
1.98479
-0.452466
-1.17824
-0.902399
0.240372
-0.266149
0.757412
-0.391299
0.278018
0.0201254
0.507777
-1.14221
-0.489041
-0.0666531
-1.41159
0.614143
0.784122
0.742819
-1.75773
0.804993
1.00329
-0.92268
-0.0220061
-0.438719
-0.00898887
-1.18455
0.251101
0.19375
-0.484841
-0.490797
0.271045
-0.774331
-0.852158
-0.664927
-0.61324
1.25841
-0.056094
-0.779986
1.13915
0.435947
1.41526
-0.031056
-0.386833
-0.068823
-0.0193325
-0.237238
-0.0471439
-0.693456
-0.207635
0.197272
-1.63025
-0.271488
0.0983931
0.270968
0.0837649
0.43508
-0.608621
0.277428
-0.618681
-0.673678
-0.64083
-0.194053
-0.871134
0.843269
0.875555
1.48444
2.00154
-0.445142
-0.499404
0.96519
0.54168
-0.0065215
0.300488
-0.451742
0.00665996
-0.599488
-1.40314
0.286156
0.635637
0.918548
0.831711
-0.962979
-1.27078
-0.370411
-1.38227
3.43239
1.83712
-0.359909
-0.521715
-0.949259
-0.276976
-0.0208317
0.16822
0.799986
2.13364
-2.98268
-0.43883
-0.744923
-1.44352
1.74346
-0.754572
0.115927
-0.234486
1.4486
0.755601
-2.43904
0.0295046
0.0303423
-0.139078
-0.387869
1.09496
1.2489
-1.60364
-0.459736
-2.04817
-0.361812
-0.934608
-1.1839
1.44295
1.30765
0.286174
-1.7685
-0.576024
-0.878935
0.332313
0.687737
-0.14435
0.677708
-0.136773
-0.00407881
0.0254203
2.73584
-1.42725
-1.00562
0.497481
1.18385
-1.12425
-0.125362
0.0963507
1.1415
0.487992
0.919789
0.19356
1.43688
0.997885
-0.830218
-1.57039
1.22206
2.13433
-1.181
-1.11916
1.54074
0.123713
0.534672
-0.646123
0.322201
-1.61501
-0.613058
0.0964224
0.269006
1.25522
-0.510488
-0.472318
0.206709
0.312773
-2.59945
-1.25971
-0.840056
0.468235
0.449079
0.611673
0.866405
0.00734781
-0.885483
2.78086
-0.865377
-0.600498
-0.896642
-1.35015
0.739593
-1.02487
1.2592
-0.810948
-0.600201
-0.697685
1.04094
1.86558
-1.15758
-0.371835
-1.83111
0.968984
1.9406
1.19981
-0.416365
1.94699
-0.50742
1.76488
0.737882
-1.64195
0.936418
0.552878
-2.12812
0.137985
-3.47994
-1.01141
0.525147
0.403306
-0.000513965
-0.113202
1.42771
0.542073
0.979776
0.642908
1.52531
0.230119
-0.97686
2.09005
0.707818
-0.872969
-0.529132
-0.559369
-0.0620067
-0.264366
-0.414693
-1.02662
0.509849
0.234008
1.94921
1.67267
-1.37941
2.3017
0.335997
1.16471
-1.9453
-0.660194
1.24971
-1.08836
-1.86772
0.93737
1.40464
1.28819
2.11128
0.489536
1.50693
-0.392546
0.664521
0.513397
0.382682
-0.00150962
-0.529795
-0.270197
0.880142
0.984268
-0.816928
-0.317314
-1.66531
-0.290939
-0.333683
0.233879
-0.981388
-0.933941
0.137848
-0.04663
-0.602995
-0.0900101
-1.52452
-0.082601
-0.088468
0.402674
-1.32642
-0.0925792
-1.13115
-0.24867
-1.33409
-0.121329
-0.00575311
-0.889501
0.313609
0.0599463
-1.04946
1.07572
-0.49229
0.561583
-0.257457
0.276694
-1.78651
-0.284175
-2.80366
-0.583671
-1.04051
0.248201
0.305001
0.819321
-2.8054
-0.898193
-1.81992
0.623846
0.503357
-2.77043
-0.41452
1.08425
0.460655
0.834543
0.980432
0.0033166
-0.452091
-0.656924
0.743628
-0.119206
0.526251
0.714812
-1.07051
0.677062
-1.11253
-0.226018
-0.410149
-0.845618
-0.00281472
-0.868227
-0.962152
0.0801274
-0.0614531
-0.614287
-0.0592908
-0.280662
1.02824
0.708858
1.30775
-0.468692
-0.917234
-0.0679085
-0.752751
-1.63478
-0.983545
0.211869
0.0231301
0.433389
2.43862
0.0545549
-0.0169286
1.33599
-2.19156
1.27227
-1.08219
-0.454284
-0.592195
1.13912
1.86695
0.0112558
1.07697
-4.45187
1.96845
0.0715194
-0.229501
-1.45435
-0.741224
-0.421983
1.94437
-0.848604
-0.123303
0.764653
0.930164
-0.945629
-0.349865
2.00648
2.02695
0.466009
1.02773
0.367625
-0.201265
0.152081
2.13021
-1.73412
0.0450296
-0.370786
0.684783
0.0367966
1.25495
0.673978
1.95944
-0.0748757
-0.0719508
0.32677
0.511906
-0.874755
-0.700417
-1.90382
-1.69471
-0.882243
0.0773622
-0.557499
0.109929
0.172135
-0.114312
0.571644
-0.589113
-0.390807
-0.402995
0.13836
2.72356
-0.152137
0.025126
-1.16609
-1.58939
-0.713086
-0.852548
-0.75419
0.827477
-0.705433
-0.392727
0.685103
0.490931
0.404712
-0.336898
-0.255204
-0.0933102
-0.383002
-0.150927
-0.296498
-0.104841
-1.24393
1.01759
-3.50365
0.106621
0.010746
-2.86038
-1.76248
-0.0290057
0.231787
1.25241
1.93545
0.224374
0.0682987
-1.90703
0.481194
-0.607546
-0.0681404
-0.0922314
0.0793057
-0.390204
0.221441
0.731799
1.29543
1.77659
1.74914
0.853823
-1.36823
-0.962064
0.754588
0.974777
2.08411
-0.554416
0.0931902
1.32013
1.01559
-0.0622322
-0.825245
-0.237628
-1.32899
-0.103355
-0.152855
0.406134
0.0275671
-0.162805
0.790536
1.26127
0.372258
-0.49578
-0.224172
0.574017
-2.13835
0.998897
-2.00487
2.62318
1.49964
0.86765
-0.436512
-0.426565
-0.374305
-0.292526
-0.748814
-0.369819
0.128394
-0.0232512
0.495801
0.276651
-1.04464
-1.2057
3.47745
-1.35843
-0.117404
0.649347
4.03893
0.0394021
-0.443136
1.5112
0.951703
-0.066096
0.458724
-0.599194
0.960422
-0.33583
-0.919769
0.411477
-0.310706
-0.00231046
-0.383702
-2.0359
-0.574747
0.018119
2.35887
-0.00682137
0.259951
-0.917665
1.17773
-1.67017
-0.334199
1.32883
-0.0596072
-0.954159
0.683486
-0.268183
-1.61014
-0.0665835
-1.56981
0.868371
0.740625
-0.339206
-0.407574
0.125473
-0.485512
1.35401
-1.56797
-1.78726
-1.16128
0.579275
0.259124
0.29408
1.65088
-0.775209
-0.0346796
3.01182
0.835072
0.418757
-1.45753
-0.916833
1.54887
0.220245
-0.657922
0.41968
-0.684568
-0.643902
1.57517
-1.40846
-0.492979
0.0692708
-0.840782
-1.50237
0.622564
0.116455
0.0187412
0.593869
-0.399927
-0.594365
-0.0959711
-2.41177
-0.775439
-3.4166
-2.48683
-0.604342
-0.0371311
-0.139668
0.274748
-1.52486
-2.67572
-1.00221
2.2972
-0.895554
1.01535
-0.0825101
0.437903
-0.0043253
3.50122
0.948104
-1.74706
-0.31256
-0.0309472
0.0194991
0.505497
-1.55907
0.30627
-0.308752
0.536774
-1.73146
1.37091
-1.68455
0.479065
0.286027
1.85052
-2.57763
0.36732
0.278509
-1.09909
0.944477
-0.540295
-1.11757
-0.43761
0.373671
-1.55677
1.02509
-1.55113
-1.03342
-0.251339
-0.0181643
-0.38932
0.442855
-0.272571
0.645979
-0.148041
-0.249341
2.26567
-1.64269
0.876967
0.707831
0.13413
-2.12479
-0.371459
-1.89272
0.138612
-0.821242
0.0364026
0.373494
-0.379618
1.47256
0.315736
0.107266
1.25182
-0.998617
0.0197769
0.722012
2.03613
-1.87657
0.0839509
-0.387032
-0.467047
-1.07256
2.4452
-0.719511
0.403883
1.00977
1.09114
2.17454
-0.841976
0.26102
0.293059
-0.899858
-1.21503
-1.62868
2.0745
-1.1982
-1.03731
0.127953
-0.312398
0.224365
2.24537
0.59249
-1.27643
1.73102
0.411592
0.59268
-0.125964
-0.435747
0.272225
-0.0618969
1.34542
1.20757
0.11403
0.368376
0.129535
-0.108179
-0.990293
2.39814
0.234773
-0.573571
-0.879144
0.554374
1.4112
0.199885
0.0226272
-0.316575
0.361008
1.73822
-0.328196
1.48804
-0.713756
2.5082
0.921321
0.726497
2.67805
-0.449526
0.707296
0.0475782
-0.511575
-1.95851
1.08994
0.36807
-2.034
-0.571856
-0.0692191
1.14946
-4.62449
-0.565312
1.20068
0.222615
-0.666695
1.69308
-0.243571
-0.3596
-0.977234
1.59469
-0.417207
-0.151693
0.168618
-0.311699
0.591991
1.33644
-0.377317
-0.0776535
-0.0994098
-1.10122
1.66534
1.20883
-1.8398
-0.808618
2.023
-0.360004
1.00811
-1.18467
-0.592664
0.492461
-0.439431
0.782355
0.0907842
1.16995
4.91443
0.0785517
0.662177
2.0464
-1.2414
0.336746
-2.86308
1.46145
1.92271
-0.314688
-0.547794
0.494878
0.806077
1.13319
0.283239
0.266678
0.30472
1.16217
1.9322
0.332629
-0.287352
-0.659767
-1.35986
0.153347
0.97043
0.134444
-1.63156
-0.596038
2.02257
-0.374594
0.497248
-0.340237
-1.10231
-0.471593
-0.363792
-2.15552
0.744708
0.498435
-0.350473
0.0311394
-0.253341
-1.98399
0.0944546
0.326139
1.41819
0.128749
0.12436
0.106148
0.175126
0.925715
0.204114
-1.10393
0.411713
0.433065
-0.41768
-2.0291
0.250135
-0.551801
0.0404758
-0.248898
0.00657523
0.949764
0.507661
0.499695
1.14069
1.09643
0.450894
-0.759831
0.00365007
-0.305946
-1.04667
-0.916248
1.2988
-0.0463202
0.414577
0.395512
1.47011
-1.35667
1.19549
0.679414
-1.02574
-0.540582
0.518236
-0.245889
1.10558
-0.880779
-0.576521
1.68023
-0.700882
-1.8523
-0.48974
0.706107
-0.163649
0.0347339
-1.79655
-0.163686
-0.713178
0.187579
1.46749
0.223514
-1.52668
0.902824
0.091953
-0.944789
-1.28112
0.447627
-1.30105
-0.152626
0.00534735
0.2847
0.246141
-1.72951
0.505593
-1.01871
-0.569065
-0.726444
-2.68117
0.449013
-0.634779
1.48439
1.39851
0.56632
1.2772
-0.03039
-0.877975
-0.708815
-0.649283
0.354122
-0.946169
0.30352
-0.0306562
1.09915
0.276162
0.997396
0.0485625
2.01682
0.223496
0.220614
-0.656237
-3.93338
-0.442921
-0.0583142
1.13228
0.170774
0.721173
-0.176553
0.80629
0.828216
-0.128363
-0.272147
-1.69251
-0.842086
0.189358
-0.435988
0.268248
-2.41082
0.255257
2.13959
0.112596
-0.180523
-1.34417
-0.049757
0.273012
0.721383
1.89302
0.272921
-0.0205759
-0.636769
0.483808
0.523509
0.0474646
-0.350963
1.23851
-0.153724
0.052887
-0.743873
0.485447
1.11556
0.859543
1.36819
0.055205
0.798252
-0.111118
-0.904802
-0.0193829
-2.01702
-0.0708124
0.987481
1.73197
0.306086
0.840709
0.111526
0.237174
0.925422
0.458989
-0.538062
-1.11197
0.660156
0.0547121
-2.41264
-0.721794
0.217305
-0.800508
2.66205
0.168408
-0.42986
2.02762
0.49976
1.11097
0.203142
-2.2154
-3.93913
0.356084
-0.589142
-0.639564
0.231502
-0.31406
0.159283
3.29327
0.0576719
0.331018
0.212935
0.310302
0.044585
0.130921
-0.577877
0.829573
-1.10241
-0.602135
0.228026
-0.770444
0.207579
-2.64394
-1.36947
1.05028
-0.0988168
-0.498495
0.408007
1.52706
0.22584
-0.994318
-0.42085
-1.42737
-0.350502
0.859372
2.17887
-0.370794
-0.220592
-2.32152
0.979094
-0.660199
0.283133
-1.51886
-0.535771
-0.828104
-2.54857
0.69705
1.67146
-0.524042
-0.0134273
1.16948
-1.14039
0.816896
-1.43174
0.20211
-2.38775
-0.0174549
-2.09143
-0.509932
1.0929
-0.0841275
-0.554247
-0.427648
-2.06282
-1.52575
0.164113
0.800963
-0.634341
-1.44625
-0.12001
0.350892
0.573221
-1.33046
1.04022
0.0835339
2.77157
0.0494985
0.317426
2.75893
0.366034
0.0518847
-1.4617
0.841592
-0.874435
-0.960464
-1.09308
-1.18549
-1.77655
0.10789
-1.53885
0.0783257
0.617961
-0.920071
0.921093
1.27248
-0.245119
-1.28381
0.337997
1.43579
-1.18667
0.211965
-0.750154
-1.02263
1.75233
-1.18612
0.0137288
-0.218244
1.60267
-1.03602
0.870153
-0.0282677
-2.24054
1.38816
0.24704
-1.26692
1.08808
-1.05319
0.359046
0.240422
-1.49793
-0.657062
-1.20374
1.30481
-0.00713966
0.902897
-0.524527
-0.728312
-0.565778
-1.08252
-0.0295719
-0.222249
-0.636804
-0.734513
-0.188256
-1.89685
1.4428
-0.314791
-0.143537
-0.098366
-0.56282
0.236863
-1.90737
-0.516789
0.267401
-1.68281
-1.46274
-0.543819
1.72058
0.429366
0.923749
-1.21023
0.321245
0.145437
-0.885826
0.497712
-1.96304
-0.05561
0.369954
1.48082
1.32171
-0.0815025
0.888989
-0.375094
0.293645
0.492011
0.0506148
-0.154393
0.430643
0.726596
1.09669
-0.604918
1.03266
-0.274462
-0.819206
-0.659787
-0.932306
-0.911608
1.18783
0.789299
-0.895314
-0.662361
-0.153249
-0.493054
-1.00191
-0.510909
-0.433787
-0.0273521
1.31217
-0.396442
0.194056
4.13526
0.703164
0.0572558
1.20394
1.50287
-1.53893
1.94607
0.11168
-0.112325
-1.27608
1.44299
-0.165616
-0.287107
1.28529
0.668368
0.193965
-0.62659
0.986418
0.931589
-0.00357751
-1.3386
-0.412427
-0.31448
0.912775
-0.46329
-0.451405
0.598165
-0.9329
2.36506
-0.533664
-0.725027
0.527654
0.346335
0.233452
-1.27539
-0.409418
0.00612198
0.832695
-0.555554
-0.624541
0.320509
-0.644418
-0.0939686
-0.557845
1.4601
0.285495
1.49804
-0.882757
-0.315309
-0.708904
-0.756788
-0.160263
-0.23089
-1.23537
-0.464386
-0.434622
0.174632
-0.0334341
0.198864
-1.07764
-0.297394
-1.05672
-0.809989
0.726055
1.22439
1.07399
1.75523
0.326983
-0.338987
-0.474049
0.583216
-0.990753
0.501304
1.81891
-0.0640186
0.958655
-0.565613
1.99836
-0.0504376
-0.232752
0.227562
-0.21455
-0.0119921
0.50195
-0.435891
-1.45599
-0.191443
-0.397074
-0.364772
-0.0727396
-0.0696353
0.248699
-0.338265
0.336095
1.55519
-1.5674
0.432258
0.59435
0.0537879
-0.182047
-0.474909
1.92493
-2.81829
1.61521
-0.755221
0.730084
-0.572276
0.525274
-0.875243
-1.57126
-2.06151
0.0192216
-1.17839
-0.199117
-0.618921
1.20709
0.976319
-0.586788
-0.487159
0.236768
-0.422747
0.103462
-1.88313
0.460965
-0.806089
-0.573749
-0.157409
-0.986591
1.70427
0.556792
2.11418
0.406134
0.216671
-0.760976
-0.54925
0.0193974
-0.194553
-0.124801
1.09416
1.0081
1.0016
-1.78407
0.00751313
-0.612451
0.267254
-0.0451212
-0.16103
1.37628
1.94365
0.00439552
0.10314
0.198651
0.714377
0.160564
-1.46078
0.481097
-0.657589
-0.174135
-0.140258
-0.182816
2.35259
0.41082
-0.39237
-1.13688
-1.06643
-1.26767
0.770393
1.15904
0.76049
0.221797
-1.30965
-0.368254
1.60124
-0.0980096
0.108157
-0.452808
1.07407
-0.0902279
-0.503038
2.43794
-0.208249
-1.32817
0.842041
-2.1164
0.923934
1.5581
-1.1833
0.982958
-0.471231
0.400507
0.687012
0.370481
0.220498
1.62569
-0.900615
3.6915
-0.209881
-0.149292
0.0477097
-1.00388
-0.56766
-1.0059
0.470589
0.345234
0.418854
0.123374
0.187149
0.539592
0.549478
-2.18321
-0.326539
0.0440999
-1.40866
-0.961075
1.70314
-0.013974
0.710052
1.43012
1.35478
0.113909
0.216272
-2.34362
2.86106
-0.664624
0.534437
0.601312
1.14158
-0.668187
0.523603
0.475313
-0.457741
-0.202809
-0.236072
-0.180891
-0.331542
-0.0803803
-0.0929417
-0.32741
-0.727438
0.154355
0.557289
3.01987
-0.95093
-0.646392
1.286
-0.391257
0.835642
0.233428
0.0188176
1.04273
0.0937839
1.31112
-0.342537
-1.85474
-0.987198
0.29864
-0.164903
0.516512
-1.84119
-1.28352
-2.08974
0.55885
0.91535
0.861955
2.22839
-0.0304752
0.823578
-2.4558
0.810002
0.101578
-0.057259
0.195988
0.262563
1.22957
0.170259
0.236132
0.496547
-0.54731
-1.02127
-0.737662
0.772366
-1.04134
1.18834
0.338294
0.134868
-0.825615
0.387063
-0.218621
0.823271
0.240786
2.07395
-1.19242
-1.05386
-0.438398
0.531
-0.446592
1.09755
0.0541747
-0.136646
0.842272
-0.657092
0.0396377
0.273751
-0.511464
-0.479696
0.76599
-2.50474
-0.354255
-0.562218
-1.61926
0.997525
-0.269609
0.384778
-0.0177263
0.181521
1.09398
1.62986
-0.30279
-0.980807
-0.636128
-1.05478
-0.204602
-0.206408
-0.368354
-0.218823
0.211407
0.213832
-0.492127
1.26657
0.797263
-0.189923
-0.876589
-0.855247
-1.24701
0.465024
-0.375991
-1.14599
-0.328264
-0.633146
-0.577872
-0.881977
-0.575011
-0.0819499
-0.57159
1.06275
-0.242459
1.24909
-0.974818
0.183313
-1.50004
-0.308029
0.277043
-0.206392
-0.528578
1.2006
1.6963
-1.19099
-0.19212
0.292309
0.0161183
1.66924
-0.97739
-0.450591
-0.428598
0.566663
-3.09763
-0.0122669
-0.0490951
-0.226392
0.799801
0.280079
-3.40613
0.809955
1.1775
0.094792
-0.577298
0.39585
-0.379188
0.26979
0.994661
-2.01621
-2.45563
-0.135533
0.0452267
-0.319086
-0.640843
-0.165902
-0.858338
-0.957176
-0.0570268
-0.835913
0.0968694
-1.79211
-0.044561
-0.843044
-0.332264
-0.978898
-0.251636
0.242533
0.618882
0.792292
0.501519
-0.53288
0.245829
1.24998
1.44675
3.71906
-0.464291
0.124963
1.26203
-2.36594
0.513236
-0.888857
-0.861048
-0.588983
0.289392
-0.99561
0.304003
-0.378124
0.0412761
-0.507273
0.980237
-0.402168
1.0507
0.96854
-0.383663
-1.04033
0.70777
-0.523703
-0.388069
-2.80209
0.388202
1.34553
-0.920323
-1.20218
1.34035
-0.386335
-0.632125
0.537762
1.74038
-0.029888
-1.24166
-0.4269
0.479972
1.33571
0.300286
-0.434302
-0.367995
-0.241987
-1.30212
0.220708
0.143631
-1.924
-0.835436
-1.14119
-0.143704
-1.38184
0.165585
0.464124
0.0869822
0.00901784
-0.136323
-0.514181
-0.999771
0.127408
-0.249942
1.40866
-0.203418
-0.715491
-0.035712
-0.275613
-1.07837
-0.436397
-0.616286
-0.0842221
-0.259453
1.69618
-1.5041
0.491486
-0.375462
-1.05944
1.69461
-0.873919
-1.23052
0.175334
0.242311
-1.14224
-0.466364
-0.209445
-1.02158
-0.431562
-3.36023
1.17088
-0.629686
-0.0276375
-0.989835
-0.0553893
0.935922
0.452983
-1.61175
0.0208888
-2.373
1.0753
-0.601303
1.60916
-0.0502751
-0.108045
-0.198434
-0.504854
-1.73057
1.10159
0.374571
1.05551
0.0713819
0.263267
-0.67877
-0.0930936
-0.764189
0.175198
0.25844
0.238565
0.700296
-0.38811
-0.399988
0.814934
1.14489
-1.30025
1.17401
-0.771615
-0.681471
0.00451553
-1.7362
-0.666003
1.98278
-0.668574
-0.226846
-0.365437
-1.79603
-0.614628
-0.0228121
1.0554
0.384706
0.174205
1.04582
0.426723
-2.73985
0.304943
0.149868
1.13874
0.220724
-0.0815638
-0.167555
-1.19565
-0.456243
0.549464
0.1387
0.641518
1.5467
0.567918
0.00839972
0.703075
0.454028
0.579824
0.0118473
-0.645138
2.87034
0.650266
-0.529636
0.794846
0.00732146
2.33747
0.275589
0.086581
-1.09026
1.27385
0.781653
0.099249
-0.2355
2.24323
-1.85213
-0.554393
-0.773716
0.803883
-0.287496
1.33428
1.06842
0.220495
0.0471135
1.63904
1.16437
-0.993765
2.13859
-0.250845
-0.107062
0.376902
1.67406
-0.676169
0.503236
-0.592717
2.04621
0.0645151
0.762067
-0.00236473
-0.748014
-0.941146
0.305742
1.57697
0.222776
0.500265
0.640359
-2.06063
-0.55907
-0.0666548
-1.45048
0.722124
0.691836
-0.578643
-0.360762
1.70734
-0.00830194
-0.880375
-0.85997
0.705316
1.27461
0.697574
0.0423362
-0.885422
0.243682
-0.204728
-0.934624
0.254548
0.201284
-0.0213424
-0.356803
-0.556244
0.372225
0.560044
-0.536871
0.319394
-0.895515
0.519631
-0.631497
-0.0317905
0.500816
0.168317
0.921801
-0.872373
-1.80652
1.07579
1.22523
-0.857431
0.0475627
0.187537
0.0521675
-1.10641
-3.43349
-0.339096
-1.27851
-0.531543
1.20478
0.543542
-0.199379
-0.0408256
0.236648
1.34344
1.37321
-0.0370998
0.000862427
0.822287
0.241976
-2.57065
-1.04972
-0.324139
0.176567
-1.57655
-0.312099
-0.397478
-0.154534
0.160224
-0.58988
0.129313
0.927681
-0.630942
-0.353646
-0.00999615
0.161625
1.566
0.355637
2.76503
-0.0663414
-0.578946
1.52042
0.307244
-0.318013
-0.469372
-1.32775
0.464756
1.6699
0.614617
1.17216
-0.189926
-0.213648
0.0990726
-0.17886
0.305772
2.06036
0.635182
-1.3829
-0.672187
1.26196
-0.428119
0.146735
-0.33513
-1.31413
-1.15666
-0.232414
-0.336814
-0.186712
0.451918
0.811947
-1.47641
0.189419
0.130599
0.284049
0.478295
-0.220138
1.10899
1.02474
0.87068
0.752265
1.21449
-1.26014
0.489956
0.883377
1.26526
-1.38921
0.861895
0.477097
0.14734
-0.0502939
-0.0427707
0.754695
-0.839579
0.304455
4.26
0.972302
0.173224
0.63646
1.30053
-0.0712201
0.95029
0.749355
-0.132297
-0.0868766
-0.123365
-0.991964
-0.458633
0.658988
0.0101185
0.426121
-0.400468
1.50273
0.118837
0.634932
-0.299268
-0.608879
0.00735014
-0.18888
-1.55286
0.779705
-1.80851
-0.47246
-1.03033
0.350024
-0.0645019
0.244168
-0.851962
0.26891
0.170305
-0.136583
-2.23034
0.0853746
-0.00658916
0.539971
-0.453392
1.31008
0.932618
-1.28483
1.65471
-1.37373
-0.798044
-2.78479
-0.0791858
-0.195593
0.301517
-0.114783
2.23885
-0.165715
1.41968
-0.0870455
-1.00509
-0.758105
-0.00147689
-0.262138
-0.506297
-3.10619
-0.299935
0.542416
0.895676
-0.0576373
-0.00154525
-0.0345314
-1.87371
0.326806
-2.07043
-1.22538
0.633063
1.43269
1.07459
1.01315
-0.0159866
-0.161184
-0.330918
-0.315561
2.72809
1.08672
-0.0245873
0.498973
-0.813923
0.248329
1.41282
-0.217903
-0.195096
-0.505701
-0.218589
1.08333
0.255305
-0.521454
-0.596171
-0.918334
-0.424885
0.906019
0.250973
-1.42615
0.444292
0.299927
1.03899
-0.785481
-1.75564
2.49354
-0.92363
-1.56094
1.38063
-0.260442
0.322226
0.462138
0.981983
-0.641392
-0.690735
0.368374
0.27993
-0.348235
-0.203802
2.65958
-1.56704
-0.83408
-1.64026
-0.6907
0.913491
-0.0795676
0.0193478
0.0605674
1.84183
0.853588
1.96933
0.277558
-0.167014
0.932313
-0.961907
0.98337
-1.48815
-0.523555
-0.112833
0.733534
0.479955
0.5306
0.410753
0.746247
0.158191
-1.04427
-0.144776
-0.529538
1.72296
-0.837565
-1.03961
-0.271392
1.91206
-0.0734029
0.0386968
1.28282
1.33305
-1.47415
-0.841595
1.01222
0.643527
-0.0340896
0.470209
0.245058
-0.697788
0.0142064
-0.402362
0.760135
0.767907
0.215402
-1.80897
1.17716
0.0490564
1.23284
-0.352709
0.139675
-0.700068
0.137947
-0.971622
1.20183
1.99885
1.83287
0.555876
0.148653
0.746205
0.717914
-2.00723
0.329276
-0.303907
-0.688032
1.44136
0.0717787
-0.551209
0.104343
-0.0190241
-1.85746
0.786534
1.57066
0.820792
0.00837419
0.611189
0.683384
0.230754
1.08794
0.210243
-0.29788
-1.9462
0.562616
-0.162462
1.33273
0.535303
-0.438322
1.2233
1.09033
0.932845
0.76309
-1.70639
1.11183
-0.23409
-0.629087
0.0310274
-2.11074
-0.326461
-0.031434
-1.00539
-0.351965
-0.204462
0.103486
-0.374562
-2.06997
-0.395326
-1.49749
-1.30589
-0.160193
-0.755408
0.399862
-0.175539
0.541421
-0.82172
0.0062815
-1.64111
-0.280704
-0.830008
0.689391
1.28701
-1.77865
0.384189
-0.538206
0.580842
0.451917
0.241177
-0.0931003
-0.349855
-1.36079
-0.356596
0.987942
-0.0155053
-0.659684
1.49238
0.974787
-1.00001
-1.27054
2.42063
-1.0644
-0.14186
-0.113594
-1.06197
-0.606195
2.23874
1.16903
-0.241842
0.077227
-0.0232431
-0.646193
0.703412
0.294096
-0.677629
-3.4211
-0.27041
-0.220173
-0.402049
0.215821
-0.220735
0.277664
1.50636
1.09826
0.352895
-2.11213
0.664267
-0.968098
-0.541295
-0.0517731
0.422608
-1.87641
0.256237
-0.0216667
-0.361708
0.250949
-0.979858
0.077524
1.27881
0.616584
0.906297
-1.09097
-1.28836
1.6879
-0.767511
-0.100272
-0.0468822
0.07708
-0.808675
-0.85369
-0.482814
2.79564
0.24487
0.53354
-0.239996
1.45289
0.255604
-0.631494
0.477703
-0.018986
0.402196
-0.572549
0.83445
1.48901
-0.0918391
0.114261
0.290758
-0.735806
0.726426
-0.977245
0.280154
-0.58466
-0.325978
-0.0804242
-0.311331
1.88061
-0.745474
0.717458
0.288056
2.42341
0.805482
0.666584
0.0975606
0.446616
0.136326
0.890738
0.925455
0.395392
0.881218
2.14956
-0.0138125
-0.659548
0.511706
1.20002
-0.544993
-0.607581
-0.443468
-0.262341
0.057203
-0.737301
0.248286
-0.46809
0.288847
0.187565
-0.0714359
-0.401917
0.452851
-0.341125
-1.23771
0.846321
-0.353566
-0.189293
0.140191
1.61013
-0.324757
-1.186
0.713313
-0.245363
0.189408
0.770846
0.267854
0.459112
-1.29375
0.120541
1.08989
-0.462213
0.102291
-0.576995
0.152767
0.50266
-0.804218
0.571966
0.977362
2.04777
-0.519614
-0.0337579
-0.361263
-0.150013
0.0189856
0.479737
1.03737
0.00101817
0.308164
1.27062
1.916
-0.780851
-0.279342
-0.0425331
0.135126
0.128743
-0.807762
-0.105511
-2.48998
-2.36605
-0.082849
-0.406263
0.188249
0.746781
-0.619232
0.00814278
-0.561708
0.775679
0.776675
0.901561
1.07863
2.32777
-2.16817
1.48608
0.489344
-0.0679103
-0.131146
0.107981
-0.0525143
0.55447
0.331927
-0.763959
0.855596
-1.23907
-0.183221
-0.286602
-0.854682
0.56248
0.808711
0.028809
-1.26518
-1.68795
-0.245301
0.722508
-0.999178
0.00212055
-2.7264
-0.110652
-1.02526
-0.66342
-1.61873
1.10398
-0.0913342
-0.147515
0.265332
-0.513712
2.05724
1.68504
-1.33798
0.425411
0.710173
0.235315
-0.884287
0.0391591
1.54971
-0.553603
-0.0737992
0.41993
-1.31247
1.69731
-1.30911
-0.349869
-0.911779
-0.0720768
-0.716866
0.196626
1.98443
-1.32711
-1.34984
-0.498553
1.7717
-0.372852
-0.0434882
1.14711
1.56769
1.31421
0.431026
-0.0606129
0.462325
0.71549
-0.404936
0.324954
-0.492114
-1.7429
-0.447492
-0.459569
-0.0548716
-0.594487
0.18884
-0.616494
0.676621
-1.0479
-1.26398
0.378009
-1.82765
-1.01115
-0.473528
-0.534289
-2.41676
-0.754313
-0.176819
-0.469776
-0.0273835
-1.99795
1.13305
0.665316
0.716507
0.0247284
-0.981074
-0.0011202
-1.35374
-1.23965
-0.462264
-0.803514
-1.54488
0.477536
-0.916784
0.534945
1.2056
0.134866
-1.16321
0.616253
0.613362
-0.144531
0.357082
0.824536
0.785079
-0.232952
0.163442
-0.36058
-1.41743
0.620193
0.264512
-0.311619
0.0356148
-0.74282
-0.698828
0.679577
-0.654665
0.0396958
2.26167
-0.0765258
-1.21498
0.603112
0.991554
-0.669383
-0.915101
2.12696
0.376783
2.35727
-0.68709
-0.408869
0.757965
-0.332509
0.942091
-0.516851
0.296244
1.57591
-0.493967
-0.834395
0.495834
-0.524944
-0.0769108
-3.38788
-1.46566
-0.573016
-0.219022
1.01535
-0.165591
2.04336
-1.21953
0.600292
0.135713
-1.65568
-0.284349
-0.904914
-0.269125
0.0842153
-0.327975
0.427621
1.94596
0.831568
0.83558
-1.40859
0.464995
1.07615
-3.5608
-1.20496
0.0619038
-2.41656
0.97956
-0.794728
-0.741857
-1.71651
-0.679212
-1.03525
-1.41983
-1.72486
-1.03082
0.111898
-0.216143
-0.478974
0.564054
-0.0482816
0.188358
-0.309932
-0.12483
-0.0790453
-1.49168
2.86972
-1.23508
0.0624324
0.332447
-0.477261
-0.549668
1.4601
-0.771125
0.0180658
0.18758
0.0363226
1.65047
0.164439
1.09062
-0.262651
-0.4923
0.692761
0.43455
-1.5737
-0.0877035
0.955224
1.51784
0.665949
-0.576531
-1.51171
0.500808
1.06731
-0.120609
-0.728063
-0.450494
0.425488
0.638158
-1.26873
-0.414713
1.46739
-1.22008
0.19546
-1.31515
-0.0225068
-1.10358
0.478723
-0.533729
-0.795792
0.180947
0.405103
0.585071
0.484135
1.08152
-0.93361
-0.0494311
-2.40477
0.367772
0.0333817
-0.525403
0.637272
1.29115
0.131093
-1.62799
0.0232963
-0.985001
0.807621
1.57776
0.11697
-0.101452
-0.901815
2.67442
0.583537
-2.26484
1.76949
0.379322
0.97808
0.0663655
-0.10205
1.6186
0.436424
0.0245835
0.0791557
0.675152
-0.662663
0.941228
0.647072
0.6905
0.292799
-1.2057
0.427076
0.422632
-2.32026
1.06908
0.520775
-0.153246
2.93728
-1.62187
0.622337
1.89724
0.594432
0.32489
-0.622951
2.49133
-0.0269435
-1.30808
-0.790729
-0.834633
1.61747
0.80505
-1.16658
0.660507
-0.149445
-0.21381
0.43738
0.015835
-0.74764
-1.5677
-1.16179
-0.27888
-0.0716841
-1.26237
-0.53342
-0.765268
2.4637
0.533018
-0.273117
0.874334
-0.690492
0.984587
0.413188
-0.559088
-0.789242
-1.19635
-0.776802
1.76115
-0.664362
-0.849084
-0.729339
0.981314
-0.0299888
0.665662
-4.20951
1.07175
1.22735
1.21041
-0.435259
0.150293
0.0646706
-1.18464
-1.28739
-0.758345
-2.12618
1.26531
0.268196
-0.982859
-0.413217
0.509748
-0.353253
-0.899193
-0.563065
2.27064
0.962667
0.68717
-0.770214
-0.10229
-0.506418
0.854044
0.312455
1.47984
0.0720412
0.00937299
0.642172
0.911024
0.717865
0.442463
1.01427
-1.37818
-0.804447
0.789174
1.00485
0.693525
0.510563
0.616342
-1.57009
0.178531
2.2691
-1.29914
1.19203
-1.26735
-0.0745149
-1.99463
-1.72902
-0.582795
-0.077344
0.0267276
0.12197
0.254661
0.388963
-0.105305
-0.168776
0.94214
0.692372
-0.381931
0.174044
0.617437
-3.5414
-0.372566
-0.498615
0.0901043
-0.414856
-1.13091
0.705818
2.60855
-0.404404
-0.994751
0.390956
1.56661
-0.645968
1.17602
0.289122
-0.443675
-1.55545
1.81171
-0.752003
0.070209
0.361886
-0.379541
0.0235687
0.878793
-0.378986
-0.235414
1.28914
-0.161132
0.400101
0.276881
0.305596
-0.219005
-0.440743
0.996464
-1.07752
-0.914714
0.882519
0.466781
0.176269
-0.318659
-0.762476
-0.416578
0.958737
-0.827068
0.445724
0.904725
-0.475604
-0.538864
0.89957
0.551356
0.0759499
1.78006
2.94702
0.536623
-0.149697
0.195361
0.117819
1.51227
0.981116
0.0890438
1.28528
-0.123674
-0.400178
-0.953639
0.791106
1.37612
0.117402
-1.30248
-0.497887
-0.680488
-0.267549
0.31124
0.739971
0.0841726
-0.964934
-0.860979
-0.905172
-1.00509
-0.676012
-0.830607
-0.0127286
0.8051
0.475189
-1.21331
0.720418
1.07983
1.19613
1.06214
-0.472319
0.754239
1.76634
-0.180391
-0.0257601
-0.43381
-0.767633
1.05576
-0.754749
-1.43307
-0.833745
-0.892711
0.187634
-0.445238
-0.714089
-0.542757
-1.42764
-0.53419
-0.0332253
1.0389
1.36106
0.646466
-0.597605
-0.887065
0.364073
-0.498666
-0.788723
-0.208138
0.276331
0.132061
0.291713
-1.77847
-0.662548
0.311278
-0.31079
-1.04147
1.24968
0.39692
-0.357773
-0.392151
-2.18181
-0.946291
-0.0273463
-0.000583438
0.0128334
0.297347
-1.0811
-1.13381
-1.03585
0.0437221
0.417141
0.238049
0.209106
1.3352
0.724326
0.0888475
-0.661812
-0.145066
1.18347
-1.18877
-0.454831
-1.16338
0.15262
2.11512
1.79212
-0.103315
-0.364597
0.249225
-0.112808
0.0841566
0.6761
-0.626239
0.0653316
-0.745019
-0.154671
-0.216806
0.0603866
-2.66549
-0.177684
1.61335
-0.530083
-0.787779
-1.0944
0.542322
0.587959
-0.00157076
-1.7099
4.32143
-0.935561
-0.00323172
0.467374
0.337366
-0.698185
0.263126
-2.01261
0.375376
-0.193556
-0.294072
-1.27618
-0.0924824
0.0278702
0.715559
0.216698
0.125802
0.703617
0.787393
-0.118677
-1.57725
-1.39181
-1.70386
-0.0763307
-0.0552842
1.37618
0.0648465
0.680405
0.21096
-0.00561011
0.328328
-0.494198
0.338678
-0.188269
0.385036
0.880143
0.206366
1.20833
0.0767106
1.09924
-2.11165
-1.54433
-1.17641
-0.15688
0.377709
3.53775
0.747752
0.197375
0.399012
-0.335974
0.57509
4.53041
0.0149259
1.99302
-0.308628
-1.88621
0.493037
-0.135037
-0.310326
-0.031455
0.801796
0.622517
-0.600512
0.970738
-0.366511
-0.0603051
-0.231496
-0.0162026
-1.10052
-0.618158
-0.992244
-1.10154
0.262512
-0.619284
1.35279
-0.161445
-2.06715
0.0703372
-0.292883
1.16513
-0.141799
0.247504
1.14931
-1.43451
-0.230071
0.636567
2.22185
0.870584
0.0825629
0.238061
-1.10651
-0.0411614
0.276689
0.512578
-0.522465
0.739178
-0.127294
-1.96483
0.248094
1.1017
-0.0299298
0.037366
-0.515027
-0.617504
-0.0157629
-0.119859
-0.368893
0.293288
1.44762
0.971476
0.279181
-0.881523
-1.35967
0.321547
1.52023
-1.24984
3.10267
0.835035
0.395306
-0.532415
-0.0307568
0.0264734
-0.807722
0.794999
1.36197
-0.40243
0.83063
-0.324976
-0.654571
0.125402
0.0283732
0.873264
-0.441141
0.678817
0.00338616
-0.230159
-0.120501
0.962741
-1.18812
0.60326
-0.545379
-0.603958
0.538632
-0.40536
1.39531
1.29173
0.575386
-0.0735493
0.621699
2.07205
-1.01845
0.608561
0.0476247
0.360976
0.225905
0.703358
-0.439301
-1.24289
0.589363
-0.391501
-1.17421
-0.968377
1.2633
-0.324598
-1.31374
0.0458212
0.285841
-3.03572
-0.0934053
1.27911
0.158276
-1.02159
-0.120959
-1.65198
-0.202581
0.665599
0.728943
-0.187453
0.0567097
-0.258841
0.493094
0.87711
0.322557
-1.24044
0.417981
-1.104
-0.252599
1.01433
0.258975
-0.0265037
-0.0701373
-0.22488
0.5005
-0.896413
1.40817
-0.556975
0.883724
1.14314
-0.686804
1.87003
0.455307
-0.473844
-0.410138
-0.114416
3.2063
-0.601858
-0.241037
0.84849
0.378778
1.15273
-0.772199
1.23049
-0.407776
-0.698546
-0.600359
1.16406
-0.512307
-0.32791
0.300157
0.351454
-0.980252
-1.78969
-0.888334
0.286212
0.69793
1.61295
-2.08249
-0.0421943
-0.565893
1.87618
-1.02413
0.581584
0.143082
0.161226
-1.3606
-1.44483
-0.761009
1.02189
-1.01353
0.636825
-1.42709
-0.424547
-0.443106
-0.254338
0.846133
1.29649
-0.36792
-1.49485
-0.651531
0.35054
-1.30111
0.455146
-0.0436172
-0.177748
-0.40276
0.403029
-0.152051
0.315163
-0.279249
1.03083
-1.12881
-1.40412
0.864895
-0.043509
2.84239
0.806812
-2.49146
0.0781851
0.716894
-0.718705
-2.37161
-1.29211
-0.267211
-1.15984
0.451454
-0.385689
0.899554
0.914225
-0.60769
1.1298
1.88357
1.29713
1.80639
-0.50006
2.17629
-0.350684
0.235612
0.11074
0.040212
-0.628294
0.507332
-0.30506
-1.78089
0.843569
0.401492
-0.411645
-0.878758
0.564342
-0.397047
0.465421
0.168394
-1.36697
0.118187
-0.113875
-0.0904092
-0.377141
-0.68393
-0.20071
0.355046
0.660417
-0.664857
-1.20018
0.0640865
-0.840239
-2.47993
-3.88561
0.501702
-1.08854
0.726482
-0.236346
-0.0898359
-0.0185002
0.125441
-0.249822
0.258645
0.326601
0.141181
0.125233
0.206939
0.667574
-0.0054815
0.264771
-0.850355
-1.37326
1.59672
2.48798
-1.05465
0.0900949
0.621838
0.359229
0.833897
-0.167299
1.15136
2.19515
0.366857
-0.519329
-0.916676
1.58086
-0.513581
0.967434
1.22866
-0.883971
-0.67391
-0.612888
-0.224362
0.910753
-0.446866
0.190398
1.38065
-0.164695
-0.919489
-0.370138
-0.875183
0.362277
1.18651
0.92149
0.691858
-0.991653
