0.257523
-0.5096
1.32451
-2.49169
2.68757
4.42764
-0.272993
-4.99175
-0.969348
-1.4804
-0.366808
2.07277
1.29572
0.0488887
-0.823679
2.00994
-0.229533
-1.34474
1.52004
0.470026
1.13917
0.238632
-0.889733
-1.1567
0.967859
0.315112
-2.39444
3.21197
-1.75465
-0.528776
2.82334
-2.88789
-1.0569
0.688166
1.07838
1.68531
0.16741
0.520051
0.261035
1.03055
-0.0264582
-1.9351
1.83235
4.48396
-2.27576
-0.656673
-3.49149
-2.86634
5.99448
1.96679
-0.784485
2.51107
-4.17757
-0.507884
0.895982
-1.7282
1.48326
7.52537
-0.320814
-0.624097
0.00616655
7.1944
-1.65494
-0.471755
2.21708
1.89481
-4.36364
2.49254
3.49756
1.86578
-0.72692
0.693214
2.96846
-0.985562
-0.200218
-1.00232
-2.20491
-2.47675
-0.272317
-0.474423
2.83021
3.70385
0.993095
1.30958
-3.23584
1.77966
-1.32674
0.759094
-0.836578
-1.4416
2.62091
-0.611058
0.979805
-2.42997
2.73771
5.00236
0.577377
-0.624227
-1.72604
-3.897
-0.578691
-0.822312
-1.67278
-4.00313
2.36606
-4.47665
-0.518321
-0.311016
1.11966
6.11697
0.813128
3.6976
-3.36529
-3.25198
-1.16065
-4.04259
-2.59419
-0.310118
2.30335
-0.743577
-2.92658
-4.96098
-2.76428
0.0780228
-2.59241
1.18342
-1.14782
-2.91938
-0.241831
1.71497
-1.79845
5.55157
0.553923
-3.327
-0.894549
0.540336
-0.865392
1.32828
3.18206
-3.45563
1.86632
3.53566
-3.06954
-1.98382
-2.62228
-1.48816
-0.803529
3.28962
-4.14776
0.123536
-1.28066
-2.75898
-1.05829
1.46724
-1.72585
-4.2467
-1.17848
-0.813584
1.32317
-0.260795
1.15318
-1.89018
-3.05042
-0.97357
-3.04597
2.00454
-1.05471
1.79573
1.27446
-0.0868457
0.759532
0.587054
-0.974761
-6.12584
-0.643463
0.309226
0.827725
-2.98734
6.90208
-3.85278
0.0471507
-0.59173
0.156247
-0.726358
2.32144
-1.95198
-3.14527
1.20641
1.20624
-0.916174
1.16136
1.77372
0.927949
-2.32413
5.30622
0.23608
-1.25894
-0.447617
-2.102
0.0386286
0.799507
0.0871228
-7.65052
2.0215
3.39153
-2.65405
1.50515
2.10598
-1.94696
0.851647
1.59314
0.195553
1.23869
-2.08015
-1.21238
-1.58327
3.07002
-1.36391
3.63574
-1.61945
-2.70136
-0.207177
2.02717
3.89434
-4.12756
-2.19932
-0.14293
3.2579
1.7951
0.405712
-2.14396
-0.65086
0.304958
-3.70995
-2.25831
2.33027
1.22933
0.965088
-1.32313
2.59384
-1.34772
3.37241
-0.835438
-2.23091
-0.359376
2.83062
3.4259
2.31022
1.20609
1.58205
-0.404594
1.60811
1.18841
-1.33146
0.694723
0.327615
0.238851
4.70563
-3.60564
-2.21701
-0.0757083
-1.51134
4.47199
-1.45981
1.17753
-1.19004
2.58362
-4.48058
0.453409
1.01264
-1.61608
-3.8162
-0.425489
-4.33644
-1.91398
-2.86895
2.40746
1.22546
0.305415
-0.927168
-1.92868
-2.83899
-2.47017
2.51656
-5.01839
5.62417
-1.8738
-2.20021
-0.117005
1.60392
3.41685
-0.935824
-1.42928
1.01248
2.78908
1.03361
0.493691
-1.99382
-0.252352
1.35284
-0.93864
1.98335
2.05661
-2.14258
0.916444
0.596414
1.75296
0.493517
-3.26255
3.39506
0.0547773
1.42262
0.151947
-0.448603
-3.13534
0.0526761
4.0269
1.75679
0.207639
1.60345
5.59968
0.819202
-3.42209
0.228294
0.173108
-0.708904
-1.77983
-1.48107
-0.125502
0.0253927
-0.716841
-2.13112
0.612641
-0.757523
-0.790527
-1.11902
0.172879
4.60768
1.82251
1.20795
-0.943672
-1.98125
-0.781212
2.63934
0.271745
2.30906
0.0620233
-0.368675
1.15499
-2.71524
-1.07562
0.269419
-3.34884
-4.75841
3.8285
1.77597
-0.199838
-3.16116
-1.96555
-1.07694
2.52915
-0.940369
-0.297044
-0.352353
-3.52989
-0.0507574
-0.370148
1.83441
1.60722
1.14037
0.40493
3.09237
-5.2052
1.416
-1.21498
-2.26841
-3.65737
-0.201703
-2.83923
-1.48718
1.89022
0.560583
-3.16997
-0.922774
-0.922895
2.60088
-0.408494
-0.637399
1.53451
-7.3266
0.356709
0.477941
-2.69518
2.966
-2.85972
-2.76585
-2.26761
0.277967
3.59975
-0.899775
1.7127
2.34971
-0.251271
-1.28607
-1.17482
-0.75815
1.28836
0.949256
4.15588
4.34416
-1.85951
-2.34448
-0.0859446
-3.34238
-0.274449
0.505057
0.199684
0.418601
1.0521
1.5237
-0.957412
-0.794397
0.574815
-0.51645
0.339437
-1.43671
0.554074
-7.25835
-0.966485
0.634843
0.634436
-1.5221
-3.3491
-0.501823
-0.12972
3.67396
0.0940068
-0.0522501
0.675622
-0.658225
0.401441
-0.381088
-3.80682
2.84943
7.84723
-4.20734
-0.234125
-1.6214
0.691544
0.357687
0.170682
-0.296746
0.2685
-1.24944
0.0939128
-0.0348002
3.30734
-4.22725
4.18913
0.904744
-2.65525
-0.726783
-0.644527
1.84363
0.563803
-1.07134
0.147154
1.13093
-1.63222
3.71099
-0.421601
2.21468
0.39151
-4.59105
-4.5679
-0.922813
0.746512
-1.67657
1.50241
-1.98455
2.61714
-0.254431
3.41337
-2.50622
1.29158
4.57966
3.70783
-0.450627
-1.57728
6.13309
-0.657731
2.80134
4.31888
-1.14626
1.08027
2.17621
3.31813
2.24996
-2.8123
1.20323
-1.01118
-2.61838
1.71476
-1.80883
2.94605
3.90678
5.16041
0.263167
1.68287
5.34759
1.22001
-0.0848646
-3.65278
5.41412
0.787705
1.065
-0.876492
-0.349892
2.09515
-6.89969
-3.19973
-0.989077
0.928511
2.10178
-0.87615
-3.95359
0.0234763
2.96436
-0.682444
-2.36457
1.85408
-1.37455
-1.21752
3.66139
-1.13232
-7.08549
-1.90974
7.75143
-0.12273
2.31881
2.22762
1.516
0.896961
-0.16049
-0.238369
0.131382
0.693179
-1.40348
-0.398935
-1.01787
-5.90212
-3.60644
5.95071
-1.81243
0.789038
-0.149309
-2.4283
-0.679945
0.322342
2.5501
4.27811
-1.76196
-0.918187
-0.78479
1.34123
-4.84271
2.11284
0.647147
-1.12549
0.266755
-2.79104
-1.87116
-2.36904
1.17271
1.5399
2.15953
-2.26362
-1.74239
-1.50942
0.690109
-1.246
-0.0334808
0.449174
-0.602543
2.5721
-0.456826
-1.85323
1.10293
1.01558
-2.58275
-3.72464
-0.0891741
0.428139
1.26856
-3.09733
-1.16617
-2.00242
1.54237
1.54521
0.279736
0.925329
-1.80621
-0.817413
-2.78568
-2.972
-4.42604
0.630413
-1.79607
2.17892
0.599688
-4.02045
1.53391
1.38786
0.717325
-4.24545
-2.1738
0.48451
1.31182
0.0294812
-2.35776
1.11667
-1.66776
1.21198
0.194043
0.271216
-3.42643
1.50296
3.97337
0.706712
-1.44116
1.18163
-3.15156
-2.4085
-0.874781
4.12225
2.6428
2.91094
-2.26509
-0.656849
-0.925854
-1.14092
-1.80683
1.99307
5.88096
4.00073
-1.99986
-0.0385124
0.397233
-3.32873
0.253954
0.757779
2.31563
-1.72343
-0.270855
-0.354744
1.96743
-4.482
2.55458
-3.27344
2.6423
-0.181019
-2.11556
2.1145
-1.27746
-2.57991
-2.42467
0.386758
-1.86707
-2.67724
0.999061
1.14208
-3.62241
1.71251
2.06678
-3.93662
-1.61156
0.0405712
1.85403
-1.4008
-1.53587
-2.18139
-1.05859
2.86179
-1.51993
4.62576
1.79755
1.90313
-1.18176
-0.458865
1.27097
2.08272
0.230138
2.6559
-1.87986
0.694123
-1.02778
-1.2744
-4.60554
-2.30118
-1.42845
1.13168
0.657514
1.18659
2.52199
2.90217
-1.82754
0.453918
-1.60176
0.681387
3.61789
0.154595
1.83528
4.19983
-1.47224
4.66504
0.75638
-0.717597
3.37022
-4.76637
0.984827
5.18688
-2.34677
4.00081
-2.16658
2.43397
-0.839651
2.09966
0.962003
2.15909
-1.37444
1.52918
3.31685
2.4028
1.21216
-0.68211
2.31921
-0.809353
0.725147
-1.13158
2.29352
-3.78707
-0.179432
-3.43486
-1.25547
0.640453
2.60341
-4.35697
-0.751299
-3.23648
10.5697
-1.57606
-0.0134915
0.945351
0.870201
-2.53864
-1.86084
-0.341207
3.40716
2.26148
0.36327
0.0410197
-0.92521
1.35216
0.376308
-2.35266
-0.201275
4.48004
-0.368526
-0.241832
-0.63714
4.67727
-1.16925
1.22125
-0.943663
4.52713
-1.49515
4.44001
-0.0648357
0.106406
0.562819
0.0206118
1.78644
-1.72076
0.799219
1.38928
-2.86806
2.11861
-4.55547
1.36003
-0.243455
4.14494
2.18802
3.14177
2.59666
-2.73878
-1.20379
0.892638
-0.466237
6.38672
-0.13125
-2.76224
4.47165
0.161607
-5.17082
-11.731
3.21239
0.182963
-1.12111
-4.78027
-1.31846
-4.09707
-2.93924
-4.31108
1.73057
3.28748
2.60257
-2.18721
0.743863
-1.56905
0.557639
8.60213
-2.00307
1.10043
0.490853
0.860645
-0.254815
-3.0116
-0.435736
-4.18965
0.90324
1.05733
-1.10368
1.61914
-0.218651
-2.95191
-0.0827353
1.53108
3.32253
2.12962
5.55205
-1.32244
-4.82374
-0.454884
0.928962
0.813834
0.128668
-0.434252
1.5771
-1.32035
-3.23977
-2.44554
2.94367
0.273915
-2.22341
2.27163
-5.79623
1.71015
-1.38772
1.78378
1.21257
0.388148
-2.33728
1.10551
-0.497328
-2.60872
2.12491
-4.83192
-1.71468
-0.31594
-0.508634
0.770572
-0.726505
-3.66661
0.979777
1.44639
1.2929
1.47346
2.8866
-0.00505504
-0.234722
2.04581
-5.21485
3.48629
-0.854815
6.57308
-0.213756
-0.541101
0.894882
3.46215
-1.96394
1.71683
2.14711
-3.54225
5.73722
-1.48368
0.584578
1.98588
-3.1767
1.10781
-0.615976
1.93129
1.2551
-1.12929
1.35818
4.66617
-1.58072
2.65998
0.0142659
3.7149
0.0621116
0.522798
-1.62912
4.22623
-0.596583
-0.0022812
0.820217
1.15591
1.70678
-4.02019
-0.176501
3.88956
-1.98026
-0.300653
3.06959
1.97431
-5.11107
-0.202173
1.21916
8.67376
0.53955
-0.998687
-3.14556
0.913764
-0.10936
-1.05469
1.42123
-3.91548
-1.81338
5.96765
-1.02908
0.0472171
3.72511
-3.43031
-3.29389
0.803961
-3.89503
-5.88856
3.57288
1.74714
-0.17947
1.52755
-0.963627
2.64189
3.02745
-3.37606
-2.11466
0.997244
4.00192
4.54773
-1.06579
-2.77974
3.89598
-0.428067
-2.98341
-0.20525
3.12293
-0.767524
2.73344
1.57227
-4.4234
-1.4075
-1.90674
3.02645
0.434095
1.12335
-2.27147
3.92812
-0.562172
-3.50394
3.36697
-1.1905
-3.98829
0.90189
0.32304
0.5868
-5.19458
3.78913
0.759211
2.5078
0.783693
-1.01585
-0.819578
2.12082
-3.75781
-3.58222
2.17832
-0.557549
-0.0515818
-0.113207
1.51539
3.97142
2.61588
2.03673
-0.469147
2.84897
1.54964
-0.267604
-4.25454
-0.736759
-0.0432525
-1.14068
-2.08699
-1.39463
-0.684514
-0.454859
0.257345
2.0938
4.64942
-5.11364
-0.585502
4.35677
0.689506
-4.27991
0.377671
-3.59055
-2.04149
-1.3978
1.86414
-1.35075
4.51591
-0.97966
-0.19631
1.80769
3.12404
-3.30084
-4.61377
3.09281
0.307784
-1.39367
1.62921
-3.1101
-3.76044
-1.1197
1.1059
-3.01778
-0.0439198
1.84233
1.38508
-0.89373
-1.70945
-0.885754
-0.546583
-0.0410711
0.207994
0.47092
2.82546
4.10546
-1.34989
0.123658
2.34319
-0.314516
2.11868
3.68756
-0.0436416
-1.74538
1.10571
-0.0123513
0.154432
0.668853
-2.20123
0.348643
1.63471
-0.769087
0.496231
0.0046998
0.538988
1.20979
0.212621
-3.55595
-2.20756
3.59789
0.675273
-1.80325
1.05903
-0.716435
-1.41558
-0.789909
0.52403
4.21085
-0.244338
1.15289
0.355949
-0.917103
3.03113
0.341126
2.8296
-0.395404
1.14559
-3.98751
1.96369
-0.786499
0.381697
-4.74466
1.06688
4.6585
-1.73713
1.42023
4.55419
-0.824119
-4.5273
2.14482
0.977212
5.71085
-0.000179682
-4.41133
-1.42816
-0.569121
3.09112
-0.773988
1.33923
-2.57457
0.224574
0.319896
-3.79124
-0.451221
0.605007
-2.31309
-3.56824
2.62266
2.31359
-1.01044
1.12832
1.49454
-0.297824
0.563968
1.62671
-1.99923
-1.68959
-0.990399
1.94855
-1.17746
4.0263
-3.55067
0.995865
3.84618
0.1775
-3.49874
-2.08507
-0.37354
1.99501
-0.270618
-1.18693
1.18821
2.86626
2.05048
1.48656
3.15519
2.52691
2.62628
-0.183143
-0.107951
1.83553
-1.95504
1.54387
3.57886
-2.43395
-0.358942
-0.20249
1.27127
1.4503
-2.56136
-0.070888
4.69701
-3.11906
-4.52373
0.344752
2.09346
0.217894
-1.28217
-0.182359
2.11934
1.50371
2.65698
-1.26653
1.50441
1.29461
-2.51402
1.18456
0.943326
-4.74431
-3.99425
-2.7428
0.182821
-1.36786
2.18681
2.2302
3.73117
1.24379
-1.63793
2.35382
1.09437
4.00115
1.18316
0.456715
-1.10169
2.63011
1.42935
-1.58876
-0.166702
-1.35248
-4.85902
0.16343
-1.15972
2.01339
-0.0691031
-0.686869
-15.5126
1.75207
-4.03703
1.40031
1.1047
0.105219
0.354492
3.98277
1.36829
0.822701
-0.794844
1.21422
-1.13949
-4.46866
-5.07072
1.22352
-2.76116
4.6148
1.69563
0.479752
-5.20278
-2.319
0.788141
-3.49548
-5.95681
0.539858
-2.11359
0.153083
1.10278
1.3006
-0.112506
-0.926069
0.223117
4.17521
-0.703065
1.59074
6.07287
0.421289
-1.47224
1.36653
5.22253
0.217139
-5.7366
0.302319
-7.76663
2.8306
2.56032
5.82789
3.47577
1.26212
5.37409
0.40031
-1.91545
5.30542
-7.71004
1.9955
-0.312807
-0.309113
-1.99587
1.38804
0.699825
2.95986
0.605351
-0.603039
0.471784
0.192858
-2.50935
-0.722934
-1.4737
-3.40168
-2.1778
-3.42185
0.819538
-0.61758
2.32641
-2.07154
0.28397
-0.261974
-0.554558
3.3341
6.78357
-0.719937
-3.13314
-4.10877
-0.362754
-1.04905
0.739073
-1.18853
0.00740711
-2.0259
-2.00854
1.52162
-0.491924
0.942029
3.29051
-1.08316
-4.62597
-1.69754
-8.52994
-2.09487
2.34777
-0.253867
-3.20138
-2.58012
-2.16159
2.35528
0.799771
-0.201507
0.802244
0.320683
0.697649
-0.918404
-5.09334
-0.695572
-3.94788
-1.58212
1.62738
-0.44219
-0.223558
2.3843
4.0984
-4.18876
-0.728427
4.9976
-3.30442
-0.718924
-1.55834
2.14568
-0.606347
-3.08628
3.18525
2.40405
-0.602562
0.639719
-1.69171
0.741242
2.83023
2.30839
-0.339571
3.99286
-3.09134
0.943734
3.95466
0.143304
1.25697
-0.167819
1.16429
-1.81338
0.113381
-3.40455
0.716495
1.44881
5.73155
-4.15227
-3.20491
4.31614
1.98553
-3.95621
2.89218
0.778613
0.145201
-0.156669
-2.02166
3.45646
1.83354
1.47625
-0.357433
2.04228
-0.331116
-0.623149
-0.0693327
-2.34478
1.83487
-4.71366
-1.82041
-4.9752
-1.18302
3.71128
0.395501
-1.69852
-2.41785
4.92305
1.33041
-2.95505
2.90398
-2.33022
0.178829
3.32708
-6.01158
2.42505
0.60691
1.49294
1.41113
-1.03074
0.262974
2.47838
-1.47545
-2.3359
0.111446
0.428181
3.56696
0.521377
4.88598
-0.621111
-1.19938
8.86587
-3.74463
-1.33641
0.48588
3.75863
-4.44028
-1.84665
2.58102
-0.272673
0.479459
-0.368145
2.15374
-1.65338
-1.28617
0.425956
1.53781
-2.04496
-6.89094
1.81941
0.516167
-0.0834052
2.8552
-1.67773
3.26899
-1.78689
0.4085
1.60746
3.29774
0.576407
-0.534751
1.18989
-3.27538
-1.03169
-4.41736
0.167211
-0.198267
0.230217
-1.16622
1.5681
5.02149
7.88149
-5.82362
3.42266
1.47238
0.531752
-2.17792
3.94317
2.6887
3.70929
0.329024
-1.29759
0.707336
-4.80072
1.65259
-2.96848
-1.16867
-2.36429
0.353656
0.413782
1.90094
1.84253
-1.6365
3.79607
1.30709
1.72276
1.57039
-0.211531
0.266503
-5.37413
2.04016
-7.8376
-0.492829
2.4706
-1.06526
2.11851
-2.67753
2.4761
1.20032
1.5234
-1.41732
-1.41612
-0.13096
3.26333
-0.293577
1.31622
-0.851517
3.0239
3.01616
-5.40889
-0.742766
-0.820403
-0.376063
5.50663
0.108934
0.844248
-4.60995
2.82649
4.99081
0.125869
4.49456
-2.73231
-1.22885
1.24634
-0.874189
-2.15592
6.47924
3.50539
-1.21519
-1.501
0.569588
-2.78208
2.1974
-3.86037
-2.28185
-2.86815
-1.4691
-0.564875
-1.53252
1.41783
-1.26822
-1.63784
-3.39886
-0.158603
-0.742703
-0.153313
-3.95665
0.338434
-0.221785
-0.779116
-0.361782
-0.39971
1.75322
-3.90578
-3.32959
1.2738
1.50776
-0.80655
-0.944438
-3.02417
1.53419
0.443191
-0.553454
-2.58097
-0.891403
-3.47667
0.0952144
0.504943
-2.38429
-2.81926
1.45384
1.69118
4.44195
2.20324
2.79944
-5.1028
-0.163118
1.05708
0.373013
-0.877713
4.30981
6.00733
2.84067
-0.388245
-3.2233
8.92624
2.45464
-1.6763
0.507841
-2.50574
-1.13317
0.823685
-1.53336
1.41164
2.24155
-2.10441
1.60535
2.8855
-2.22754
-0.426738
-0.600482
-1.5236
-4.15345
-1.89068
0.837782
-1.05307
0.607229
2.06154
-3.30978
4.50917
2.06409
-1.61439
0.591008
0.73313
-0.733748
-4.35935
-1.08021
-1.86354
2.46454
2.34195
3.31056
6.53191
-3.42857
0.7785
1.68429
-1.84899
-3.88443
-4.23765
-1.74704
3.94505
0.829954
1.05687
-4.52529
1.79662
-1.73242
-3.59397
0.993591
3.36289
-3.27471
-1.62519
-4.62942
-0.893446
2.08344
0.96555
-2.17298
1.99461
-1.26539
-1.17237
1.3077
0.368364
0.844873
-0.459366
3.78456
0.364271
-1.89509
4.72051
-2.46601
-1.29427
-1.60723
-0.525493
5.04069
1.24305
-0.179095
-1.84911
-2.85242
-0.166378
0.804121
5.09043
0.633053
-0.429094
-5.57947
0.775301
2.6504
-5.129
-1.43252
-0.327308
3.15711
-5.11705
-0.510771
1.35707
2.80336
-1.76471
-3.64714
1.02397
-0.558355
1.02424
-2.28315
-2.31468
-0.295798
-2.15634
-3.8063
0.0210752
-1.28985
1.15877
-4.01931
1.32663
-0.35614
-0.611908
1.55513
4.52657
-0.463332
1.46085
1.97552
-2.67434
-1.33315
-0.598754
1.8456
-1.79781
1.94434
-3.09106
-0.49862
-1.19852
-3.3399
2.54533
0.542816
-2.04719
1.55771
7.78841
-0.896183
2.13112
-0.608871
-0.455684
1.33438
1.89086
0.273544
6.69741
2.47238
-1.79107
-1.04244
-0.135081
-1.59429
-1.80518
-0.209158
-2.05259
1.28566
0.854911
0.510511
0.109977
3.18806
0.0169064
0.167769
3.30064
-0.235448
2.52748
2.64722
2.22162
-0.448023
3.48923
-2.56515
1.25649
1.07295
0.631579
0.331606
2.10862
-0.601456
3.98305
6.3752
2.78358
-1.85696
-0.205604
1.53219
1.01141
-4.3111
-2.85557
3.28857
-0.802118
2.50473
-3.4257
-1.40979
2.88622
-1.92232
-1.40482
-0.527604
-1.42061
4.45549
1.22326
0.203464
3.70383
-5.59092
1.21438
1.32636
1.51839
2.63861
-0.0732581
0.531363
2.53033
4.03861
-6.13259
-0.0609684
-1.45249
-1.12317
1.66924
-0.468501
3.4709
0.407127
0.86274
1.40312
-3.78716
-5.51831
3.46542
0.737222
0.516207
-7.60274
1.72125
-3.17609
0.0633323
-0.78046
-2.47373
-0.236034
-2.30424
0.398181
1.61156
1.64627
0.614498
-3.61542
0.261994
-1.30596
-1.44163
2.64383
-1.24658
4.96799
-5.26764
0.596542
-0.775706
2.2317
-3.91354
-4.71162
-0.571827
1.30062
1.52317
-0.872543
-2.93205
1.54934
-5.37549
1.95378
-3.2294
1.78398
-2.97092
1.55398
-0.455658
0.129712
2.26434
-0.592719
5.22652
2.41959
-3.1167
-2.81075
-0.233308
1.59736
-0.708239
2.35242
-0.830437
1.59257
0.557715
4.61297
2.28512
-0.319291
-2.0476
-0.295713
3.07979
-1.13795
2.22011
0.356762
3.11197
1.97198
-0.177548
2.40991
-1.32973
-1.97177
0.718851
3.46696
-1.65151
-2.24034
0.0305433
5.34497
-0.555853
-0.444602
5.03334
-1.16816
-1.45486
3.06903
-0.530941
1.38211
0.0217764
1.72014
-0.123395
3.82565
0.765256
-1.50596
0.611167
1.98852
1.19175
-1.51893
-1.66689
-1.71839
-0.488902
-0.837221
1.83464
-0.527445
-0.55867
-8.16198
-3.7716
0.194715
-2.08259
2.36783
-0.795459
-5.70174
-1.67374
1.91121
-1.88496
2.67591
1.10627
1.56842
-5.27265
0.271558
-1.787
3.1523
0.318339
-0.803673
2.90375
-4.9289
2.81044
0.661496
0.274537
-0.562435
0.763545
2.23533
-0.169928
-0.374009
-1.35682
0.791833
2.59755
1.55316
1.61484
1.13976
-0.489188
0.234692
3.33443
-0.972981
0.0104605
2.27765
3.09839
-1.75337
0.83217
-3.68736
-0.31431
-0.370454
-2.50188
2.297
-0.613769
-3.90141
0.565066
-1.52543
0.362198
4.39871
9.30207
-1.55838
-2.69732
-4.08271
-1.30573
0.328438
1.64224
1.49201
-1.17095
0.782126
0.255579
0.415353
-1.72143
-1.95616
-1.6226
-2.23724
3.70677
2.58048
-0.589855
-0.329679
-4.23539
1.78411
-3.06061
1.46111
-1.25525
-2.37698
0.232812
-6.85164
-0.046905
1.40715
1.00589
-0.599512
0.0845577
0.742496
-2.27726
-0.0578635
-3.61075
-3.59548
3.26493
-0.722788
-0.689998
0.375187
-1.69233
-1.73108
1.0457
2.43352
-0.578345
-3.62916
-1.55202
3.88564
0.997786
1.81234
2.14021
3.49453
0.309603
4.39295
-0.718734
0.694469
-3.51603
2.52434
1.34832
-1.23056
2.55049
0.0340953
2.05145
-1.56637
4.03577
-0.590623
-1.41234
-1.84151
-0.645349
1.40871
-1.76518
1.17978
0.24633
-3.31001
2.91825
2.11084
-1.48956
0.112458
-0.0447625
2.8323
0.370027
-0.832632
2.98044
-0.290228
-2.7933
1.24207
-5.1928
-6.2416
-0.0537442
0.816947
-2.71301
-0.112564
-4.12125
-0.902318
1.23465
-1.02643
1.19555
0.00893092
1.81733
0.878366
-1.41354
0.45655
-7.22869
2.50491
0.352995
-1.03029
-1.67751
-0.434409
3.15925
2.29381
1.04908
0.849517
-0.533455
-1.61378
-3.56628
-2.19104
-3.61812
0.514271
2.33838
1.93769
-2.74416
0.791347
-2.78931
4.40105
-1.514
-0.965764
3.43176
-2.12441
0.882701
-2.87106
-1.89032
-1.48589
0.179942
2.8911
-1.16082
-0.508032
4.49477
-0.429839
2.29456
1.50809
-1.27327
-2.00563
0.945392
-1.58805
-3.85347
0.1407
1.94079
1.13953
-0.754651
0.385058
2.16588
1.83529
5.56689
-0.173453
0.166767
-4.18089
-4.3721
2.13171
2.36627
-3.74349
-2.71955
0.0758021
1.35839
-0.96054
-1.86599
-3.8752
2.41867
-1.21831
0.21371
3.1237
0.66283
3.0137
-5.75517
-0.524854
1.02902
-2.11189
4.60382
2.12794
-1.57249
-4.43695
1.08446
1.75241
0.845137
2.36242
-0.547155
-2.43154
-0.273631
-2.62035
-1.57789
-2.0045
-0.691214
1.99373
0.41111
-3.71449
-1.498
-5.38344
-2.07959
-0.724232
-2.22995
-0.151975
4.74571
0.406515
-8.68285
-3.87145
-2.51618
-0.607471
-2.15107
-1.73182
-0.101479
-2.63847
1.16201
0.215918
-4.11779
0.31883
4.21316
1.20447
-4.07045
-0.955338
-4.26777
0.499757
-0.783781
2.45789
-2.26289
2.11609
2.48826
-2.00479
2.85672
-2.72992
-0.927285
-1.45216
1.66135
-2.84671
-0.598411
-2.57292
2.38745
7.10334
1.70455
4.18615
-2.09305
2.67366
-2.56275
1.84406
-0.946249
6.51574
2.31089
-0.428528
-0.292325
0.503904
2.76284
0.495436
1.40979
-0.678818
-1.70655
-2.18586
4.99338
2.61431
1.54615
4.98088
0.493956
-1.95914
0.845841
-0.486633
-3.26617
-0.265737
3.68318
-0.759171
-5.20907
0.929722
2.81756
-5.7899
1.03833
5.49669
-1.84539
3.87584
1.99597
-3.17657
-2.81313
2.17981
1.77036
-1.47915
2.21954
-0.12232
-2.63608
2.53883
-0.39595
1.51413
-2.32918
2.07533
-1.24774
1.57149
1.44331
-4.45896
-0.339295
-2.5595
-2.51988
-1.56782
1.189
-3.4245
0.0129622
-3.07052
0.615964
3.89656
1.54807
-1.08254
-1.04806
0.963974
-1.71019
0.583846
-1.49429
-0.593745
1.00167
2.43348
1.899
0.567119
-1.92933
5.01969
-0.532596
-1.54729
0.166056
0.810701
-1.90459
1.83755
-1.17021
-0.205434
1.90944
-0.789067
0.18122
-1.44583
1.33574
3.42864
4.80755
1.51893
3.24212
1.83254
2.86992
0.107726
-0.586613
3.04175
-0.885951
4.70629
-1.45125
0.395508
-4.13747
-1.43011
0.163678
2.87714
-1.37557
-2.43588
-0.153827
-4.24969
-3.6013
3.84696
2.22649
0.666097
-1.86765
1.54385
-2.03829
1.16945
-0.732551
-1.17412
0.844498
-2.23495
1.19159
-1.69894
-1.77586
-1.17682
-0.900348
2.99236
0.522269
2.23243
0.726393
-0.50983
-2.42712
0.506372
-0.676517
0.111736
-0.690854
-3.33441
0.83106
1.91725
-0.2619
0.46614
-0.0391081
0.960236
-0.663684
-3.63541
-0.108476
-2.01707
-0.45646
-2.01135
-0.2609
0.724569
1.71909
-0.164722
0.223208
-1.60022
0.165944
-1.54422
0.948262
-2.22453
-0.0119494
-0.412537
2.04109
1.08905
2.04973
3.77265
5.42354
-2.02558
2.44767
-1.03752
0.351904
-1.50091
-2.3976
-0.0669797
-0.513297
2.20924
3.53631
-0.432284
-4.31096
3.69288
-0.584356
0.669641
-0.903607
0.71052
-0.22778
1.69973
-1.05053
2.59344
3.89139
5.31516
2.62894
-1.14983
-0.319187
-0.612563
-5.27741
1.17815
1.16555
2.80182
1.46234
0.21556
-0.822092
-5.53158
0.644261
-3.54377
-6.29449
-2.84348
1.21837
0.630468
-2.68001
0.727557
-0.585503
0.906204
-0.892216
1.29216
-1.71249
-3.6265
-0.512971
-4.51982
-1.42178
1.86239
-0.641179
3.18504
1.01395
-3.59399
-0.972317
-0.173596
-0.543969
-2.33774
-0.686698
-0.218792
3.90688
-1.69981
2.5931
1.28033
-0.970076
-1.29725
-3.81104
-1.61364
1.01265
8.34604
0.538052
-2.49918
0.342841
1.13383
-0.0835825
-1.52281
0.407921
1.44421
0.00476366
3.09708
0.029586
-1.40269
1.6699
1.54833
0.249244
-1.8499
-2.95481
-2.34525
-2.63186
1.1095
0.912844
0.717229
-0.484297
-0.546341
1.44897
-1.4712
0.727674
3.01481
-1.39275
4.08843
0.598698
1.5157
1.80281
-6.40641
3.3013
-1.85053
-0.643701
0.490412
-0.725926
0.652923
0.53052
0.35686
0.582124
1.03793
-0.186906
0.894375
-4.99703
-0.537085
4.9079
-2.62691
-2.5634
-0.856985
-0.431985
-0.915818
-0.638903
-1.33696
-0.998858
-1.61451
-2.39801
-0.415801
0.892128
-2.15422
1.1046
0.629126
-3.2138
-1.07288
-0.935733
-2.17612
-3.47817
1.13419
1.83509
-1.14368
-1.95949
0.885237
-2.75677
0.109553
-2.07364
-0.142269
-1.17619
2.03866
1.0198
-1.92025
-0.706698
-0.438596
-1.47195
3.26461
0.341626
-1.8467
-1.83609
0.143163
1.3626
0.60963
0.75213
-1.86351
-1.7484
1.43564
-1.12979
4.16248
3.82923
0.208765
3.7376
2.13804
0.814107
-2.2994
-2.40861
-0.291441
3.29536
-1.03297
0.290424
-4.08356
-0.616842
3.1629
-1.12712
0.991815
-0.368059
1.35247
1.97095
-1.28517
-3.96835
3.31881
0.520868
-0.370776
0.780493
-0.422734
5.50479
0.110046
0.543655
3.72258
1.77262
1.31664
0.518534
2.30459
-1.92759
4.19061
-0.20742
0.847915
-1.91945
0.477381
3.55768
2.22168
2.91183
3.03539
3.45664
-2.49887
-1.7462
1.54879
0.520272
2.86315
-5.46248
-3.72511
-1.98752
0.17999
-1.12176
0.175703
2.87367
-1.4241
-1.91563
-1.14543
-2.76828
-0.986879
-0.225912
-1.64713
0.214636
0.858771
-0.459423
4.41915
4.09772
0.36533
1.42368
1.52616
1.36592
0.449606
-2.85493
5.99057
1.53854
0.918413
-4.36645
0.115714
-0.190633
-2.54176
-1.86948
2.03121
3.17013
2.12083
-1.21973
-1.18701
-0.100919
-2.40877
-4.80956
2.00805
-1.89417
0.554571
-0.780647
1.2011
0.624233
-4.86858
-3.69868
-3.65083
-1.48471
-2.9513
-2.01305
1.52885
0.493205
-2.06191
-1.51913
-2.55882
-3.26386
0.51007
-1.08099
-0.458802
-2.13427
6.34214
-0.466721
0.56643
-0.834741
0.586768
8.17304
2.39098
-0.803707
0.648695
1.72832
0.685482
-0.157923
1.69035
0.777136
-0.0648481
-1.33244
2.54858
-4.54114
4.51285
1.21634
1.65723
-1.04044
-1.87814
-0.395764
1.45678
-1.81518
-1.76246
-0.701471
1.71138
-0.310191
5.43209
-1.9031
-3.37753
2.9016
-0.106609
-3.05706
2.9062
-3.91551
1.1106
0.881941
0.786042
1.35156
-2.80141
-0.289359
-2.21648
0.0905931
-0.0106715
1.57303
-2.98647
1.6383
-2.27526
0.672474
1.34578
-5.15666
0.0976055
-1.2255
4.02984
0.529991
-5.56602
0.364285
-0.310614
1.116
-0.0163827
-1.23347
-0.487706
-3.06551
2.12806
0.217218
7.76767
1.17258
1.17182
0.5326
-3.05518
0.276244
-0.980355
2.60523
2.24904
1.06673
-0.711181
-0.815984
-2.84871
1.97593
0.606737
-3.03825
1.12448
1.01147
0.0439881
5.32015
0.4597
5.1915
2.78929
-2.16312
0.556759
0.278623
-1.60616
1.0198
-2.7775
1.01271
2.14625
-1.92521
5.73413
-3.69197
0.473177
1.3508
3.29533
0.941992
2.13237
1.2953
2.61432
-0.403553
-3.1057
6.55659
-3.064
-3.9315
-0.103019
-2.18742
0.99759
-0.379971
0.110402
-3.57773
0.618371
-2.89702
1.24982
2.54229
-0.657107
0.269501
-1.95739
1.71062
-0.421747
0.778807
-1.74241
1.73812
5.18384
-0.322774
4.37943
3.16214
1.53868
-1.42294
4.22862
3.44005
-0.230974
-0.267709
1.73173
1.47032
-5.64698
3.6571
-0.956043
-1.68244
-0.834385
-2.3866
-0.00449833
5.72838
0.0496373
0.2282
1.65739
-2.3957
-1.19671
2.01855
-1.98852
-0.539056
0.541797
3.25714
0.852122
2.31513
-0.884017
0.931773
1.46161
0.6018
0.838656
-2.47453
-1.20056
-3.0014
-0.192312
0.221744
0.336021
7.15749
0.701896
0.53398
0.163403
-2.04843
0.816384
2.62634
3.91991
0.598319
-0.419039
-0.169106
-0.800331
-0.637271
5.91126
-2.46941
-1.36974
1.14259
-0.915961
-0.632908
-3.14681
-0.516844
-8.88024
1.74664
0.757475
0.449037
0.334954
0.594359
0.448001
-0.212486
3.49461
-0.372727
4.55863
-0.0989754
-0.84431
0.303688
0.389466
1.61093
-1.93374
-0.298614
2.17695
0.712568
3.2189
0.564751
0.939909
-1.26399
-1.78176
-1.06404
2.81245
1.59803
-2.20359
1.79697
-0.650105
0.868825
-2.35924
-1.79623
-0.130061
1.16705
-2.55472
-1.02136
1.61519
-0.954927
-0.0954922
3.91748
0.103854
-2.59975
-0.0369919
-1.12311
1.43054
-3.06731
1.74752
-0.9511
0.999461
-0.471323
-0.964105
-1.71951
-3.40157
-6.30014
1.12156
-1.75264
-0.0964504
-0.473091
1.58069
2.35156
-0.0727941
-0.491415
2.46143
0.786309
-4.05113
-4.38435
-0.639659
-0.384914
1.50955
2.51095
3.32179
-0.895208
1.51374
-0.0958295
1.20102
4.13069
1.83372
-0.695789
0.258799
-0.226105
0.120841
8.22409
-1.55139
-1.69528
4.08649
-1.03346
-1.69669
-0.403028
-0.949813
1.53282
-1.28233
-7.21852
2.65248
2.44664
0.635245
-1.10454
1.88293
3.26844
2.00081
2.41064
9.36633
1.2918
-0.718903
3.91856
1.63749
-0.809943
-2.52329
1.185
-0.107647
-0.745128
1.20568
-1.24418
0.370952
2.59893
-0.17231
0.893944
0.677334
-0.532361
1.2265
-0.218902
2.02969
0.0519551
0.487963
-4.25984
-1.22859
1.01367
-9.50456
-4.20044
-1.85972
-1.56518
2.37881
-7.83362
-1.12408
4.83597
-2.77471
10.2086
-0.517348
0.882316
2.33729
1.49027
-2.16899
0.658733
-2.37937
-3.86337
1.34354
1.7176
-1.26444
-1.41308
-0.755707
2.56491
1.67247
1.97712
2.96876
0.76111
0.516636
0.161933
3.43479
-0.144238
-1.64422
-4.3669
0.20734
1.48955
-2.59745
-0.0387869
0.944086
-1.50673
-4.70445
-7.48223
2.92197
-2.52673
3.20098
-1.67957
6.0088
1.70885
2.77605
-0.350268
0.365783
0.178451
-2.73252
-1.19058
2.16366
3.72494
-4.80279
1.9684
-6.61793
6.2036
-7.58485
0.60422
6.24289
-2.07049
3.15069
-1.93996
-1.74866
-5.78687
1.20025
0.0587566
1.3889
-0.538937
-1.52873
0.27059
-0.809095
0.491277
-5.38008
-1.00429
-0.766766
5.32209
2.02382
-1.28265
3.30289
-1.36798
0.351845
5.4244
-1.37715
-3.36239
-0.586368
0.409749
0.931624
0.209812
0.996964
1.52408
-5.32951
2.70044
-1.72873
-2.99603
-1.27289
0.946973
-0.0930459
-1.29994
-2.83845
-3.12085
1.33107
0.560232
-0.199803
-0.283722
0.103389
-1.18196
-1.0099
-3.24956
-0.128626
0.549968
-0.236383
1.49996
1.71377
1.09736
2.28113
-0.840263
0.504959
-8.76346
0.83243
1.16616
0.346782
-1.45833
-2.63064
0.800538
1.53674
1.46061
-1.46517
-1.57059
1.47531
-0.413998
1.0785
0.941154
-0.159529
-0.599069
0.366458
2.29756
-3.90711
1.95482
4.72305
0.0890905
1.34244
-5.94807
1.71295
-2.03008
-3.84311
-0.749244
0.39283
-0.361131
0.657309
1.53902
-0.346208
5.9008
-2.60789
1.93915
-2.41087
1.41575
1.42313
-0.0100742
2.85298
-2.94412
-3.05328
0.735158
2.84
-2.54747
-2.95979
-4.95379
-0.529059
-4.96184
-2.84152
-2.3153
-0.22209
-1.78763
1.46206
1.1918
0.241295
-1.73902
0.322507
0.118879
-2.38024
0.68831
1.45909
3.06603
0.703032
-1.20612
2.0916
0.872014
-3.79355
-2.0346
0.523037
-1.7906
-1.71907
-3.70509
-1.85065
-0.188302
-2.70845
-4.47846
-2.50696
2.61785
-1.78311
-3.24562
-3.46616
5.88113
-0.104869
1.79904
3.47795
2.60764
1.36339
4.499
-0.433893
4.22542
0.381578
-0.0955486
6.25354
-1.11819
-1.07671
-3.01252
5.35185
-1.81144
0.213659
-4.01306
-2.40998
-0.401247
-6.23409
-0.310493
-3.57573
-2.66303
2.06993
-2.33911
0.0799728
0.166172
4.68718
1.68546
-0.714179
-0.423856
3.40229
0.507876
-2.19156
2.46501
-3.30383
-0.908648
-0.609325
-5.59354
1.48497
1.33225
0.515048
-2.31819
-3.08705
1.13666
-3.26416
1.16162
-2.57016
3.81827
2.13522
3.22146
-1.94111
2.45665
-3.13095
-0.832911
-2.80712
-3.87582
2.42147
-1.63778
-5.12055
-1.66648
0.270099
1.33903
-2.88242
2.43607
0.365897
3.284
-2.24199
-1.16436
-2.28266
-1.22048
1.4718
-1.08409
-2.81786
2.79419
0.606362
-1.66636
0.557559
2.02774
-0.955501
-1.68599
0.452552
0.529087
-1.38667
0.128201
0.527026
5.20318
-1.32621
-1.21129
-1.77125
0.754117
1.72716
-0.7724
0.438575
-0.690466
-1.68501
1.22952
-3.11209
-3.55068
-0.33627
-4.40742
-2.04622
-4.61148
-1.15832
-0.645192
-6.38941
-1.26892
-1.12554
6.38
-0.689138
-1.86411
1.76847
-1.5356
-1.37267
2.41369
-1.23012
-0.55231
-1.05129
2.91365
0.482711
1.87292
2.50098
-1.11676
-0.583335
1.08175
-0.827266
-0.260539
0.955067
-1.69029
-1.53591
0.272008
-1.24395
1.40993
3.80032
-1.49839
-0.174881
-0.0681629
3.15816
4.16618
-3.72126
-0.583701
-2.07413
0.701062
2.62234
-3.11689
0.115099
2.14145
-1.00768
3.6899
-0.822169
0.630398
-1.20162
-0.176491
-2.31418
1.16358
-4.5835
0.290957
-1.6348
-2.42164
0.806132
1.67309
-3.90065
-0.133448
0.899779
0.422342
4.11947
-0.508438
-0.442923
-0.663329
0.682906
0.693943
0.551895
0.271973
1.82872
-0.828016
0.0994291
-0.690543
2.1953
-2.4478
-0.476056
1.92461
-1.93255
2.10242
-2.32775
2.42261
1.04669
0.713883
-0.413002
-2.66851
7.20481
1.51455
0.824006
-0.724752
2.62315
1.47038
1.2251
-4.09921
-1.53101
-3.32061
-1.83445
-1.33808
1.71659
4.85814
-1.13843
0.618907
-2.05916
-4.30703
2.49168
0.333184
-0.82449
-2.50419
0.541834
-0.125529
-2.32196
-3.92009
0.192068
0.976762
3.52882
-0.806943
-1.77568
-4.35796
1.92466
1.98396
-1.06022
0.237843
5.9607
-1.18397
1.16597
-0.429455
1.25236
2.72807
1.11001
-0.933924
1.53847
-1.36796
0.83346
1.82626
0.040545
-2.25695
0.544159
2.16239
0.932189
1.2024
-3.59524
-1.43679
-1.0102
1.4308
1.52732
-0.180661
-2.72131
-1.69514
-0.304766
3.16001
-1.39773
2.05846
-2.37718
0.520891
3.25994
-4.60645
-0.637369
-6.52233
-4.78207
-0.384094
1.30358
-1.51972
-1.12525
-3.79922
-0.244604
1.09306
-0.215823
1.20795
-1.11465
-2.01456
-1.27249
-1.67861
2.94573
-2.35347
4.11532
-0.210679
-0.449166
1.38277
4.27388
-0.245378
1.18085
-0.12382
1.04407
2.2074
3.61446
0.656101
0.104947
-1.46055
1.48942
0.471616
0.2177
9.01916
-1.88872
3.52098
-1.66992
-1.65903
0.629054
2.09694
-4.0587
-2.42539
1.33943
0.316651
-4.15119
1.92076
-0.244767
-3.18419
2.12639
1.70636
-0.299972
-1.21716
-0.585626
-5.61802
-0.139063
-4.45263
-0.755723
3.83653
-0.639848
-4.83567
-2.11143
1.4756
1.3454
1.90849
-0.538194
0.142035
-1.1942
0.743401
2.61758
0.749572
-2.68644
4.70927
-4.19035
0.0308311
0.95616
1.19755
-1.16821
-3.66714
-1.18418
1.59456
0.183388
4.73147
1.12947
1.50501
-1.77891
0.67996
1.08627
-0.624183
1.12385
-0.366176
-0.858859
2.78522
0.225415
-0.714685
3.65379
0.734228
-4.1568
0.70538
-1.50732
-0.951641
1.43397
3.86533
2.3679
1.50787
3.16677
-3.01105
5.95329
-1.59648
3.54934
0.51424
-0.56494
-2.22241
-1.85626
-1.66225
1.68583
2.67393
-2.62705
-4.68782
-3.43503
3.54582
0.923299
1.34429
-1.68453
-2.58095
0.763127
1.46636
1.19295
-2.50764
-1.41589
3.42132
3.37186
-1.53339
-0.879097
1.4377
-3.15311
0.759605
-0.345827
-0.490455
-1.12787
-0.82611
3.17489
0.449179
-3.63407
1.60819
-0.491565
-1.29952
-1.89873
4.65252
6.52718
-2.30765
0.207513
-2.02049
2.8827
1.5591
-0.359981
-1.24279
5.73763
4.45269
2.48024
0.0624534
2.68148
0.410728
-1.28592
-5.88065
1.57755
-0.688612
2.13537
-1.63783
2.75197
2.45654
-1.27911
1.17872
-2.29404
0.733901
-2.57107
0.319525
-1.04298
-5.56309
0.983396
-0.300836
-2.12488
-2.16968
1.55926
-0.698462
-0.0558645
-0.861187
-0.940732
-1.24889
5.06309
0.845985
1.36364
3.06999
-0.361683
-3.03838
0.526657
-5.51824
2.8478
1.59653
1.12133
-0.747115
-2.32287
1.98827
1.13006
-1.99772
-2.97039
-1.70716
-0.878018
3.9722
-4.75553
-0.0437944
0.0104801
1.99214
3.32964
0.163671
-1.65895
1.26863
2.17798
7.8302
-0.624644
-2.02909
1.9118
3.28854
-1.31323
-2.4495
-3.94168
-3.13612
0.976909
1.58793
-0.933011
0.155425
-2.0667
-2.56629
2.02153
0.874452
1.82088
2.85814
2.80987
-0.536528
-1.9322
-2.58071
1.06713
0.558309
-2.25648
2.42274
-4.01
5.20634
0.0704101
0.145388
3.79346
-0.242857
-1.161
3.45034
-2.17594
-1.61828
1.6759
-0.213343
0.723591
-1.18086
-0.0590565
0.152229
0.139046
-0.486409
-4.94512
1.18598
0.407282
3.97066
-0.732115
0.668105
2.20112
0.827091
7.92232
6.63123
2.32945
-1.36209
4.76277
0.641224
1.15374
0.335821
-0.0962777
1.25089
2.13306
-1.04974
0.455223
1.65956
-3.18998
-2.17479
-0.210922
-3.43559
-0.803934
3.69308
-3.38019
1.12782
5.64942
-0.506607
-3.11922
2.54922
-0.463712
0.940697
-1.20138
1.57184
1.9401
-2.33393
0.461062
0.652886
-0.66745
-0.149567
-1.97191
0.472663
-1.11874
-4.45269
-2.30849
-0.54461
2.789
-1.37622
-3.66381
-0.0489492
-0.173982
-1.46695
-0.0687219
0.0679168
-2.34899
-0.657865
0.699803
-2.23357
0.532296
-2.61353
2.13411
-1.73584
1.53263
-2.17422
-1.71116
-0.776009
2.52135
-0.817745
-0.558191
0.735507
-1.68374
-2.76112
-1.8069
3.46456
-0.761328
2.00169
4.06841
0.200172
-1.94342
2.63612
-0.541613
4.7281
-0.133203
-0.371595
-1.19135
-1.70112
4.33944
-0.533636
-0.406977
0.306359
-4.51374
-1.12041
-0.202039
0.737806
-0.190706
-1.04549
-0.23151
-0.844221
-1.9978
4.19432
4.70451
-1.64777
-3.89614
1.48677
-0.885235
0.882978
2.0013
2.34679
2.58376
2.95763
4.18184
-0.0559185
3.66976
-0.209147
-1.43063
-1.13564
0.748083
3.45895
-6.05021
-3.81884
10.524
-0.632116
1.96438
3.98404
-4.7171
1.55603
0.164046
0.762789
1.51887
2.67434
-5.00245
-2.99793
-1.23187
-1.19802
-1.66973
0.803717
2.76929
-2.13182
-2.0041
-3.17511
-2.67045
3.08519
-2.25202
-0.35098
-1.80542
-1.01517
-0.914453
1.45845
1.49935
-0.736039
2.78422
6.74264
-2.81057
0.945739
-1.39119
-1.16354
-0.188661
-2.26966
0.152916
-0.555116
-1.31819
-1.51016
-0.470473
-1.30302
-1.74299
-0.230093
-0.271957
5.44017
-1.08428
0.737401
-5.56753
1.76126
-3.04664
0.765968
5.9255
1.33604
-1.50871
1.22744
3.51171
-2.34622
6.18841
3.87107
0.380268
-0.877057
0.205213
-0.274268
-0.395237
0.415021
1.92013
-0.832498
1.88524
1.41363
-2.26215
-0.537221
2.71748
-0.698146
-0.645068
-9.07135
1.32601
1.03209
-0.371411
2.53376
-5.25474
-2.21161
-0.539431
-2.72879
1.52241
-0.823432
-0.458281
-0.458506
1.19327
-5.72455
2.48242
-1.2181
0.440174
-0.168252
1.77978
0.0388715
0.706618
2.69641
-5.48586
-0.834895
1.31269
-1.20006
1.94568
-3.0434
-0.846054
-1.64721
-0.715674
-3.64233
-3.676
-1.94845
1.90479
2.40672
4.54736
3.788
2.31692
0.262494
-2.79031
-0.857729
-3.66546
0.594076
-0.384424
-0.0989978
-0.442012
-1.08877
-2.76298
2.93833
-1.73595
-0.775327
-0.629959
0.431586
-1.78863
2.47465
-0.517976
-0.0760581
0.553836
-2.45618
0.213123
1.1883
0.651672
1.16413
2.52697
0.0841938
1.30959
-2.7101
0.466559
-1.77998
-0.643323
0.839574
2.37227
-0.858146
-3.87027
-0.464814
0.438313
-0.462027
0.265427
-4.97058
-1.47353
2.17786
3.11125
-2.67299
3.7181
-1.14358
0.330223
1.55873
-1.14828
-1.44292
-0.12369
-2.56761
-0.062568
0.966453
6.66806
-0.780452
-0.356454
0.780432
0.311786
1.38118
-5.39805
1.31637
-0.717101
1.75666
-1.04677
-1.44546
3.58552
2.33857
0.566095
-0.0704101
-0.862264
-0.597516
-0.12015
-6.22452
1.43012
-0.185761
-0.590016
-0.317274
-1.93873
-4.15121
1.52124
1.38849
1.21936
3.23975
1.60702
-1.5863
0.31016
0.68733
-0.538833
0.167237
-0.594311
-1.77885
0.289604
-0.903967
-1.21762
-5.6407
-1.42782
-0.982618
6.23745
-2.40373
4.80399
-2.04979
0.281702
-3.67549
-2.93967
-2.9248
0.167346
-2.68041
-3.03105
-0.338939
2.85411
4.94605
2.73101
1.82025
1.94221
-0.0763574
-2.45232
-0.746856
0.245916
-2.4897
1.6784
2.33512
1.67048
-4.31453
1.88826
0.521565
-2.26079
0.10312
-0.324112
-0.955404
-0.315296
1.0585
1.16664
1.68603
-0.564143
-0.675773
3.21319
-0.672055
-1.75389
0.627975
0.648522
0.0723407
-0.188178
-1.74756
-1.62935
2.83002
-2.1369
-1.01895
2.03529
2.78159
-0.949663
0.641699
0.377889
1.0738
-1.04197
-0.193854
-1.47767
-0.951377
-1.8973
1.44787
-0.338553
2.85469
1.06017
4.36468
-2.60429
-0.728668
0.468145
3.00142
-0.182774
0.910635
1.28398
3.7772
-0.424812
1.84627
2.1604
-1.31554
1.3268
2.57426
-0.30717
-3.45154
-1.13475
1.245
-4.17894
1.68552
-1.31934
0.614137
-2.08775
0.153141
0.910095
0.968378
1.4014
-3.35832
0.737446
-3.55482
1.29021
1.4339
-0.897171
0.646555
-1.84927
-0.503306
1.04974
-0.763613
-2.09782
-0.605966
0.350288
-0.673351
2.10825
2.27617
2.09746
0.216644
-3.46048
-0.10564
2.13671
2.40893
1.11047
2.64571
-1.00146
0.290731
-0.99949
0.593465
3.50683
2.17573
0.924179
0.478778
2.56416
0.776977
4.04643
1.75989
-3.68915
1.00628
2.29429
0.903076
1.85931
0.138401
-3.28491
0.778634
-1.05278
-0.242227
-2.23
3.9429
-0.536062
2.03444
0.708464
-0.334726
-2.04258
-2.85808
6.50214
-0.0215217
1.28231
-1.99623
0.469684
-1.90123
-2.59539
-3.15009
-0.259287
1.81222
0.781591
-4.25151
0.515644
-2.82136
-1.62828
2.38127
-4.2638
-4.79038
0.524619
3.15692
-2.48497
-2.40208
-0.724727
-0.560853
1.1865
1.87759
1.77891
3.04635
-0.0857554
-1.74573
-0.587472
-2.66873
3.77431
3.99445
-1.42133
1.45334
1.30127
-0.220598
-1.86519
-1.71527
0.923007
-0.393503
-2.03279
3.1735
-0.224534
0.163928
1.24787
3.24153
-1.50656
-0.809812
0.00270455
-4.66108
2.44711
0.318676
-0.117761
-1.10686
1.64479
-1.32984
1.1581
-1.76176
-2.00934
-2.19435
-2.55535
1.36438
1.14664
0.492544
2.68309
-0.454844
-2.42243
-0.0106526
2.99713
1.21725
-3.06777
5.99981
2.57044
-3.71387
-0.0800812
1.09776
1.63248
0.14231
-1.56335
-1.26696
-0.753509
-0.0807031
2.59802
-1.46248
0.115076
1.00001
0.0584462
1.7256
-0.112645
-1.09513
-1.06422
-5.76407
2.85345
-1.34708
0.321578
-2.80346
0.955578
0.263399
0.798957
0.30983
-1.96529
-2.46082
1.70533
-0.566916
-0.175669
0.41623
0.367172
1.08167
1.15026
-0.823447
-3.67083
0.329701
2.12402
0.267034
3.67168
-0.506776
-0.757681
-2.09196
2.33523
-1.94133
-0.839667
0.712945
1.66841
3.75483
-2.91923
-2.37817
-2.48498
-0.0217181
-1.6011
2.86777
-4.06572
-2.49959
-0.313551
-0.524513
1.61458
2.29446
-6.8703
1.60897
-1.1439
-0.564786
-1.48268
-0.893791
-0.211824
1.87857
0.520813
-1.37644
-2.39918
0.687117
0.545858
-1.72864
0.616803
6.39185
0.919152
-0.973759
-4.39806
1.492
-1.6583
-0.34795
0.172637
-1.49414
-1.04332
2.41135
0.741131
2.00083
-2.33494
3.09785
-0.214069
1.66255
0.685889
0.147933
-0.687072
0.639558
0.645502
1.10013
-1.04022
2.44625
-3.63793
0.494751
3.9275
0.277339
1.77415
-1.29082
2.33338
1.92568
-1.3753
0.139408
-0.83304
0.570989
-2.89124
-2.7885
-0.981598
-0.0793673
-2.43637
-3.73706
3.3264
2.45449
2.52477
-3.86965
0.0679553
1.42786
-1.1459
5.54827
1.24224
-3.96468
1.7707
-4.84583
3.09841
3.29089
0.743076
-0.363281
-2.39948
-0.32766
-4.1914
3.09186
-3.42002
-0.374121
-0.196882
0.779624
-0.366346
2.36783
3.78315
-3.33731
-1.14694
-2.52934
-0.572191
-1.78273
4.18282
-1.96011
-1.94174
-3.46243
3.55338
-0.997443
9.5557
0.0259099
4.11168
-3.53306
1.61205
2.20404
-1.30393
0.493327
-1.75252
-4.6755
1.45899
-0.959414
-2.96325
1.57993
0.61555
-0.519643
-2.41454
0.323643
1.6808
2.2157
-3.9727
1.69538
3.08508
1.49148
0.909337
-1.05844
1.89611
-0.95377
-1.10792
6.54848
5.94172
2.79403
1.6452
-1.05153
1.70735
0.57147
0.426433
1.33838
-2.93389
0.835282
-0.181646
-1.94115
-0.269054
0.477891
-0.876093
1.09363
-3.91472
0.140744
-0.769993
-5.75697
-3.17704
-3.41201
-0.274052
-3.51025
-0.254528
-1.9301
-0.00232123
-4.44847
-0.66573
0.244533
-1.43257
0.0863775
0.939827
2.146
-3.86201
2.32551
-0.568192
3.01836
1.46648
0.525274
-3.33783
1.40525
-1.90393
-0.159522
0.426552
-0.133473
-1.84539
1.63309
-0.311489
-0.965589
1.78291
-1.94938
1.32843
-1.57167
-2.46928
-0.12773
3.4295
0.306931
-0.139322
0.0946823
-2.34441
-0.689536
-3.73724
-5.67325
-0.88731
2.27283
1.70451
3.82984
-1.53665
-1.03337
0.265613
-0.0920507
-7.24667
-3.11974
2.53532
0.164689
-2.62738
-0.580837
0.326357
-1.26593
-1.11293
2.0724
-0.213604
3.87895
-0.515674
-4.51517
-4.20652
0.219439
1.576
5.37312
-5.74429
-1.34048
-1.81262
-1.3473
0.941697
-2.99423
-1.16264
-1.27286
-1.67305
-0.088562
2.6697
0.0910818
-2.16181
-3.76859
-1.79885
-0.767004
2.52433
2.03944
-1.62755
4.6641
0.0891535
0.0587101
-1.16158
-2.87963
2.78845
-0.587449
-0.918146
0.273918
-0.979171
-0.91889
1.25534
-2.0797
-0.533061
0.240838
5.10694
-1.12781
1.84252
2.1432
-1.07045
-0.606664
-2.58609
-0.00965472
-1.31385
-0.789078
-3.91679
2.56247
0.310254
3.72251
2.84089
1.17893
1.29284
-0.800931
-4.08739
-1.2458
0.411742
-2.97759
0.313286
1.23979
-1.03722
0.071366
1.5842
-2.64241
0.401623
0.0117942
-1.56049
3.35185
3.92345
2.46252
2.04292
-2.64349
-1.3145
-2.51686
-0.0551982
1.95042
-0.0635217
-1.28519
5.24746
-1.91045
2.27884
-2.31208
5.81003
2.87055
-0.0151298
-2.06888
1.13761
-0.333025
-1.9514
6.19681
-2.11375
0.917383
-2.35861
2.0852
-0.763915
1.56193
-1.29704
-0.100284
-1.06108
2.85221
1.06798
-0.229245
-0.505506
1.6595
-0.673485
0.939166
0.557017
-2.4774
1.43484
-2.19806
-0.891243
-1.06992
-2.85549
0.362458
1.90906
-1.91613
2.82168
2.21755
1.6523
-0.522242
-5.35116
-3.15911
-1.62139
0.401805
0.446167
0.45529
-2.92528
-1.70475
-3.34786
2.33067
4.68054
2.20614
-0.0294611
-0.101268
-1.28995
0.66308
0.182891
3.5063
-0.318784
-2.09182
-2.06539
0.606782
-2.57977
-0.904757
0.188861
6.16919
1.33108
-0.378798
1.44326
1.98045
-7.73036
-1.35381
-0.6109
-3.52884
-1.44847
1.87276
-0.252399
2.71838
-1.24284
-2.09822
-2.37285
-1.23186
0.508296
3.70623
-0.0339741
1.20004
0.468376
-0.302192
-0.896958
1.49153
-2.26124
3.74893
3.4316
2.17185
0.461779
-0.723814
-2.38564
-0.628117
-1.02039
1.73719
-3.93382
-0.948485
-1.42663
-1.83842
-1.87336
-1.90744
0.254205
-1.61753
2.99702
0.230903
-0.958551
-1.88952
1.26868
-1.11622
-1.72023
0.230201
-4.38988
-2.24519
1.99326
4.43834
-0.44903
1.15454
-3.68557
-2.88699
-0.698092
-0.811094
0.724972
1.65174
-3.16264
-1.1987
-0.394526
-3.33372
-0.416246
-0.398874
1.84036
0.597808
-1.40298
0.0209223
1.6647
-0.870599
-0.554084
-4.26219
0.0963714
-1.34034
-0.262448
-0.992635
1.11247
3.1515
-2.08345
-0.274815
9.78083
-3.68895
-0.725426
-1.27473
1.78954
5.48802
8.79251
3.32833
-1.34456
-2.95049
-4.8121
2.68145
2.69689
-0.932018
1.2793
0.630609
-1.36079
-1.37064
1.0298
2.72313
1.19625
3.38857
1.14481
-2.93382
1.34446
-0.367883
-0.366058
-3.33872
3.88425
-0.544168
-0.485852
4.157
2.26111
2.16669
-0.476074
-1.25938
1.80012
-0.351078
-0.566228
2.7856
-2.69349
3.30318
-0.0923999
1.13964
-0.472068
0.208506
1.39518
-1.4878
4.82051
-4.15292
-0.272319
-8.56237
-1.562
1.62888
-4.8631
-0.606525
2.28155
2.13829
0.241933
-1.16384
-1.31666
-3.58985
-3.30099
2.47345
-1.1086
0.951159
-0.94634
-5.13875
-1.51133
0.599523
2.44852
0.148432
3.99974
0.735151
1.39116
2.22435
3.11866
0.523641
-2.02409
0.258762
0.603712
-0.978024
1.02173
3.27419
-2.23651
0.846651
-2.10046
4.69349
-2.82073
1.88396
-5.26402
0.526303
2.67305
1.34059
-1.08388
-3.93578
2.16324
0.0481146
1.25202
3.08578
0.796148
-4.24592
0.439569
-2.99064
-3.81099
0.637624
1.72317
-8.77363
5.12753
-0.347542
-2.17746
-2.06188
0.955939
0.0956935
-0.342503
0.903591
1.3057
1.53179
0.691268
-4.25648
2.49723
-0.633912
-1.54674
-0.432244
-0.478074
-1.72949
-2.66383
-0.631088
-0.655799
2.11831
2.64258
1.23296
-0.39534
-0.54711
-0.522243
1.06078
-1.59005
2.46509
-2.04377
-6.88562
1.06463
1.8735
2.74978
-1.94493
-0.160421
0.76859
-0.907238
-1.23269
1.21915
3.153
0.175504
-1.57999
-0.302187
-1.37619
0.359757
-4.4117
0.151151
-1.20094
2.88896
3.05223
0.716805
-0.587957
-1.37722
-3.84105
1.77066
-1.91266
3.38603
-1.2939
4.30995
-0.794302
-2.72012
-0.0979996
-1.3338
1.92493
-0.39979
-2.47646
-1.16985
0.946221
-0.222888
1.16509
-4.25933
-0.736289
1.59453
-2.8614
3.95362
0.1382
-4.90167
-0.158349
0.0171336
4.28224
3.13105
-0.28742
1.28197
0.919087
0.993958
-1.78697
0.252198
-0.256295
-5.89935
-2.09819
3.73042
4.50635
-0.0212885
-2.19369
-1.02912
1.36993
1.45059
-0.922494
-0.925337
3.24882
-1.74859
0.870986
-1.08275
1.33221
2.19927
0.434026
-0.785777
-2.88244
-4.0427
5.77959
-3.99701
0.539418
1.0095
4.23153
-0.568827
-0.431205
-1.84057
0.214903
-3.60214
-1.97631
-5.64033
0.647563
3.50568
2.26442
-0.277847
-1.2954
-3.71531
-2.20966
-3.68454
-1.60416
1.28971
-1.11992
-0.833651
-2.20906
0.641382
-0.949269
1.74834
0.982614
-1.75536
0.0811329
-1.42014
2.55772
-7.91742
-0.0432001
0.136838
-3.66558
4.70516
0.954556
2.03895
-6.35431
-1.30282
-0.37115
-0.309108
0.961411
-2.43212
1.68817
2.53682
-4.98284
0.258565
2.93793
0.536317
1.31278
-2.24112
4.38115
0.119327
-0.518445
-1.05062
2.02702
-0.290359
-2.99635
-0.832386
-0.109501
-3.967
-0.271554
-0.8604
-0.441202
-0.625799
-3.06539
0.235885
-0.397259
0.0914289
2.16148
0.0579948
2.13594
0.102547
-1.23741
1.50354
-0.623424
0.485938
-0.604959
1.32228
3.3623
2.29848
0.710446
2.14941
2.08786
2.91742
-1.25331
-1.24901
-3.9417
-1.75086
-0.68385
2.44358
3.97712
-0.964219
-1.71699
3.7277
0.179003
-0.592161
-2.00194
1.89054
-1.38612
-0.286762
1.11445
-3.63948
1.11823
0.945332
3.81574
2.18486
-2.67233
1.21912
1.62116
-0.16649
1.5138
-4.26031
-1.29342
1.81661
-1.18376
6.20805
0.761226
-0.76226
4.93787
-1.89377
-2.73388
-2.08612
-0.7376
0.00480153
-1.9495
-2.06532
4.16717
6.42547
-1.0192
-1.70359
2.23101
-1.77084
2.74551
-1.44334
-1.60738
1.95743
-0.256508
4.49266
0.249335
5.95162
-1.91636
-2.50227
-3.71191
-1.34235
0.751424
-1.02848
0.436691
1.90587
1.03061
-0.506059
1.53671
0.734497
2.06167
0.0982593
-1.59762
-2.06914
1.16074
1.01597
-0.165762
-2.69084
1.73895
0.909152
-2.69044
3.34643
0.450126
-0.0119896
-2.74239
0.676231
-1.09161
-3.15297
1.99277
-1.30128
1.47975
0.438351
-0.379542
0.485967
-2.93519
-1.55647
-2.36741
-2.99487
1.53308
-1.46039
-4.81775
-1.94923
3.28811
3.56002
3.78716
1.42003
-1.67195
1.18544
-0.555514
1.9425
-0.504428
-0.607026
-1.74067
-1.94698
1.7822
0.997662
-1.05723
-0.0770278
0.695867
3.01111
-4.10611
4.43501
0.635671
0.220013
1.82498
-1.22771
-2.40625
-0.875941
0.683147
0.598019
1.08787
4.13206
0.807763
-1.16779
0.620897
1.34543
-1.34886
4.62676
-4.64187
-0.35996
1.26308
-1.4992
-0.443232
-1.2478
-1.77238
4.19789
-0.780395
-0.861292
0.521396
-0.855664
2.25062
-4.02252
-1.81388
1.61141
-3.35247
1.27752
-2.50383
1.71825
-2.13452
-2.5188
-0.316697
-0.0239335
-1.41961
0.945901
0.496451
0.890857
-2.72428
-1.45571
-0.367572
-0.545825
-1.77104
-3.68481
-0.560446
-0.451948
3.89872
-1.51978
-3.29196
-0.190511
6.24918
4.17583
-3.91439
-1.10974
-1.27481
0.723663
0.640766
6.65181
-0.0992591
-0.886237
-5.6733
-2.59076
-0.787065
-3.96645
-0.771753
-3.68855
-1.5786
3.46599
5.46167
-1.68117
2.55806
-0.990126
0.339742
-2.58216
0.478822
-3.11935
-0.0862639
-3.23114
1.81919
-1.12154
0.604196
-1.45936
-3.1819
2.0491
-0.606121
-0.247195
1.00578
-0.360745
-0.354335
-0.984662
-0.55629
2.65443
2.94379
-0.928327
-0.504933
5.72812
-2.77018
0.129218
3.61184
-1.19867
0.987754
1.6724
0.54851
-0.762333
1.65159
1.113
0.313661
-0.149694
2.00756
-0.768613
-0.162917
-1.04648
-2.72945
4.43072
-4.98149
3.58635
-2.13415
3.56035
-0.837642
0.952425
-3.36559
0.652554
-0.749858
2.46739
0.625154
1.91066
-1.11686
-1.52525
-0.117705
0.271145
2.96316
-2.28727
-3.89683
-0.658174
-2.4824
-1.2131
-0.127691
4.45727
-2.02157
-2.65426
-6.36673
-3.30285
0.324448
-0.939707
-0.786888
-2.43358
-0.236657
0.781714
2.30978
3.23704
0.451226
5.18386
-0.826465
-1.17124
-0.772244
0.464621
-5.8805
-1.5238
-0.0638601
-1.38758
-2.13105
-0.0648648
-0.911702
2.56715
0.499894
0.763951
1.11687
1.62374
1.72344
1.22287
0.389838
-1.81306
1.32967
1.3893
-0.736568
-3.88136
-3.73046
-0.569445
3.7617
3.71971
1.79888
-1.00828
-0.625938
-1.31933
2.94713
1.21858
0.612589
-0.54801
1.33685
3.90221
2.90659
0.885416
-3.41307
0.32914
-2.43531
-0.688292
1.07968
-1.85365
-2.45673
0.436077
0.555958
-0.344579
0.932365
-1.73163
5.27427
-1.24943
0.668161
0.454601
-6.68319
-2.69189
-0.252926
3.08352
1.41915
-2.22451
-1.44186
-1.34659
-0.633567
0.897022
-2.83198
1.93265
0.60126
4.53479
-0.197592
1.38323
-1.72044
-3.64364
0.221272
-0.12233
-0.417126
-1.86838
-4.90028
0.662974
-0.569644
0.358499
1.67677
0.65865
-2.12581
1.39591
-0.967717
-1.49693
1.61826
-0.64521
0.830229
-0.0687226
5.87641
2.36784
-0.547044
-0.835172
0.432207
0.137746
-2.12865
-0.0485006
-0.103079
0.746298
0.869679
0.196001
-1.4544
1.92809
-0.0551517
-1.66634
-4.09395
0.727729
-2.33162
1.38298
-1.27898
-1.12711
-3.56623
-0.601777
1.54936
-1.33668
-0.763057
-0.0601181
2.12095
3.50823
-1.10258
-0.505555
0.198119
7.19783
-2.28621
-1.63767
-0.260283
0.301704
-5.30924
2.25734
-2.73766
1.16033
-1.07857
-3.07013
-1.31803
0.187603
2.20345
1.92406
0.449869
-3.50703
1.02705
-0.837268
0.508546
2.36002
-4.42284
3.88516
3.28343
0.308723
-2.07283
4.33911
-0.0549902
-1.456
2.35172
-1.13133
0.175419
-1.61107
-2.98068
0.340007
2.65851
-0.033833
-1.85745
-0.967336
5.15998
2.54631
-0.0621776
-4.49709
-4.1144
-3.97895
-5.64945
-1.75964
0.311485
-0.369897
-2.29236
3.97094
-0.284528
0.694009
0.762402
2.35276
-2.18648
-0.0954691
-4.92212
0.249223
4.35518
0.881048
2.52603
-1.74905
0.20746
1.13627
2.01002
-2.12633
-0.413674
0.510042
0.0437551
2.20861
0.974289
3.00372
4.31707
1.50666
-2.10444
-4.43495
2.03286
-1.53824
-0.559061
-1.35787
-1.16198
-2.88698
0.094391
3.27474
-1.08389
-0.141543
1.22381
1.18748
0.353912
-1.67951
-4.23261
-3.02543
-3.56414
1.73596
-2.13717
4.41274
0.675774
0.776119
0.571196
0.830112
-0.962047
-1.29621
1.45696
-0.0226829
-1.27413
-3.39912
0.910487
-0.707273
0.566586
0.0279003
6.0391
2.45227
-1.42865
-0.657224
0.503207
0.836824
-0.359203
1.69871
5.13359
-1.90878
0.329639
1.16584
-0.0239527
-2.09242
-1.94966
0.115479
-5.15597
-0.0434317
-2.51978
-0.0168813
-0.467453
-0.386845
0.940776
3.16309
-2.36491
5.79232
2.46755
-0.82225
2.28182
-2.66467
1.25449
0.961082
-0.21951
1.02806
-2.94639
-2.06139
2.80805
2.82315
2.37477
-1.73452
1.77445
7.62601
-3.73735
-0.76788
0.801913
0.116522
-1.89243
-0.23134
-1.41438
-1.05652
1.3343
0.313231
2.50627
-3.72358
-0.499166
0.241242
2.13575
1.49705
4.61035
-2.77401
1.70766
2.5234
2.6031
-1.29882
-3.44348
2.76584
-0.778809
-1.67271
1.83743
-0.656585
4.67895
-1.59251
2.2677
-2.29384
-1.07601
-6.95974
2.28022
-0.419836
-1.02068
1.05251
-1.51161
-7.68281
-3.09005
1.0959
0.170949
-2.07565
-0.160136
2.6035
1.78151
-0.757623
-1.00088
0.741448
-0.210673
-0.456647
-2.09619
1.80186
2.24984
-1.07272
0.312938
2.10053
-0.163977
0.227835
-3.33756
0.860009
-2.91748
3.22616
1.33467
-7.03112
-0.725595
0.871752
-3.65469
0.389767
1.87094
1.71913
-0.0479242
-1.83993
-0.852687
2.31257
1.32905
3.81593
-0.717888
-7.88581
-1.41135
1.64152
2.66031
1.98997
-0.895321
2.8456
3.03065
-2.3417
4.00617
4.92309
0.561202
1.26895
-0.0704231
-2.24287
1.19737
-1.06305
-1.55466
0.441089
3.80596
3.11564
-1.94918
0.490407
-0.37635
2.35803
1.98081
5.36156
3.42981
-0.968927
7.36751
-1.40049
-1.12892
-0.481201
-1.66879
2.74108
1.64771
1.2569
0.342404
3.18188
-4.15967
-0.868785
-2.39098
0.376441
-0.442853
0.336199
-0.194287
2.10444
-2.00036
0.69515
2.76533
-1.01503
2.01464
0.713346
-3.21379
-4.36697
0.406756
2.06214
-2.33428
0.0305081
-1.5999
4.50317
1.72631
-2.08232
0.830883
-1.34659
6.73539
1.78003
-0.892825
-0.156571
-2.14262
-2.16475
3.18679
0.624878
3.61518
1.57802
-0.310578
4.30101
-5.4138
-0.231226
0.221581
3.71456
-0.622155
2.43274
-1.65338
2.59752
1.289
-0.47695
0.321668
-0.695377
0.752758
-0.0943295
-1.6012
-1.11511
-0.674247
-4.15914
0.289637
0.220652
-2.27022
-1.69069
4.30252
-6.56749
-0.0202495
-1.56663
-1.0026
3.17482
-1.22589
-2.68638
-2.71448
-0.532561
-4.08873
0.152304
-1.40355
2.15708
4.46946
-4.77693
3.31113
2.27267
4.68388
-3.87078
-2.48473
2.57835
-2.68978
1.48584
3.49549
-2.62797
1.99238
-2.29905
-0.83598
-0.217426
0.817409
1.72461
1.15753
-2.52421
-1.41713
3.02051
1.28513
0.812529
-1.33921
-5.58751
-0.692629
0.765417
2.82722
2.23467
-3.18084
3.93429
-2.11279
-1.38581
2.83967
0.8295
-1.48734
1.25038
-0.24488
1.64145
2.41512
5.06466
1.09125
-4.30714
0.665884
-1.42264
4.17971
-0.969619
0.850333
-0.163886
3.74432
-1.77108
-3.3343
-3.57208
0.436401
-1.62275
1.75498
3.08695
-2.49697
-0.597143
3.63231
-0.326247
-0.525687
4.22505
-2.89189
1.5695
-0.0848328
4.98245
1.75211
0.717862
2.44975
-0.194252
-0.410361
-2.49666
-2.64785
-0.173438
2.03641
-1.72065
0.979277
-1.14963
1.48043
0.651392
1.29988
0.896801
-1.8884
-2.86984
-2.27475
4.47955
0.195993
-0.960525
0.352429
-2.2128
-0.888254
1.15599
2.26923
0.23951
-3.94198
-1.22318
3.62377
-1.80989
1.17674
2.84112
0.30623
0.546141
0.385552
3.03445
0.727892
-0.199538
5.3044
2.48157
-0.0470864
0.778571
-5.05824
2.50447
2.22875
-3.38056
-1.14722
-0.334842
1.92234
0.199322
-0.736839
-1.48929
-0.0139503
0.605298
-1.70846
-1.30132
-2.61325
-0.880002
0.666363
1.72036
0.736117
-0.171625
-4.63947
-2.42212
-1.67303
0.370557
-0.535999
2.98154
1.36044
2.28235
0.473942
3.02024
0.352002
-1.818
1.03252
6.5162
0.660683
0.827615
1.42314
1.93915
-1.17834
1.5029
-1.55885
0.262373
-0.0997607
4.73966
-1.47278
-0.616817
-3.29665
-4.5456
-1.95221
-5.08781
2.08493
1.50767
-0.99922
1.70445
-0.77786
-0.489131
-1.06659
5.10969
-0.586545
-2.03165
-1.17852
3.71039
6.50116
-0.169205
-0.938525
-1.05434
-0.594935
-5.81936
-0.211068
1.045
0.672418
0.573019
-1.5006
-0.276481
2.96878
0.968659
2.51686
-1.78686
2.24718
1.84954
-3.64154
-0.363157
-1.94673
-0.00968139
2.36195
1.12411
-2.3694
0.969652
2.02151
2.05979
2.00432
-0.0330111
-4.62387
-1.57225
-2.45003
-4.06096
0.778139
1.33
3.64595
-0.253712
-5.26607
-3.10983
2.38501
-3.03742
2.30344
0.592524
1.7022
-1.52444
-0.142325
-1.89402
-2.78913
-2.28059
0.0505234
-2.90291
0.0601764
1.08722
0.76649
3.30593
-2.79477
2.57347
3.44889
1.54586
-8.78002
-2.20341
1.15754
4.15942
3.05643
2.25158
-2.6596
-3.93762
1.40752
4.36744
4.62746
-0.727962
-0.181124
-2.45408
4.21899
-3.87365
-0.177806
5.59086
0.302044
0.305772
-0.91258
-8.21472
-0.888464
0.620925
-2.49879
2.501
5.44595
-0.0873715
2.46287
-2.70863
-0.495513
-2.33136
0.96156
0.384753
-2.09928
-0.744108
1.86297
-2.64099
-1.82275
2.44663
3.01737
-8.99067
2.34248
-3.99467
0.523464
1.62622
-3.09121
7.0251
0.440879
-0.939497
2.87083
-2.51261
-2.57488
2.12109
2.49891
1.27822
-1.05598
4.71032
2.23391
7.75452
-3.16935
0.342072
2.43592
1.29884
-4.27723
-1.34215
-1.26567
4.69208
-2.44836
0.770646
-0.239335
-0.307991
-0.391637
-0.932913
1.5021
0.773615
2.80678
-3.46065
5.28375
1.65061
-1.73468
-0.855166
-1.29573
0.635861
0.719204
0.394126
-3.16675
3.56026
-0.0965782
-0.974872
0.885286
3.6333
1.8448
-1.24404
0.933649
-6.89011
6.21608
-0.0178249
-0.558098
-1.10516
-2.5308
0.844327
0.252562
-0.680904
1.50397
-4.12403
-5.16529
0.623474
-0.142399
-0.809395
2.38522
-3.49159
4.74094
-0.478521
0.99599
0.841071
-3.71697
-0.682078
0.507327
-3.84341
2.31817
1.79898
2.41167
-5.1894
-2.09418
0.491886
3.14568
-3.41457
0.669098
2.14812
0.286832
3.09625
-0.955396
2.61468
-0.933419
-1.22272
3.82524
0.82398
1.6585
1.67751
2.53061
-0.938492
-0.318573
-0.128601
-2.76817
5.05861
-2.54309
-0.302982
3.12598
-0.784847
3.27009
-0.389205
-0.481377
-3.18258
2.49876
3.30705
5.16089
1.98734
0.242173
-1.34605
1.94871
-0.291482
0.350805
-3.1277
-0.706801
-3.20408
0.0942454
-2.42338
0.396385
-3.43337
-2.64118
-1.06523
-3.74221
-2.63341
4.95392
0.135462
-1.21967
-0.589606
-0.433841
0.270342
1.11356
8.1852
0.0676522
0.206739
1.15527
0.848728
1.37131
-0.347335
-1.68656
-2.30519
-1.24182
-0.760824
1.00964
-4.26421
-0.0114607
-0.455356
-0.731071
-0.561071
-0.0826331
3.99621
2.65522
-0.892148
2.74867
-0.902105
-2.19355
-5.81407
-1.03297
4.01101
0.71861
-1.72881
0.76863
-2.0407
2.82739
-4.04282
-3.21036
2.11058
0.689587
1.08735
-0.587709
-1.11166
-0.177076
0.119741
-0.728308
-0.683907
-1.00392
-0.0999041
-2.87435
3.84391
-0.655889
-0.23962
-0.731803
2.92329
2.19336
-0.0603613
-1.34134
-1.26107
-0.41807
-2.32096
-0.166621
-0.308352
-3.13563
0.718421
-1.16575
0.587519
1.2955
-5.38885
-2.98197
1.19113
-0.0649902
-1.29323
-2.38279
1.07405
-3.52934
-0.723666
-2.70679
-2.71915
0.224104
3.11187
0.244315
1.21633
0.0130642
3.33974
0.798297
-3.91337
1.22168
0.171014
0.372203
0.396789
4.48511
-1.77161
2.27736
-0.922837
1.46193
-0.111144
0.73027
-1.59229
5.15089
-4.97527
1.22818
1.3061
-2.39748
0.959726
2.89068
1.39568
-0.899895
0.978666
1.92761
2.76465
-4.42888
1.4884
-4.66679
-2.64618
-3.37922
-0.0389602
-1.4787
1.92977
0.409611
-0.80719
1.42132
-1.41562
-2.83859
-1.26319
0.287719
0.994236
2.27061
0.822457
2.69725
-2.75893
0.302703
0.829307
1.59159
3.98929
0.106425
5.11928
-0.143669
-6.88013
0.358498
0.807931
-3.15277
-3.20127
-1.92307
0.999865
0.999362
-0.0581587
0.511167
0.147146
4.54927
-2.33428
2.86779
2.16885
-1.62546
-0.312819
2.77142
2.43872
-2.34495
-7.5696
-3.59191
0.902077
-0.933185
-1.39721
1.89625
1.45864
0.209079
1.1327
-1.95855
-0.687023
-0.587569
1.73948
-1.614
-1.11334
0.164052
0.638909
0.276471
2.03074
2.85031
3.24177
-1.7133
0.92405
4.66044
-2.7076
-1.00888
-3.35287
1.87236
-1.6744
2.57401
1.65118
0.119854
1.07849
-0.334348
-0.418356
1.37004
0.307636
0.895168
1.097
-1.74592
-0.374856
2.91675
2.26221
5.54412
1.59685
-4.74752
-4.3547
-4.51598
-3.34294
1.00639
3.14912
2.55307
-1.31055
3.01498
2.25698
-4.09811
2.283
-3.19224
-5.7141
0.98317
-3.7461
4.10092
-2.12643
-4.46511
1.97077
-3.20315
-1.40953
1.3888
2.28849
-2.12258
0.682893
2.36621
-0.181102
-3.474
-1.15309
-1.70341
0.361511
0.0669949
-3.0188
-1.4316
0.681266
1.40728
-4.05665
-0.515047
2.28299
-0.595183
0.458485
-0.14719
-3.42715
1.28479
-1.16855
-1.27097
-1.00077
-1.40717
-2.09272
2.42354
-0.453394
1.21061
3.84268
-5.09058
1.70772
-0.053726
-2.49724
2.16158
1.13924
3.60274
-2.95806
-5.63208
0.531445
2.90465
1.90609
-4.2403
2.58811
-1.61797
-0.159386
0.335792
-3.24983
-1.24357
1.04676
-1.50604
0.52642
1.76379
0.229331
-0.754778
0.271773
3.00086
-5.17617
-2.72522
2.93592
0.274857
2.32614
-2.3373
-0.0794081
-0.24612
0.0601291
-5.0312
0.916435
-1.08622
0.61092
-1.40064
-3.03047
1.30574
0.181896
-2.68808
-3.09732
0.0457102
0.0914476
-1.23693
0.742561
-1.35476
1.52982
-0.200067
1.50557
-1.7888
-2.94854
-1.44639
1.1016
-0.961484
-5.39033
1.27404
2.94248
-1.26609
-0.562032
-0.475267
0.586482
-0.371281
-2.65773
-0.226214
-0.218946
-0.323897
0.423769
-0.698634
0.852224
0.272148
1.42181
0.106081
2.08223
-1.37704
-0.548237
-2.92113
0.0926434
2.78277
-0.663252
-0.511427
0.36116
-3.04017
3.30168
1.09942
5.30949
4.12225
-0.914339
-1.10904
-0.308619
-2.20875
0.0207521
-0.783802
0.21141
-2.55971
-0.0276102
0.811322
3.80276
1.46087
2.73413
-0.519334
4.01425
-0.288799
-1.70737
0.644232
1.1379
-0.0226695
1.33739
-0.664418
1.0412
2.41423
0.345973
-0.0861736
2.21226
-1.0303
-4.05587
-0.365296
0.969815
-0.184344
-0.623493
2.02534
1.48509
0.322838
2.86172
-3.69731
-1.98124
0.980009
-2.23754
2.28607
2.62668
3.39367
-5.95581
-1.14051
-1.32109
3.98053
-1.18606
-1.73188
-1.39882
-1.68463
-2.79599
-0.435961
-4.93604
1.25113
3.59221
-1.82419
0.854782
-1.04985
0.356133
-0.390504
-1.48913
-1.5488
-2.09864
-0.756509
0.921462
-1.52633
-2.57918
-2.15364
-1.44594
6.13492
-2.21705
3.07674
2.40966
-2.211
-2.37568
3.74058
1.76042
-3.67113
-1.39131
2.62809
-0.855723
-1.21904
-1.26866
5.17126
0.202467
3.42408
0.508265
-1.73819
-1.31471
-1.95355
2.61558
0.673459
0.296005
-0.114297
-3.24007
5.28724
-1.55783
3.18906
0.0608363
3.38472
-1.75327
-0.656131
4.59305
-0.457279
-5.39568
-0.35037
0.127427
3.6601
-2.62532
0.0953868
1.54564
2.26059
-0.795712
-1.00612
-2.167
1.54604
-0.508921
0.792322
0.357863
0.515456
-1.30203
-0.99015
3.60461
1.50897
0.227529
-0.743869
3.02316
0.527742
2.54899
2.43952
4.8442
-0.425858
0.949301
-1.24336
-0.396004
0.360878
1.63605
1.51563
2.60568
6.02183
-2.02152
-0.724432
2.20423
-1.70857
4.24207
-1.86419
2.36405
2.41477
2.76394
-1.91739
0.630558
-2.46621
3.12591
-0.885873
-1.79062
-2.1551
-2.05848
0.186273
1.72554
3.27729
-1.19127
-0.406596
-1.13393
-2.20173
3.32022
-1.72634
-1.91202
-5.13123
-1.82013
5.81078
4.276
-1.57102
2.6734
6.61721
-1.57644
1.42634
0.506468
0.59755
-4.7193
1.92498
1.11225
-0.440064
0.0659443
1.56943
1.28083
-0.625031
-1.67111
2.18266
0.300366
-1.63726
3.47957
0.461993
-3.31827
2.76232
2.52938
2.4222
2.29603
-3.02531
-1.66349
0.470534
2.04857
-4.34578
1.45405
1.42149
-1.76108
-1.10355
1.82246
3.76099
-0.34763
-4.84691
-2.14416
-1.02569
2.68138
1.32575
-1.39987
1.55553
0.488439
-1.05629
-0.484597
-0.0427788
-2.72493
-1.67134
-2.16562
2.03866
0.591794
-1.67397
-0.613168
-0.93931
-1.0686
-5.62555
3.03946
-0.986878
4.58639
-1.28748
-2.55626
-1.30302
0.984663
-2.93872
-0.483904
-0.905717
0.251226
0.370379
-3.55521
5.41617
-1.53521
2.22847
-0.202288
-0.523886
-3.18373
-1.00375
-3.62796
-0.653144
4.48459
2.6229
-2.00873
-0.372414
1.96485
-0.797294
4.26105
2.77814
-2.71879
-3.32595
4.06678
1.65133
0.499882
-2.77106
1.57285
-0.702526
0.616493
1.29952
0.723579
1.04622
0.89308
2.10319
-2.11769
-0.533687
-1.96232
0.537336
1.63298
-2.36168
-2.03874
-5.32447
-0.668342
-4.76453
-1.8254
0.118904
0.0994979
-3.73632
-5.92742
1.30088
1.34394
6.28118
0.959921
-8.17576
0.853414
2.82267
2.07056
4.84119
0.405899
-0.13211
-1.46323
0.609877
3.37646
0.300828
-1.30987
1.73416
1.37416
-1.7322
2.24544
-2.45343
1.16789
-5.41553
-3.52757
0.213464
-2.48498
-0.186083
-1.09452
1.40357
-0.427687
6.24699
-4.81438
1.28999
-1.15886
-0.258742
-3.6749
2.22362
-1.37717
2.19899
-0.926484
2.61538
3.37813
0.922952
1.46298
2.70226
-2.69202
0.181752
-3.0446
4.17235
0.690387
2.5597
-1.928
-0.0793924
1.32567
-0.826725
-6.17491
-0.767715
5.27964
2.09549
0.217879
-0.799195
2.76986
-0.908564
1.86479
2.48112
-0.461933
6.67947
0.514722
-1.71145
-0.874942
0.786381
-5.81977
-0.780523
0.263419
1.45055
1.69934
0.437285
-2.22911
-0.378499
1.02945
1.28634
0.0310756
-0.667994
2.82934
0.769138
5.54013
-0.0915865
0.722235
-0.0591223
3.13931
2.69154
0.433964
-1.16001
2.07825
0.2949
-1.44717
-4.02584
-3.28451
-1.43576
0.342336
1.05907
1.34418
-2.33395
-3.06085
-2.56114
1.80297
-0.782431
-8.90512
-3.79235
-3.08135
-2.09086
0.778023
-0.62089
3.41524
0.352593
1.49437
1.85907
-2.77312
-1.06683
-1.0992
0.844237
-1.5275
-1.78935
0.569627
0.569992
-2.45887
1.10769
4.1468
1.52131
-2.04192
2.22221
0.830506
-0.0530505
2.98921
-0.445019
-2.15923
-2.45535
3.76689
2.85116
2.15262
-3.10802
-0.145237
0.796933
1.12711
-2.53889
0.607741
-0.16761
0.0841706
-2.85521
3.86657
-0.430161
-1.5026
-0.47831
2.24207
-1.56455
-0.386561
-0.103349
-5.50554
-0.345128
0.376283
3.30788
6.97768
1.49397
4.86899
-7.47469
0.708057
2.28643
1.3346
3.94428
-1.04627
-0.116434
-0.428311
1.73699
1.07487
4.12779
-0.49723
-0.483141
-0.144042
2.42846
4.23909
-4.30409
-2.92687
0.840042
-0.299919
6.29672
-1.5427
-1.6317
-1.56353
0.463176
-0.71347
0.87052
-1.72822
-2.7247
0.235796
1.94992
-4.86845
0.951908
-1.1982
4.6237
-10.6061
3.43062
3.94958
-0.491233
1.8043
-2.32735
-1.06939
0.175645
1.58879
1.8301
1.61628
0.474873
0.46216
-0.481375
0.443226
-1.07736
0.171287
-1.79994
-2.66318
-2.01761
0.710233
0.836814
-1.38054
1.64941
0.557236
0.353661
6.84969
-0.160601
-0.812593
1.45981
-0.117132
-2.45676
3.44033
-0.140008
1.23021
-1.79248
1.39293
4.5636
1.32945
0.587824
1.6689
-3.80526
-1.80917
-1.0564
0.335872
2.11818
-1.75459
-1.21099
-0.459088
3.14249
0.997402
0.00112552
-1.80058
-0.440612
2.64346
3.63493
-4.83716
4.66105
-0.390744
-0.668174
2.61832
-1.29031
-0.0522137
0.13447
0.352447
-3.25331
-7.53909
1.86189
-0.527987
4.76256
1.53488
1.29956
1.8941
3.09048
-1.68206
0.0362021
-4.51709
-3.15993
-0.209024
-1.77053
-1.22427
-2.16386
-2.23919
0.726857
0.317841
-0.200258
-0.753164
3.59596
-3.48836
1.67118
0.277057
-2.11911
0.888515
1.49631
3.54536
-0.29443
3.37933
1.78383
3.01866
1.38985
6.41675
0.830507
-2.58308
0.658063
-2.79289
2.36872
0.191038
0.863325
-2.12079
1.07486
-3.59813
2.58458
0.65221
-4.0383
-2.22307
2.26966
-0.614239
-1.36257
2.28637
0.542354
1.03714
-1.93335
0.501678
2.28487
-1.8339
1.94675
-1.72463
-1.32772
2.74447
-0.300988
3.98349
2.1826
4.79514
-1.65306
0.822635
2.03822
-0.333453
3.25135
-2.04637
1.2826
-1.39167
1.65373
-6.6843
-3.57146
-0.408888
1.822
3.37899
-1.01894
-0.167421
1.52823
-3.97488
1.74975
-1.9851
1.46881
-0.051843
-2.94446
0.846306
-0.865925
1.07396
0.791726
5.42152
-1.55752
0.545423
-8.2925
-3.08816
2.52806
6.09653
-5.45604
4.48223
1.8595
-3.54312
-3.16308
0.613643
1.22271
-2.4653
-0.563544
-0.983794
-1.78882
-0.0448103
3.22188
-5.30016
-2.3628
0.388847
-0.0734989
-0.319389
-3.37851
-3.34752
-0.365048
0.155764
0.86158
1.26332
-0.686089
1.35722
0.303536
-4.47907
3.22697
-1.59367
0.266789
-0.0648237
0.0411004
-2.56203
4.75481
0.635536
-0.763328
0.385937
1.19314
-0.858882
4.74099
-1.63314
-1.31841
-4.90394
-0.610981
0.229246
2.48781
-5.12667
-0.655533
2.31407
-1.2863
-1.1461
0.603146
-3.71274
1.63775
-1.78375
-0.861499
1.62073
3.17478
2.39959
0.353433
2.93877
-1.30006
2.21679
1.05662
3.87818
-3.16861
2.36506
-0.834381
2.1059
1.19064
1.63406
-1.97798
-1.91512
-0.768816
1.01155
-0.559474
0.814404
-1.7417
2.79418
3.16901
-0.7989
1.32649
5.29242
-2.60521
-6.83261
-2.21252
-1.1059
-3.34707
-1.15949
-2.93364
-1.17549
-3.84245
1.59911
-3.23395
1.65228
3.44257
0.0237155
1.55312
0.636773
-0.55272
1.43568
5.00947
-2.57381
-1.19167
1.91477
-0.2315
-0.395545
-5.21027
0.665534
-0.326906
0.814807
-0.624567
-1.62519
0.138811
-2.76084
-3.5681
2.72938
1.31591
-2.9942
0.986861
2.54485
-1.00526
1.63714
-5.58886
2.74686
0.514129
0.644311
1.84956
0.609714
0.899181
-0.938405
1.53474
-2.84783
0.39257
-1.89728
-0.458893
-0.0962179
0.689034
-1.58321
-2.10975
-0.0536155
0.0444117
-0.567782
2.39661
-0.571583
-3.34072
0.111333
2.99458
-1.93345
0.344889
1.42509
0.908751
-0.917047
-1.91109
3.58236
-4.8608
-1.03566
-2.5247
2.34097
-0.620361
2.97847
3.69556
1.08434
1.03536
-1.55103
3.9115
4.7448
-0.110531
1.32136
1.32698
0.631196
-1.83899
-2.69899
1.40149
-1.59217
-0.349574
0.0283093
-0.224127
1.60457
1.23749
-0.948687
1.29729
-1.67569
-0.435125
0.0703022
4.09308
-0.741999
-0.396765
-0.236862
7.3663
0.812503
-0.431813
0.301445
-0.933365
0.979427
8.3663
-3.49858
0.89252
6.02789
0.809538
-2.2185
0.17524
1.9969
0.82145
-0.775917
-0.870643
0.377699
-2.32616
2.14409
2.57978
-0.371528
-2.55874
2.67476
-5.06495
-1.60133
0.574885
-0.284833
0.225429
-2.41951
3.18122
2.04306
0.371579
3.20283
0.93249
0.912174
0.442968
-1.74752
-2.39548
-2.61942
-4.2852
-5.02778
1.86971
4.81727
1.17924
-1.18226
1.24454
1.24746
3.53051
-1.57632
-0.311679
-4.0818
7.23253
-2.30032
-3.55049
-1.59839
-0.11558
-0.314625
-0.80109
1.72145
0.72926
-2.33584
3.20272
0.012989
-1.80655
1.33683
-1.25085
2.68431
-3.39034
5.35012
1.88757
-0.60948
0.695451
-2.6066
0.180606
-2.13941
-0.116352
2.32382
3.98233
0.0369763
0.396935
2.26219
0.785313
1.72842
-2.66176
1.22875
-3.13066
-1.16385
-0.963719
0.355814
0.968738
-1.91193
1.4407
4.95383
-2.7192
-0.932699
0.327123
-6.08405
-0.162684
-2.47311
4.10216
-0.954202
0.60878
-1.18883
1.83789
-2.3201
-1.14254
3.17519
0.0900809
0.523158
0.758157
-0.804705
-1.01028
0.360288
0.930493
-1.18761
0.128749
3.00612
-1.33177
-0.942721
-2.54402
0.88729
1.34962
-0.396863
-2.41254
0.584194
3.20492
-2.69609
3.47086
-0.75508
0.217466
0.986042
-1.46062
-3.81912
-3.78271
0.766851
-0.0482918
0.594886
-1.97076
3.20801
-1.45012
0.383191
-0.641046
0.109365
2.27176
-0.99623
-0.289206
-1.7483
1.85225
1.86001
6.03645
2.32608
-2.38599
3.85849
5.03929
2.90868
-0.121469
-1.7257
-1.38166
-0.499423
-2.84106
-3.01279
0.970108
-3.44209
7.17886
-2.54454
-0.981954
-1.56652
-3.33992
0.482109
2.7961
-3.56575
0.603513
-3.98282
0.633257
-0.412574
-3.076
2.11215
-5.58963
0.075959
-1.05949
0.916961
-2.74221
-3.77088
4.42531
2.02063
0.701815
1.20602
1.60541
-1.41891
-0.82856
-0.578773
-3.03247
-0.0313726
-4.28891
-0.213087
1.8474
-0.658449
-1.29502
-2.47527
2.71499
3.23914
7.84039
-1.44868
-0.765677
0.173789
0.402637
-0.968756
-3.84988
0.896565
0.633771
-0.620078
0.229184
-5.88233
-0.505511
3.64396
1.30311
0.534531
0.523723
-0.404945
5.36619
2.91594
-0.505516
1.59377
2.38689
-0.524085
0.477736
-0.493701
0.563992
-3.1323
-1.0106
-2.15684
-0.460149
-1.19373
-2.54687
-1.16781
2.65108
-1.22532
-0.951575
2.27897
-1.18907
0.319366
-5.30597
-0.30873
0.186573
0.707458
-1.88727
4.38842
-1.10751
3.47079
2.18149
0.529461
0.0510157
-4.92222
0.00797575
-7.97992
1.1513
0.199869
4.06156
-1.55942
-2.55198
3.38129
-3.21838
-0.361226
0.596557
-2.27714
0.899299
-1.35661
-3.32746
1.07701
0.648154
-0.27712
-2.57427
10.3248
0.0755024
-4.62122
1.80773
-1.01378
5.98399
-1.89569
1.24769
0.315864
-2.0857
-2.46837
2.9584
-2.04356
3.65208
2.04321
-4.81445
0.812401
0.532831
-1.29692
0.13872
-1.88232
-2.83674
1.00272
-7.18977
1.73571
1.55697
-0.540272
0.240694
-0.168976
1.26018
-0.401628
0.495929
8.26366
-0.660826
2.2414
-1.4766
0.61919
3.22372
-1.70647
-1.08794
1.36897
-5.16981
1.7197
3.62087
-1.67367
0.529779
0.841092
0.642776
-1.51297
-0.619321
-5.80321
-1.18462
3.9076
0.197854
-2.74816
0.213288
2.1321
-2.65953
-3.32305
3.54336
1.82995
1.06673
-7.37483
-4.30589
-0.146503
-1.30802
2.71123
-4.92786
1.30676
0.255633
3.09909
1.75498
-3.78807
4.00375
3.74918
-2.60793
0.97145
1.22473
-2.57069
-11.2745
3.63067
2.08761
-0.435307
-1.41516
-1.20514
0.618136
2.26087
-1.33914
-1.2274
-0.183585
0.688901
0.671605
1.26585
1.39083
2.41911
-3.36854
-1.57597
-5.09892
0.74085
1.7508
0.745832
0.99926
-2.79168
3.99533
3.66376
0.673892
2.21265
0.292341
-0.0474979
0.17511
-0.726589
1.49704
-1.84526
0.178244
3.29038
0.555251
0.401455
-6.06732
-0.683585
1.03718
-3.65608
-1.65834
0.962288
-2.53476
1.78176
1.51812
1.60084
1.71491
0.123732
2.85151
1.16916
-1.88119
-1.95993
3.25095
2.83593
-2.19385
-2.25278
1.0717
-1.15163
-0.00386642
-2.65603
0.247551
8.12182
-1.26293
-1.89828
1.66521
-1.69369
-5.09101
-0.713487
2.10247
-4.6199
-3.1601
0.757419
0.976659
-0.455098
0.172217
-2.19791
-4.64008
-1.21297
-1.59126
0.447498
-2.73328
-1.48019
-2.93004
-0.326437
-2.5169
0.216078
2.3954
0.985833
0.0812108
-2.72758
-0.699616
-0.42533
-1.56324
0.54509
-2.72735
0.554062
-0.995269
-4.80428
0.958259
1.43178
-0.870557
2.34677
3.39417
-0.89039
7.70862
-0.425191
-1.75932
-1.64879
-0.787431
1.04721
-0.336148
-0.402573
-0.825762
0.55551
7.16558
-2.56342
-0.194453
0.0332117
0.374585
-3.38197
0.84364
-0.516241
0.966272
-3.41497
-0.0753272
-1.33591
-0.974176
-0.290061
1.74764
-0.776319
-0.284995
1.38309
-1.42033
-1.07482
-0.574836
2.73901
2.30153
2.00432
1.67216
-0.601585
0.26197
2.59153
-1.13995
0.291968
5.35125
1.60626
-0.205367
-1.74035
0.170117
-0.214607
0.330272
-0.537056
3.61326
3.08351
0.509743
-4.00715
3.2537
-0.583112
0.0865002
1.10171
3.1087
-1.46628
2.34555
-1.93434
-0.117101
2.10097
-1.45174
2.10016
2.78409
0.666782
-0.40437
-0.325763
-0.355935
-2.47597
-0.609128
-0.0130488
-2.18142
-0.320021
2.47209
0.804799
-7.32101
-0.373054
-4.84759
-1.92512
-0.601611
1.36147
0.334548
0.209635
4.06566
-0.850529
-0.290889
-0.424399
1.54611
-3.92405
-5.18689
6.35022
2.32517
-0.758621
-1.19325
-1.13026
0.33977
0.0240646
-0.524321
-3.75441
0.267339
1.56521
-5.1231
1.53079
-0.181868
1.18661
1.18681
-3.0621
1.32847
0.432973
-1.3209
3.47713
-1.87155
0.980107
4.06791
-0.649884
-1.06788
-3.75986
0.952311
1.16046
-0.478155
0.577025
-0.345801
-0.699667
0.122769
2.38438
-1.10017
-1.79982
-0.348197
2.45458
0.691571
0.0067499
-1.76764
2.12898
-0.175675
2.96442
12.4138
1.9378
0.807467
3.4702
0.542401
-2.67864
-0.634091
-4.19133
-1.63575
2.07767
-0.997646
1.55033
1.70366
5.01142
-1.11247
-3.13803
-1.56701
0.811141
1.0965
-1.24976
2.14871
-1.10596
-4.57095
1.25935
-2.1132
1.27332
4.14258
2.25973
0.0911043
1.41238
-1.76592
2.40046
-2.44876
0.18596
1.58439
1.6696
-0.654621
-3.14319
-1.41501
2.64225
-1.87123
-4.03405
0.517103
-1.04304
0.452484
-1.70019
3.49068
-1.24439
1.31904
1.48549
-4.84108
4.06196
1.12797
-2.98334
3.79898
1.04092
-0.393092
-0.423001
0.0191848
4.9279
-2.73523
-4.21485
-2.26308
-0.48092
-0.68468
0.475577
-1.18264
-0.667611
1.82363
-0.21472
-0.0725394
-0.206604
-0.898076
-3.20346
-2.46335
0.871844
1.84292
-1.2239
0.153742
3.75776
1.34338
-1.62923
-3.70934
-0.307667
-0.8582
2.91408
-1.56087
-1.09897
-4.16091
2.13305
-5.48302
-2.07004
-0.297192
-1.91857
-0.68124
0.74057
-3.86404
0.826412
0.385371
-4.20504
-3.47777
-7.18294
-4.61894
1.45964
2.46746
-0.604667
0.901656
-1.0086
1.34042
0.674787
-0.691462
-0.38834
5.05619
-1.21402
-0.129029
-2.0649
-6.00548
0.990911
-3.26043
0.296357
-0.862014
3.77493
3.44846
-1.50394
-0.349463
1.87288
-1.45788
0.754756
0.138082
-4.05016
1.49189
-1.95224
0.743804
2.78353
3.53614
0.807342
0.767975
1.68143
4.25578
1.90647
0.253215
-1.27962
0.871094
-2.24719
0.863642
1.60858
0.305499
-2.36977
-1.0185
3.52132
-3.451
1.06471
0.0721491
1.92532
4.46944
0.294884
1.36433
0.0873608
0.459806
-0.818596
2.5031
-0.743274
-2.06232
-4.11467
-1.60676
5.83314
-1.20199
-0.414356
1.15075
2.24572
5.3829
-5.12589
-1.5992
3.78772
-0.022959
0.639613
3.31294
0.277913
3.35398
-1.87057
-3.43647
1.94201
2.09682
0.514163
0.853312
0.229675
3.11099
1.59089
3.43961
1.11771
-1.30064
-3.62176
0.22367
2.14875
-1.00507
0.758403
0.262901
-2.03446
-0.324158
-0.0708445
2.14815
-1.95157
-2.02002
-1.01948
1.79628
-3.27091
-1.38058
0.16342
0.89038
1.78699
1.86228
0.819119
0.573546
0.74511
-2.77876
-0.0867458
0.457696
-0.640479
-1.4945
-4.5239
-0.541661
-0.0743033
1.78617
0.276134
1.9126
1.56947
-2.49443
-1.43311
0.147294
-0.277042
0.687693
-0.0217919
-0.553318
0.322367
-2.19384
0.262267
-3.63801
-1.45061
-1.54245
0.232847
1.7057
0.247206
2.3697
-0.590691
2.11338
5.71125
-1.02791
-1.88819
1.35105
1.51191
1.00409
-0.327163
-2.15545
1.92262
-1.64023
-0.406306
-0.585957
0.0230321
0.446365
-1.02442
-7.16557
-1.35393
0.723808
1.76624
0.6689
-0.102775
0.309636
-3.16879
1.65263
1.97654
-0.626787
-2.03051
-2.30648
4.11342
2.98252
-3.54793
-4.34462
-0.49015
0.60012
1.8419
0.590912
4.65714
-0.556868
-0.741917
-1.12858
-2.16975
-0.870537
0.833179
-0.0517518
1.15506
0.660804
0.00918277
-1.5025
-1.81215
-1.25958
-4.85055
0.167593
0.0100166
1.06476
1.57179
-0.87406
1.62965
1.10301
-3.10017
-1.37697
-2.61959
-6.23476
-3.52252
-1.72987
-3.31333
-4.86407
1.74946
-1.14271
2.41414
-1.70264
-1.92193
2.87294
-0.351673
6.36799
-2.20632
-0.101031
-0.869471
-0.756238
3.57447
-1.36928
-2.56979
-0.0479309
-2.72861
-1.43241
-4.38578
2.23039
1.99336
0.827426
-0.760192
-2.6473
3.84696
-0.364138
-0.994616
6.34397
0.553482
-1.9311
0.27389
-0.217752
2.6682
-5.03132
-0.104268
2.47064
3.15552
-0.402821
-0.129308
-0.325721
2.09125
-1.46289
3.22667
2.73221
0.0386479
-1.52672
1.84005
-6.01078
-3.28338
0.966719
-0.320516
4.943
-0.0782966
0.994598
0.2027
1.06435
0.461183
-1.82204
-2.04215
-0.64975
0.847481
3.46492
1.94307
0.993249
0.448693
-0.438954
1.27225
5.35005
2.22424
0.156961
-2.51177
-3.90829
2.62169
1.24136
2.50018
0.316062
2.12394
-0.937243
1.80755
-0.583394
-2.59375
-1.00881
0.494217
3.07554
2.8065
0.527086
-2.38683
-0.878137
0.715914
3.62772
-2.33613
-4.6722
-4.54174
-1.18169
-3.66121
1.32414
0.305021
-0.340177
1.24621
1.34718
-2.37362
-4.26247
2.72479
-0.0130747
0.0152387
-0.264492
2.41344
-1.38754
0.834957
0.784314
2.01343
0.793342
1.81127
-2.92633
0.996735
1.66494
-3.75293
-1.77155
2.9571
-6.80767
1.39524
-1.34642
-3.39071
5.34563
-1.36963
4.36698
0.0839564
5.62828
0.544266
-1.27549
-0.721205
1.08216
0.954667
-1.79426
0.0208195
0.463656
-0.00813981
-1.0928
3.72139
0.828735
-1.1444
-2.10856
-6.6496
-1.16322
2.37846
-1.85559
0.552255
2.32632
3.39439
0.853341
0.449539
0.785782
0.277506
-3.5462
-0.0562396
4.04722
6.02309
0.0444736
0.00210531
0.87941
-1.74773
0.117705
-2.11561
-1.77564
1.74633
1.11828
-2.50792
0.632834
2.34894
2.22687
2.1464
-0.81917
-3.09152
2.11888
3.79026
-1.12581
1.4644
-2.79657
-0.938411
0.26917
-2.72518
-1.87237
1.02774
4.58072
3.79373
-1.75805
-6.83851
2.23245
1.01892
2.29275
0.937551
-6.63889
-1.81834
-4.33501
-0.926618
-0.457041
-5.1655
0.170009
0.0334556
1.27989
-0.0673846
-1.09992
-0.442126
2.06264
1.06758
3.71854
-2.17732
8.08327
3.01973
-1.45488
2.48441
-0.764695
0.967316
2.61046
-2.51525
-1.67592
0.0695379
-1.66717
-4.34312
1.80576
-2.78275
-4.16285
2.21682
0.759165
-1.40692
0.493856
-1.50477
1.48142
0.823469
-1.75636
3.63972
2.31793
-3.9714
-1.61062
-1.64028
1.10687
1.98498
-2.37799
1.44574
1.26672
4.1841
0.584067
-1.70179
-1.4453
1.58824
4.43477
-2.12275
-4.30974
2.58113
-0.999716
6.07385
3.40883
-2.75357
1.33032
-2.41659
-6.30651
-4.49349
-1.4698
-0.889905
1.86614
-0.653724
-1.73114
0.308968
-1.33438
-4.19364
2.46716
1.02531
1.419
2.85497
7.38293
3.26569
1.30271
-0.121691
0.183316
-1.52396
1.86303
1.4567
2.04512
0.0699218
-2.28374
-0.904886
-3.44518
0.869349
0.88214
-3.30315
0.776164
2.60925
5.06149
-0.543686
1.07881
1.00004
-6.12125
0.150691
-1.74839
4.26998
-0.411968
5.15012
1.09373
-1.65383
-2.07046
1.81901
-0.456595
1.71762
0.189679
4.77188
1.27704
-0.0924773
0.813235
-1.44054
-0.807885
2.16184
-0.283955
-2.88987
-4.69389
-0.0586355
0.109177
-2.49854
1.96653
-2.6365
-1.68128
-0.32744
3.37445
2.25697
-1.48708
-0.645013
1.88422
0.380283
-0.206617
-2.89024
0.0296908
3.48011
2.50348
-2.30974
0.800413
-0.182919
0.226018
0.0694342
2.03056
-2.17813
-1.21104
-1.00837
-1.75725
0.395001
-1.77491
-0.920395
1.98029
0.947504
4.00308
-6.50447
-2.03456
-0.30831
0.608457
2.876
2.50467
1.11167
-1.45299
2.36263
0.803905
0.034591
2.91088
1.34086
1.11661
-0.486224
-1.23401
0.851146
-1.59809
1.01037
0.646152
-1.63411
0.609989
3.61156
1.05672
-0.793823
-0.40321
1.96582
4.42856
-0.914023
-2.02905
0.692477
-1.61901
-2.04091
0.306296
-2.12952
0.582459
-0.80046
-0.705159
1.76339
2.18482
-0.0720452
1.10471
-1.14354
0.967043
2.41826
-2.39538
-1.92734
-2.51876
-2.23813
-2.29501
-2.329
-2.42439
-1.76169
-0.814085
0.979665
1.09849
0.802152
1.84368
3.53092
-0.581824
-1.33175
0.267501
1.57923
-1.64003
-0.656191
-3.98603
2.33746
1.71551
-0.754194
0.793344
3.90533
0.744711
-1.12406
-0.844886
-0.566757
-3.55665
0.609589
-3.32514
1.62252
-2.41375
2.12891
-0.405031
-1.97175
-1.38273
6.08917
1.78288
-0.8605
-7.33875
1.29664
-2.53987
-5.33965
-0.336472
1.9973
-2.38874
-2.92178
0.763035
-4.67761
-0.793199
3.87805
1.19717
2.80308
5.38956
0.572759
3.22419
-0.255911
4.20427
2.57397
-0.750731
-3.64916
-0.942133
0.322684
1.76336
-6.772
0.327718
3.67019
2.17225
1.83367
6.8188
-0.724431
-2.70174
5.51279
6.35148
3.38089
0.220083
2.05826
-2.76551
-0.587053
-1.26136
-1.38177
0.139734
0.224945
3.09439
2.14707
1.44095
2.41436
1.83376
-0.465335
-1.85777
-2.50231
-2.41351
0.883855
0.687453
-1.54875
-2.44014
-1.45116
1.80925
-2.47099
-1.75837
-6.33745
-0.604393
1.88912
0.277404
-2.53529
-0.389871
-2.5631
-3.28441
1.22348
0.738602
0.692223
-2.5943
1.65865
-1.3712
-5.90972
-0.37388
1.85482
0.580996
1.72836
-0.761107
2.08029
0.876737
0.95208
0.235196
1.29552
-0.393495
-3.58272
-3.45429
-0.0921938
-0.0567433
0.754997
2.03472
1.02912
-3.68104
-0.499257
-3.83675
-0.333795
-3.19366
0.303856
1.20738
-2.05482
0.238035
-4.30305
-0.281951
0.267882
-4.28009
-3.74191
-1.97405
0.772975
2.84852
3.60018
-0.983768
2.23725
2.92199
-0.105383
-2.46275
1.26884
0.117731
-1.83987
-1.53719
4.89081
3.15402
-0.210269
-2.30581
1.84571
2.98021
1.08238
-6.67996
-0.191095
0.526901
1.58415
-1.53389
-1.67006
-3.88817
-0.84952
2.55802
2.57792
0.491131
2.21525
1.74705
-0.0789341
-2.23541
1.38075
-0.0543254
1.05986
-0.97133
1.66161
1.90579
3.23975
0.617615
0.461118
-6.82094
-5.32419
1.04904
0.643041
-3.28053
0.282423
-1.13899
3.50523
-5.88031
2.55605
-1.75121
-0.524993
7.80711
-1.22478
1.4677
4.82973
0.907228
2.07178
1.53059
0.525126
-3.75014
-0.0539176
2.55453
-0.738768
-0.961809
-0.354943
6.27212
-3.71652
-4.20159
-2.49506
1.54881
-1.38455
-0.591353
-1.06107
1.83851
-0.74399
-0.637642
2.77083
-0.499826
-1.62419
0.449248
0.441508
-5.38352
0.839066
1.63194
0.844892
2.65024
1.89579
3.21501
-2.15646
2.01949
0.16901
-0.734123
2.89841
3.84709
2.50533
1.68897
0.948807
4.72174
0.106617
-0.351342
-1.5878
2.38538
2.75165
4.31465
0.214393
-3.1736
1.85153
-1.88294
0.533556
-2.17837
1.09123
-0.548741
-0.988551
0.949556
0.971025
-0.384134
-0.76302
0.425769
0.393197
3.34079
0.844334
-0.13989
0.960361
-5.56495
0.107639
2.29112
-1.94279
-0.64911
-0.0639695
-0.0107951
-3.46049
-2.0549
1.80468
0.10144
-3.43897
0.708945
3.86766
1.34906
1.26103
2.43955
1.41447
5.23711
2.59275
1.09146
0.922884
0.232558
0.452188
-5.6966
0.620127
-1.52755
0.0752041
1.69103
2.0313
1.135
0.833809
1.52118
-7.96017
-3.17347
-1.13114
-5.22868
-2.87475
-1.03258
-0.340337
-1.15931
2.40888
1.94629
-0.225425
-2.83846
-0.520785
-0.462137
-3.7132
-2.60792
1.75899
1.88973
2.14073
-2.86321
-4.47966
-1.66317
-0.377836
-0.697052
-0.60645
-0.4478
0.449601
-2.93895
4.38277
1.55723
-2.98941
1.33983
-2.9812
0.223478
1.58852
-3.94443
-1.18532
-3.30514
-2.40315
-1.60884
-4.53985
-2.52117
-4.26898
1.4775
3.75912
-3.92471
-1.91256
5.85896
-1.95215
-1.00259
-2.64294
-2.09248
0.394863
-3.30583
2.87296
-1.02065
7.2776
1.08947
-1.17318
3.39232
-1.49162
-1.27593
-0.126927
0.850802
-1.8935
1.22896
1.83214
-3.21793
1.13272
-1.9516
-0.676846
-0.586928
1.93414
2.29889
3.42368
4.17149
5.10424
-0.020453
0.817141
-0.0145477
0.0892915
0.650452
-4.09724
0.977424
2.30071
-0.644748
-0.312009
2.5487
-5.5158
1.64416
-0.980583
-1.37635
2.11475
4.65661
1.3689
6.83693
0.241213
0.373417
-0.598398
2.1378
-1.00659
-2.16913
-2.73851
2.70263
-0.0624788
4.03663
-0.107216
1.30579
1.14326
-2.61445
-1.20482
-1.42427
-0.168748
0.982443
-2.89953
1.98985
-0.602616
1.27845
0.851002
0.597109
-0.0991155
-0.591186
0.0417278
0.478037
0.0622468
-0.418857
2.34343
2.28804
3.21326
-4.07363
-1.13898
2.89811
0.162854
-0.215547
2.26096
-0.223899
-0.906923
1.58191
-1.49509
1.33859
-2.70113
-4.0636
0.767777
-4.24414
-3.05959
-4.19785
0.271895
-0.273969
-4.78323
-0.976886
-2.64417
-1.83756
-2.05693
-0.981408
0.796041
-1.68583
3.85175
-0.702871
1.80414
-0.475521
-2.59837
-3.66325
-2.27704
-0.838224
-0.379214
-2.8656
0.371861
7.82696
-7.36558
-1.43647
2.66954
-1.27495
2.40756
1.49857
-1.91208
0.377862
-0.311132
-2.47359
-3.47429
0.699684
0.481319
-2.69966
0.306066
3.79323
1.49765
0.41078
-7.13878
0.416668
1.54281
0.324424
3.044
1.13094
1.1325
0.879685
-1.49152
-1.39137
0.502305
0.128123
2.23552
3.04924
-1.22917
1.17418
-3.42734
0.825863
2.95934
-0.189061
-1.21128
-2.73689
4.48554
-1.61185
0.903955
1.18389
-0.212006
-4.7734
1.28666
-1.78908
2.13994
-2.00942
-2.26407
3.1125
-2.63415
3.20672
0.77232
2.09792
0.250491
2.18347
0.36065
-0.425898
-0.936445
-0.618196
1.20681
-2.03629
0.268155
-1.44966
0.585603
1.20927
-0.62261
-1.25248
2.5861
2.41427
-1.9375
0.729896
0.0561171
3.29346
-4.10752
0.132045
5.47021
-1.48754
3.84688
0.187474
-0.102883
0.631816
-0.523943
2.40775
-0.654656
-3.76097
1.30507
-7.5564
-2.69584
-2.56322
-0.317183
-0.947939
-0.985621
-0.580917
1.21389
-6.71431
0.219653
1.52283
4.77254
3.02535
0.675787
6.09551
4.33977
-1.98753
1.08308
-0.933497
-1.67992
-0.415827
-0.444669
-0.146771
0.823858
0.291663
0.602282
-1.74833
1.23825
-1.10857
1.11445
-0.131043
-2.3605
-2.43155
-0.0786085
1.4537
2.4452
-1.68013
-0.0306973
-1.45378
1.18079
-1.71612
-3.9118
-4.49705
-1.83344
7.77274
-0.465374
0.883036
1.94114
0.746905
-0.771763
2.80592
0.344202
-1.16663
1.23855
0.964204
-1.13208
-0.0603987
0.506061
-0.686105
-0.542325
1.41112
0.0109924
0.340211
-5.11414
0.764409
-1.60234
-0.816849
2.50707
-2.39738
2.91019
1.77909
1.19174
-0.235557
-0.425571
-1.93253
0.594977
3.45339
-2.80343
4.27513
-0.175605
2.60339
-1.92642
-2.09907
-0.0671299
2.9616
-2.37455
-0.716265
0.900862
-0.0668573
-0.46637
-1.60831
-2.11348
1.48807
1.05779
-2.43429
1.25757
0.935862
1.16945
6.51682
3.8086
-5.4861
-3.65787
2.42395
2.19242
1.13983
1.91773
2.18177
0.933358
0.731579
-2.98552
1.01679
-1.27373
-1.81624
-0.420066
0.559561
-1.60451
-3.22963
1.6294
-2.37566
-2.75316
7.28476
-1.71952
0.692368
0.688645
0.357168
-0.598437
-4.44066
2.55761
-0.18658
-2.05968
-1.0511
-4.86623
0.974857
-1.3283
-0.0407745
-1.07633
-2.0831
0.540932
1.51349
1.23163
2.17653
0.381594
3.20001
-0.799088
-1.34222
0.424348
-0.452058
-4.58026
3.00754
-1.02276
-0.721355
-0.570539
-5.59114
0.227122
-1.02914
5.14176
-1.8414
-1.7593
3.05813
4.10833
1.15851
2.0969
1.80276
0.457411
3.60776
4.83377
1.70535
2.74969
-0.0409695
-0.431481
-0.471703
0.912098
1.60246
-3.35957
0.97722
-1.50478
-1.45098
-2.6327
0.545693
-0.500702
1.26053
-2.774
-1.13076
6.72295
0.80599
-0.628283
-0.687969
-1.58291
2.99584
-1.56857
-3.42712
-1.52292
3.13899
0.844129
3.7452
0.881886
0.491619
-0.0255148
-0.68188
1.3943
-5.31771
-1.00691
4.35637
7.21111
-1.20481
1.60111
1.10673
0.0463222
-6.00163
1.22902
3.3563
0.927435
0.924977
0.278936
-0.304096
0.99275
0.329298
4.28159
-1.80294
4.56853
-3.70518
-3.93134
-1.92799
-2.25952
-0.211848
-2.836
2.09939
-0.438398
0.223933
-0.369761
1.80289
-5.23488
-0.285274
2.59082
2.40111
-0.729755
4.7696
1.02188
2.75977
0.164434
0.743962
-0.415194
3.42861
-0.866325
-1.31335
1.84553
0.75311
7.79997
-1.95578
-2.12802
-2.31398
1.81775
2.2628
-2.83883
1.48544
1.40963
3.0801
2.33097
1.75737
-3.24615
-0.327302
0.978722
0.92789
-0.95161
-3.69755
-1.33595
2.61913
1.09179
3.75232
-0.666561
-1.09637
3.12084
1.86748
-0.536285
-3.36256
0.198476
-1.76713
-3.43188
0.554967
0.346173
0.351808
0.0653186
1.70388
-2.99968
-1.17487
3.17788
3.38729
-1.93541
-1.84013
0.407639
3.6863
-3.58604
-2.13213
0.694258
-0.526958
-3.83179
-3.71006
-3.74331
-4.53021
-0.990435
-5.72834
-2.77745
2.95507
0.164629
-1.80662
-0.39486
1.27983
0.0928318
-4.267
0.674076
1.88269
1.4709
1.9248
-2.43196
2.64766
-0.515808
-2.15408
-2.64615
0.359507
1.13995
-1.66169
0.641501
-3.58469
-0.455672
2.86642
-0.162729
-1.39439
2.87118
0.0416831
1.95962
1.31094
-5.90463
0.261555
4.28737
0.135795
4.66566
1.54024
-0.216041
-2.67434
2.4226
2.05888
0.33765
-2.13006
4.70349
-1.40246
1.8978
-3.38337
-4.47843
-0.88346
-4.307
-0.0500299
0.365734
-2.11113
0.0525591
1.97713
0.709841
4.27579
2.36565
2.22509
0.655969
-3.24016
0.631886
1.63292
0.492979
-1.93339
4.86151
-1.09489
4.70733
-1.9185
-2.47661
0.905064
3.70718
2.92317
-2.12347
0.0465256
0.350242
1.62454
3.2285
-5.15695
1.96017
-0.568546
-3.54554
-3.1389
-2.376
-1.76646
0.816037
1.76228
0.267925
0.900441
0.0768338
-1.16358
0.589959
-1.00062
-1.62556
0.742117
0.502639
1.4406
-1.22933
1.3708
-1.9963
-1.64177
1.4596
-1.48347
1.4484
2.35734
1.28105
-0.050261
-2.86125
-1.34173
0.146702
1.9693
-1.01948
-2.18392
-1.0433
-1.39917
1.14456
3.21555
-2.02454
4.55841
-2.7457
1.38151
-4.68284
1.86573
2.06148
3.16776
-2.10482
1.08346
0.172322
-0.52209
2.58841
1.97643
-2.35761
-4.11374
1.74408
-2.2596
2.74163
-2.737
3.26703
-0.877616
0.261437
-7.60703
0.615473
3.00569
3.76663
2.1238
-0.244506
-0.451248
1.05784
3.88576
3.5069
-2.0562
-0.526318
-0.374301
-0.955362
0.617534
0.230096
-3.66529
-0.698805
-1.08157
0.775693
-1.43665
2.61405
0.134726
1.41857
0.78406
-4.11093
-0.419415
1.03784
-2.49858
-1.61561
-2.5595
1.2609
0.397626
-2.18074
-3.00315
-0.885569
-0.765281
-4.26897
-1.72916
1.5388
0.992776
0.678216
12.6967
0.251079
0.413136
-1.30977
0.681144
-1.15888
-0.508156
-6.23194
0.755718
2.27047
2.80036
-1.06492
3.14137
-1.64168
1.54351
2.42738
-3.8545
0.715409
0.457083
1.55385
-1.58943
0.806382
1.85519
-1.57941
1.35481
1.42983
3.64312
-1.06136
-0.869137
2.20856
-3.76657
2.40765
1.05196
1.33352
-2.87255
0.722674
0.757205
1.17573
-6.90853
1.66852
0.309661
0.72936
-2.40533
4.30515
-1.27271
-0.619707
-2.04641
0.122137
-0.281387
-1.00208
-1.38948
-0.210689
-4.75483
-3.03029
1.0942
2.95273
0.325296
-1.31574
-0.848923
2.71046
1.27468
4.31641
1.64054
2.92428
-1.93264
1.41881
-2.55333
-3.40415
-6.48581
-0.672779
7.62695
-0.767006
0.000632961
-0.786874
2.18634
0.86282
-0.881171
-5.11519
0.812654
-0.588431
2.47289
1.13519
5.2224
-3.96836
1.49458
1.44249
2.14554
4.16903
-0.367413
-0.923439
1.97168
-2.94303
-0.440987
-0.222913
-1.15131
-0.100595
-1.40348
-0.150664
3.02431
-3.16362
-2.58559
-2.85267
-0.386519
1.57231
-2.27738
-0.0918549
-3.24656
2.47325
-1.59865
-1.45823
-2.29358
-0.172998
-4.0077
-0.575913
1.5403
3.6624
0.0255367
5.49817
1.21741
-2.92685
-0.6371
-1.25753
0.231736
0.0730331
0.220631
-1.69133
-7.63
0.228421
-3.31205
0.393586
0.875696
5.27525
1.76981
2.93188
2.06634
-1.16302
-0.269044
2.06227
-1.13619
0.28549
0.796736
2.33015
-0.205649
-0.199843
-0.0690388
6.22323
-0.519124
-0.00276655
-1.39918
1.85209
0.206577
0.973003
0.0103557
-0.680015
-3.07709
-0.368292
1.68517
2.52184
-3.96744
0.849941
-1.79045
2.53284
0.979902
-0.809601
-0.453385
-4.36364
-2.7676
0.449195
4.2226
0.499832
-0.29214
-1.03186
-0.0529378
4.45646
0.616501
-1.90018
4.08944
3.19167
-1.27203
3.49561
-1.89489
-0.693116
0.191094
-2.06605
-1.21555
0.989915
1.29194
0.255676
-1.18869
2.03323
-1.20388
-4.86228
0.0687664
0.833287
-0.103944
-4.73882
-1.5435
0.316586
-0.365476
-6.29714
0.764222
0.860433
-0.430147
-5.52889
1.27336
-0.409929
0.691063
-0.564523
2.36454
-0.0436966
-3.39899
-2.09736
-1.50393
-8.26381
-0.236987
0.306942
-1.97941
0.188564
2.12045
