-0.28454
0.23789
1.19543
0.0956836
1.19106
-0.238477
0.0231868
-0.716181
-0.911407
-0.666209
0.356581
-0.918283
-0.00539309
-1.06584
0.0278982
1.0566
-0.111772
0.100407
-0.103339
-1.0815
1.19985
-0.185369
1.43683
-0.897588
-2.12079
0.0461332
-1.36817
1.43561
-0.898962
1.96789
-0.049118
-1.82479
-1.28004
0.0623591
0.0301719
-0.620799
-0.808984
-1.06972
1.32445
-0.0858201
2.66877
-0.482368
0.551735
-2.26153
0.0699626
0.444216
1.76351
-0.191523
1.42641
0.169004
0.221646
-0.0876531
-0.653109
-0.637999
-0.80233
-0.179442
1.62115
0.679804
-0.00939256
0.574384
0.755408
-1.04907
-0.17509
-1.335
0.344948
-0.13713
0.951388
-2.22043
1.70069
-1.67016
-1.33886
-0.213295
-1.98515
-0.206751
-0.638028
-1.13198
-0.680774
-2.2589
-0.204128
-0.935413
0.0448516
0.750353
0.349484
-0.781571
0.52056
-1.03303
-0.239374
0.226091
-2.03269
-0.374587
-0.115997
0.247584
-0.948663
-0.614065
-0.329621
-0.0720091
0.426933
0.173709
0.487942
0.53903
0.253235
2.16733
0.349228
0.766426
0.535895
-2.8608
0.510137
-0.51955
-0.655905
3.1403
1.84832
2.16807
-1.17652
0.930442
-0.800396
-0.0511594
-0.145223
0.386131
0.900806
1.35774
0.0168941
0.207822
-0.491357
-1.26795
1.59449
0.582674
0.812718
0.879938
-1.08472
-0.0785868
-0.690961
1.83418
0.884895
0.62145
-0.272615
-0.016868
1.48788
0.368321
-0.244882
-1.14732
0.413585
-0.20685
-1.74668
0.555437
-0.0989658
-0.257744
-0.52444
-0.393399
0.246113
-1.08591
0.600978
-0.532455
-0.212565
0.2184
0.168824
-0.99665
0.965402
0.212027
-2.02809
-1.60213
0.429727
0.479626
-1.06388
0.432414
0.0532651
-0.379142
0.55773
0.828762
-1.10336
-0.680425
-0.548609
0.410528
0.75697
1.03525
0.922131
0.384307
-0.239029
0.591519
-0.834726
1.76436
0.861066
-0.656778
0.239093
1.42846
-0.897876
0.37093
0.412812
-0.61238
1.05444
0.436898
-2.65292
-1.22698
0.384148
-0.56628
-0.437879
-0.204183
-0.706315
-3.046
0.307773
0.158747
1.76084
0.00837962
-2.14262
-0.0923255
-0.58886
0.662305
0.936972
-1.3347
-0.855027
1.87528
-2.15181
0.603317
2.03918
-0.116507
-0.949944
0.0656153
0.992935
0.255854
-0.444003
-1.55886
-1.32044
-0.70051
-0.272943
0.812187
-1.89512
0.620145
-0.970085
1.36763
-0.0373294
-0.223236
0.188281
1.87402
0.336355
-0.499189
1.47929
0.225906
1.05143
-1.702
0.643093
-0.208366
-0.137805
-0.320494
-1.64586
-0.961238
0.575682
0.0101628
0.268249
0.15875
-2.68535
0.354016
1.05007
-0.767104
-1.08963
1.49774
-0.478616
-0.527907
-1.7205
-1.28999
-0.890676
-0.611295
0.708007
0.233723
-0.00327175
0.691486
0.0954591
-0.217119
1.59646
0.544793
-1.4712
-0.442853
-0.109238
-0.907739
-0.317994
0.263518
-0.494122
0.248493
-0.207452
0.510533
0.445384
-0.0318823
-0.0545842
0.0807626
0.0474193
-1.204
0.1344
0.30259
-1.19236
0.0871368
-0.048771
0.849587
0.180765
-1.31673
-0.404886
-1.67334
-2.80177
0.348511
0.339544
-0.837322
-0.641152
0.17112
-1.4213
-0.50111
0.89658
-0.969389
0.691649
-0.0692032
0.65274
-0.188168
0.280548
0.659943
-0.977093
-0.826892
-0.0929333
-1.22159
2.02629
-0.530492
-0.0637962
-0.385323
0.254771
-0.119447
1.13167
0.977995
-1.12482
-0.258259
0.766839
1.13997
0.260192
-0.915754
0.917501
0.514205
-4.07812
0.0459101
0.842004
-1.55
-0.117062
-0.850698
1.72445
0.333922
-0.543459
0.245538
-1.09868
-0.869445
-0.284126
-1.53499
2.19614
0.559638
0.121678
-0.355822
0.196415
0.291909
0.33842
-0.15386
-1.17169
0.741631
0.287202
1.64055
-0.371804
0.658619
-0.897089
-0.527646
-0.141274
0.350123
0.0428587
0.534154
0.295371
-0.0543844
1.21865
-1.49416
0.861808
0.685266
-0.460935
0.490335
-0.555584
-0.574909
0.109384
0.597021
-0.0732638
1.32402
0.146817
-0.0401212
0.461115
-0.080616
0.229401
-0.290964
0.433583
0.104192
-1.92857
1.89474
0.306914
-0.0914064
-0.263379
-0.00937821
-1.64642
0.587241
0.536832
0.379478
-0.187493
0.0128956
-0.172286
0.0510129
0.706014
0.207275
-0.298329
-0.665315
-0.844744
-0.810345
2.22354
-1.76589
0.930203
-1.83125
-0.36222
-0.241793
-0.557917
0.148453
-1.0798
-1.21394
0.358019
-0.864033
0.428347
0.777445
0.0162019
0.435972
-0.0547779
0.401465
0.294134
-1.14036
0.615463
-0.671232
0.0329593
0.338157
1.09835
-0.712371
0.340856
-1.52237
-0.570437
-0.240138
0.830664
0.0664589
0.298445
-0.247777
0.972621
0.87771
1.38776
3.06823
-0.231618
-2.61043
0.861254
1.20593
0.695058
1.68829
-0.0539734
-0.031121
1.90187
-0.853738
-0.0695112
0.433767
-0.0975171
-0.762495
0.916641
-0.587892
-0.28539
-1.19616
0.289685
3.07579
1.95845
0.897031
-0.673396
0.503766
0.0181281
-0.530295
-0.594663
0.561685
-0.764245
0.00565679
0.992957
0.700547
1.99395
-0.0598377
-0.160731
0.300396
-0.329756
-0.583318
-0.440689
-2.09749
0.328095
0.598509
1.43904
0.0941798
-0.0410109
0.627954
-0.440909
-0.483983
1.1621
0.910405
0.0337142
-1.79938
-0.70617
-0.762968
0.210451
1.38486
0.192595
-0.796123
0.967336
0.531586
-0.0432776
-0.0903725
-0.911919
-0.620566
0.570494
0.0285081
2.90563
1.68717
0.482064
-0.0610382
0.893929
0.318377
-1.58422
-0.255947
0.142494
0.15004
-1.14937
0.119468
-0.268774
-0.0337681
-0.522719
-1.26468
-1.36924
-1.64806
1.96235
0.724469
-1.78989
-0.332645
1.32005
0.78541
-0.396134
1.20249
-0.201561
-0.640733
-0.426849
0.187578
-0.0416735
-0.0365897
0.0470724
-1.45491
0.408426
-1.84557
2.29778
0.0721127
-0.919242
2.5569
-1.08643
1.12393
-0.222728
-0.335693
-0.0322149
3.06889
1.55306
1.14573
-0.527729
0.327752
0.0144176
-0.746537
0.698465
-0.453191
0.768193
1.74733
-0.570665
-0.0363823
-0.167336
-0.830578
-0.0729494
-1.25765
0.376043
0.205266
0.926279
0.784985
1.39371
-0.480682
-0.404285
-1.18062
-0.856591
0.534633
-0.0686598
0.533818
0.657153
1.4956
-0.471509
0.542777
-0.145735
0.681118
-0.0729024
0.760121
1.62091
-0.0672365
-0.0282526
0.451745
0.197497
0.688711
-0.0985524
1.04188
0.620903
0.217925
-2.98732
-1.20645
1.51769
0.846495
1.04472
-0.383861
0.0744982
0.0977131
0.0721354
0.318064
-0.0592741
-0.625773
-0.93419
2.56558
-0.285244
0.352664
0.822909
-0.537647
-0.467165
2.05066
1.76674
0.567188
0.164451
-1.2742
-0.75184
-0.0145455
0.558433
0.623018
-0.272303
0.224126
1.22484
0.214696
0.0716317
1.36278
-0.0313463
-0.796114
0.184411
0.926503
-1.59713
-1.37809
-0.688257
1.08575
-1.36272
0.975674
0.32086
1.69227
-0.380259
0.0390032
-1.07613
-0.747943
0.485194
-0.429072
-2.17569
0.53073
-1.62041
0.728126
1.56358
1.57484
0.538446
0.238679
0.0982673
0.674912
-0.594614
0.171582
-0.385189
-0.175565
-0.472405
0.563592
0.857547
0.244032
-0.336293
0.165904
0.597082
-0.422485
-0.322407
-0.437759
0.405939
-1.44292
0.0899214
-0.0769295
-0.702667
-0.631525
0.975851
-0.165213
0.385327
1.57265
0.412061
1.06839
3.58954
-0.16485
-1.3644
0.340756
-0.121944
-0.362553
-0.779804
0.139598
-0.785894
0.260347
-0.0684558
0.634109
1.25748
-1.48496
-1.05614
1.84311
-0.397909
-0.975266
0.892988
-0.00857613
0.54285
-0.196375
0.866435
1.77366
0.347926
2.25599
-0.240344
0.311695
0.407389
-0.670001
-0.935939
0.116221
-1.1483
-0.942068
0.520479
-0.480926
0.189014
1.04797
0.33455
-0.243814
0.321117
1.45299
-0.00732275
1.50645
2.80352
-0.233108
0.337003
-0.321799
1.10113
-1.67516
0.454809
0.178175
-1.0854
0.148942
-0.2607
-0.528131
-0.261924
-2.5862
-0.0687021
0.713893
0.0364586
0.559373
-1.30877
0.671877
-0.84584
-0.103711
-0.508103
1.42788
-0.407573
0.87522
-0.0782418
-2.78155
-1.02126
0.417057
0.290805
-0.132607
-0.0898412
0.0777114
-0.558035
-0.0927861
-0.838111
0.0212617
-0.275205
0.402315
0.673578
-0.357905
-2.59409
0.671382
-0.745929
0.598732
-0.0891332
1.91375
-0.239465
-0.613961
-1.88527
0.256959
0.406806
-0.983682
-0.118676
0.0599059
-0.61898
-0.347485
-0.332698
-0.333924
-0.068401
-0.0255449
-0.193864
1.37748
1.16881
-1.31427
-1.22166
-0.301528
-0.554374
0.181925
-1.19575
0.504176
0.593546
-0.451648
0.227509
0.783776
0.546343
0.413437
0.571083
0.368008
0.717824
-0.966417
1.45246
0.201347
-2.11805
1.11052
-0.510847
0.45958
-0.561244
0.636979
-0.713379
-0.628191
0.639983
0.909629
0.997067
0.883349
-0.0348827
-0.673663
0.39403
-0.845915
0.503967
1.01156
-0.358494
0.316706
0.611692
-0.0243982
-2.94846
0.134157
-0.994686
0.159928
0.606652
0.666768
0.840839
0.575126
-0.614966
-1.46869
0.273356
-1.23167
1.51175
-0.3313
-2.06621
-0.742172
0.0494762
0.187126
-0.0573107
5.76417e-05
-1.19416
-1.31057
0.13638
-0.597383
-0.733762
-0.417056
-0.16022
-0.699024
1.22641
1.31313
-0.25906
-0.361015
1.07938
1.05396
1.69919
0.699777
0.559649
0.840413
-2.26259
0.530603
-0.481093
0.293532
-0.555401
-0.845861
-0.213212
-0.373043
1.78257
-0.080174
0.0401092
-1.03695
-0.00366611
-0.336313
0.837936
0.552806
-0.333455
-2.27931
-1.61693
-0.61337
2.94105
-1.36234
-0.730574
0.619451
-1.25214
-0.126136
0.427699
0.97311
0.0993434
0.325443
0.725913
-0.555632
-2.95017
0.213784
-0.845272
0.446157
-0.239568
1.9283
1.92142
1.25044
-1.67351
1.32675
0.726032
0.6896
-0.37602
1.53574
-0.532957
2.80014
0.499528
-0.776866
1.22366
-0.730671
1.88312
-0.321896
-0.647733
-0.944807
-0.968208
-0.967573
0.232119
0.0596482
0.67445
0.0881608
-1.04228
1.00453
-0.820902
0.434462
-0.463661
-0.137429
0.0920535
0.121177
0.468767
-0.377316
0.0939511
0.638993
0.208495
0.191858
0.401347
-0.247898
-0.837744
0.144215
0.698408
-0.470411
-0.0960039
0.767356
-2.89159
-0.637503
-0.775147
-0.761306
-0.518292
-0.173546
-0.167224
-0.820806
0.047039
1.40321
-0.28632
-0.135004
0.00121865
1.77884
1.09164
-0.642338
0.449953
1.61895
-0.861228
-0.0725732
0.892518
-0.160209
0.120177
0.274448
1.12017
-0.242434
-0.104867
1.10171
1.21926
-0.347856
-0.105478
-0.628221
-0.474428
0.0304114
0.066248
0.432917
0.197247
-0.323741
0.0129124
1.12317
-0.201231
0.0513549
0.208131
-1.00185
0.300514
-1.15205
-0.0569649
-1.15834
0.224933
3.94966
0.062463
0.775679
-2.10192
0.749038
-0.266498
-1.78454
-0.174719
-2.06886
-0.264431
-1.05645
-0.180896
0.0127879
2.09496
-2.03005
0.203872
0.214393
0.285812
0.212754
2.04998
-0.42882
0.201103
-0.229491
0.49395
1.61791
0.32731
0.282507
-0.956864
-0.39573
-0.143952
-0.547591
0.886253
-1.06367
-1.82406
-0.642784
-0.239165
-0.551511
-0.223744
-0.20411
-0.286874
0.0190194
0.0158833
-1.32583
-0.507942
0.682193
1.3565
0.228631
-0.395179
1.11044
-1.3327
-0.69948
-1.5177
-0.15531
-0.116937
-1.00971
0.0814426
0.495289
-1.49325
-1.98568
0.0847237
0.681712
0.659254
0.762104
-0.438577
0.205516
-0.316401
0.186874
1.14382
-1.31843
-1.05632
0.0583884
-0.986108
0.56473
1.22564
0.0533174
0.324041
2.7642
-0.562586
-1.81031
-0.362661
0.517112
-1.23391
0.209891
0.034882
0.0519743
-0.356615
0.069301
-0.898184
0.00371243
-1.50629
0.408946
0.606371
-1.49932
-0.389259
-0.323427
0.250078
0.205956
-0.322843
-0.867446
1.10051
0.583779
1.1426
-0.934732
1.6893
0.651304
0.275044
0.682856
-0.43722
0.0381571
-0.503686
-0.0175605
3.08239
0.539645
-0.0623476
0.346245
0.00508978
-1.00542
1.09521
-1.03229
-2.94246
0.520767
0.65849
0.458348
-2.42797
-2.47916
0.145859
-0.412191
0.233029
1.79753
-0.207502
0.761926
-0.899727
2.26752
-0.142527
0.101816
0.403869
0.226134
-0.798674
0.87767
1.84795
0.945317
-0.352039
1.45618
0.474669
-0.751989
-0.78183
0.869355
0.554678
0.128604
0.51037
-0.633669
0.420405
0.930276
0.564534
-0.363665
0.314049
-0.650807
-0.526559
-1.17947
-1.23269
0.790059
0.600042
-1.20375
-1.26716
0.507151
-1.29738
-1.01096
0.275699
1.69245
0.270175
-0.849339
0.114299
-0.842833
0.177669
-0.244205
-0.358376
2.34949
0.473967
1.13558
-0.77084
-0.441048
-0.0527634
-0.815618
-1.07241
0.460984
-0.0877921
-1.06771
0.260486
-1.27575
-0.421045
-0.446327
-0.11414
-0.188321
-0.501103
-0.232384
0.460865
-0.874108
1.10271
-0.460413
0.218597
0.139825
0.465865
0.64112
0.0237686
-0.365097
0.165355
-1.54877
-1.40629
-0.230433
0.670735
-1.89696
1.68111
0.151419
0.315632
1.56322
2.84141
-1.48162
-1.10352
-1.99836
2.52206
-0.201219
-0.474821
0.991234
-0.974704
0.269476
0.727062
0.580822
0.868821
0.380352
-0.1398
1.86017
0.060168
-0.543066
0.0986992
0.791772
0.100088
0.665535
0.0237982
1.12046
0.222973
0.54893
-0.655991
0.202866
-0.880741
-1.62365
-1.93471
2.59062
-0.0052162
1.40394
0.40691
0.379683
-0.195686
0.640713
0.0657329
-1.03539
0.801596
0.353326
0.940882
0.579963
-1.08211
-0.465915
1.28453
0.991168
1.04905
0.492587
0.172221
-0.427866
0.18459
0.172994
0.798947
1.28507
-0.709661
1.13745
-1.16539
-1.45049
0.631906
-0.230802
-1.8832
-1.85594
-1.24984
-0.153178
1.00694
-0.130656
-0.898205
0.500727
-0.419143
0.0632141
0.256565
-2.65418
-1.68445
-0.157638
-0.586995
-1.48146
-1.09579
0.622924
-0.509629
0.301893
1.64761
-0.587105
-0.498706
0.223536
0.727084
-1.3926
-0.0331325
-1.39515
1.05051
0.0340046
-0.489653
0.562658
-0.377596
-0.0173822
0.00977732
-0.965711
0.543597
-0.446567
0.0238929
-0.494646
1.29625
-0.948822
-0.288221
-0.0660832
-1.11814
0.300523
-0.140229
-2.58193
2.22292
0.727326
1.13255
0.384033
1.22648
-1.09703
-0.430869
0.0198967
-1.16455
-0.0381225
0.309471
1.5522
-0.329975
0.320522
2.05029
0.717009
-0.19147
0.00353645
-0.165375
-0.57456
-0.0806118
-0.674798
0.410721
0.973213
1.87846
0.0737078
0.146012
0.382572
-0.148892
-1.08746
0.584289
-0.263199
-3.61897
-1.43
0.415806
0.97612
0.594833
-1.79736
1.3459
-2.44971
-0.604571
0.313072
-0.0593686
0.221914
0.473615
-1.0974
-0.185423
-0.432873
-1.04815
0.855777
-0.0553094
1.88649
-1.0365
0.848746
0.547783
-0.960198
-0.772471
0.754357
-1.20465
0.264693
-0.271569
-0.168763
-1.26411
0.852729
-0.922592
0.339559
0.106204
-1.32059
0.927731
-0.669974
2.69344
-0.713757
-0.441688
0.290401
1.92275
0.748332
1.42252
0.00207612
-0.04698
0.229129
-0.447558
-1.46243
-1.07693
-0.139685
-2.18203
-0.480357
0.0312716
-0.591109
-1.53847
0.200624
0.433639
-0.744124
0.941178
1.0561
0.127921
1.05009
1.43501
-1.60287
0.739135
-1.00118
-0.516953
2.62996
-2.45548
-1.49568
0.523373
0.4827
0.964705
1.38062
-0.283045
-0.512234
-4.33916
0.0731674
-0.513822
0.855105
0.419223
-0.613999
2.10538
1.09669
-0.0297873
0.0728774
1.66736
-0.843677
0.238946
-0.911429
-1.01809
0.475442
-0.878528
-0.101788
0.484042
-0.153152
-0.475235
1.0334
0.310795
-0.267214
1.71787
-1.79311
1.23727
-1.32356
-0.135029
1.33573
-0.497345
-0.47048
0.0641845
-0.265223
0.129401
-0.929468
-0.891347
0.5776
2.47244
-0.00688361
-0.0250141
-0.513405
-0.826406
-0.0380711
-0.339457
0.0347559
-0.699138
-0.13341
0.12122
-1.81918
-0.497869
1.10078
0.0370988
-0.881282
-0.367683
-0.197113
-0.539691
-1.17048
-0.345241
0.243467
0.153573
-0.815504
-2.07351
-0.180287
0.698972
1.78029
-1.70565
-0.435861
1.73572
-0.542061
-0.900021
0.135591
1.56376
-0.703553
-1.02057
-1.76838
-1.49157
0.120583
-1.43842
-0.946268
0.605109
-0.24343
-0.0761679
0.137577
1.18211
0.0877645
-0.935562
1.38301
-1.32633
-0.28103
-0.332088
0.242627
-0.211155
-0.464006
0.0693113
0.217777
1.67859
-0.399281
-1.07525
-0.373469
0.575357
1.15418
1.57356
0.41657
-1.74095
0.376394
-1.25523
-0.743839
1.23967
-2.09589
-1.03079
0.370962
-0.0711186
1.06373
1.64373
0.686084
0.782264
1.09939
-1.14062
-0.0952457
-0.0232792
-0.0810506
-1.75183
-0.329775
0.367027
-0.909274
-0.0567842
-0.49531
-0.321139
-1.6678
2.09936
-0.459844
0.287206
-2.52835
-0.250198
0.333694
-0.33279
-0.364617
0.0736483
1.22328
-1.12713
0.133698
0.704571
-0.00440817
0.944387
-0.476693
-0.627923
0.0496635
-0.999209
-0.0957283
-0.136985
0.0676164
0.985911
2.3427
0.347432
0.142248
-0.813565
-0.0482169
-2.40607
-0.427972
-0.339327
-3.9661
1.47795
-0.437777
-0.314967
1.24894
0.164698
-1.08955
-1.92652
-0.496779
-0.678104
-0.87953
-0.328116
0.572247
0.289259
-0.478081
-0.778667
0.440052
-0.0111229
-1.49612
1.15537
0.904861
0.224484
0.934775
0.908719
-0.594149
0.618338
0.214372
0.195382
-0.247498
-1.116
-0.293646
-1.19339
0.272341
1.13428
0.0972486
0.496748
0.960986
0.196676
-2.0188
0.311403
0.846829
0.902425
-4.05483
0.781232
0.390891
1.86643
-0.745387
-0.287076
0.496567
0.479161
0.371605
0.802425
0.756583
0.181724
1.20015
-0.645092
-0.23233
-0.0502103
0.169136
1.05793
0.0311541
-1.06266
0.913829
-0.390671
1.64729
-0.451178
1.36178
0.668758
-0.377481
0.239981
0.632385
-0.779596
0.905003
-0.377523
4.5371
1.51762
-0.147386
-0.34463
0.377845
-1.52304
-1.17184
0.214326
0.36459
0.376128
0.36341
3.15125
-0.223534
2.0387
0.122974
0.372736
0.491821
0.36003
0.0642462
1.01106
-1.10617
0.504887
-1.41512
-1.32059
0.0855388
-0.281702
0.949584
-0.382572
-0.705646
-1.59003
-0.293
0.0741022
0.442686
1.06811
0.0896106
0.122019
-0.0176174
-0.580567
-1.48103
0.2845
-2.68837
-0.220153
-0.331164
0.768566
-0.396175
-0.792722
0.602704
0.658941
0.655325
-1.0113
0.0624101
-1.03276
-0.361916
-0.238994
-0.668946
0.165647
0.445494
-1.58554
-0.436898
0.342362
1.29066
-0.342936
-1.99015
0.0589987
0.874846
-0.253937
0.956507
0.822824
-0.841589
-1.49125
-1.02391
2.35289
-2.0554
-0.615324
-0.519226
1.208
-0.048306
-0.0806311
1.06662
0.210939
-0.899558
0.138387
0.52908
-0.401191
0.322738
-2.11539
1.10668
-2.28136
0.216319
1.644
-0.867991
0.539184
-1.7109
0.998731
-1.26768
-0.104965
-0.431574
0.234764
0.779097
0.139749
-0.429203
0.839125
0.537196
-0.705243
-0.0818183
1.0905
-1.45639
0.698786
2.12683
-0.400952
1.31548
-0.844496
-1.56177
1.24438
-0.578572
0.208177
-0.676796
4.04429
-0.942164
0.580339
-1.42988
0.523509
0.173896
1.12119
0.0687001
1.42036
1.18991
1.45891
-0.785092
-0.0327265
0.708736
0.260885
-0.988504
-1.28302
0.271882
0.250244
-0.35958
0.727737
-0.0320853
0.0267184
-0.77623
0.356905
-2.26203
-0.107268
0.226281
-0.139406
-0.126278
-0.0700938
1.58741
0.101997
1.00105
0.320431
-0.85464
0.483625
1.9399
0.512954
-1.38502
0.402924
-0.498266
-1.29612
-0.742016
0.9251
0.103344
-0.287499
-0.574125
-2.55781
4.26176
0.373617
-1.35569
0.000699195
0.376762
0.196391
0.784998
-0.139539
0.0939439
2.25876
0.170908
-0.248993
0.149028
0.846939
-0.902308
-0.856982
-0.119847
-0.00156696
-1.0609
-1.26211
0.447116
0.625495
1.17063
0.777174
0.153673
2.53893
1.17942
-0.495716
-0.994054
-0.122823
-0.0114546
0.31732
0.0683954
1.87313
-0.495353
0.161043
-0.0346905
-0.775897
-0.337445
0.694248
-0.0531008
-0.860932
0.918343
1.19237
0.0035616
-0.768281
0.769449
1.81006
0.587676
2.43417
1.98541
0.827421
2.84383
0.283886
-0.102471
-0.219615
0.122527
1.03607
0.32821
-0.577799
0.489592
-0.561715
0.0710391
0.387548
0.0200747
-0.682617
-1.2396
2.61082
1.38408
-0.984736
1.18271
0.855676
-0.246716
-0.559143
0.521828
-1.24038
0.359353
0.779139
0.167612
0.102902
0.0271558
0.732833
-0.201491
0.553187
0.709949
0.564399
1.08704
1.0347
0.219238
-0.723175
-0.367978
-0.679594
-0.217537
-0.515551
-0.997055
-0.286786
0.373802
-0.568721
-1.54414
0.674416
0.694652
0.0452527
0.0758604
0.751245
0.744887
-1.33757
0.325733
-0.173669
0.136666
0.564759
-2.3822
-0.0125777
1.56034
0.0844397
-0.0708433
-0.759173
-0.229813
2.29969
2.55913
-0.54365
-0.0159375
0.299301
0.967526
0.423111
0.947536
2.67003
1.65629
0.333886
-0.823439
0.0884524
0.483322
-0.611864
-0.714609
-0.785272
-0.16185
0.8213
-1.46868
0.399733
-0.145773
0.337148
-0.632931
0.541862
-0.385994
-0.846806
0.591619
0.610095
2.34371
0.685305
-0.0280651
0.166442
-1.35115
0.674426
1.10485
-0.549439
-0.782049
1.22147
0.0831515
0.309281
0.157978
0.425326
0.353632
-0.169674
-0.287704
-0.108236
-0.562654
-0.898346
0.671383
-1.40671
0.018047
0.180225
-1.32968
-0.34199
0.0562106
-0.0168698
-0.369135
-0.00550805
1.29917
-0.650758
-0.514386
-2.47669
0.351444
0.150143
1.32636
-0.560599
0.11941
0.944492
-0.130262
0.218329
0.374179
1.21478
1.4802
0.256037
0.302838
0.215629
-0.974687
-1.1375
-0.626713
-0.130118
1.03695
-0.298914
-1.09513
-0.808582
-0.107656
0.765305
-0.497859
0.941917
0.0564416
-0.387196
2.00803
0.159219
-0.527082
-0.394806
0.567849
0.144068
0.27679
0.511853
0.906046
-0.809627
-0.571749
0.374998
-0.584161
1.10059
-0.0412297
-1.16284
1.11481
0.414543
0.32046
2.70619
0.0728355
0.291037
0.478603
0.127586
0.794301
-0.577146
0.168545
-0.368246
0.0456019
-1.32539
-0.153547
1.92224
1.25574
-0.589281
0.335712
2.40482
-0.34773
3.09805
-0.0240633
0.208666
1.09908
0.478701
-0.540774
-0.101527
-1.03058
-1.90858
-0.0894591
0.523008
-1.04561
1.46508
0.0411926
0.535527
-0.772009
-0.959567
0.598015
-0.157266
1.67355
-0.284333
1.72538
1.06172
-0.60809
-0.232238
0.218671
0.421528
0.305353
-2.43178
0.264784
-0.246432
0.571481
-0.227729
0.105812
-1.08276
-0.272395
1.28185
-1.45393
1.75857
-0.416165
2.00581
-0.695678
-1.69122
0.345818
-0.447042
0.282479
1.70372
0.519586
0.341139
-0.145597
-1.03715
0.0992832
0.0245098
0.216506
1.2984
2.63582
-0.790799
0.462169
-0.231661
0.544264
-1.14304
0.87112
0.236522
0.103481
0.991882
0.0815611
-0.35824
1.06865
0.840047
0.0463357
0.317826
0.887917
0.0928264
0.174693
-0.291678
-0.800555
-0.782439
-0.0567668
-0.900865
-0.148912
0.162542
0.828081
0.0862882
0.310911
0.789564
0.514785
3.84764
2.98059
-0.328932
0.0116933
0.085135
-0.523787
-0.670225
-0.044921
-2.33448
0.219475
0.0645521
-0.558607
-0.787307
-2.61603
2.10835
0.0595451
2.35762
-0.107534
-0.250796
-0.969082
-0.957028
0.0419645
-0.364827
0.176873
1.03496
0.849067
-1.91108
-1.78595
-0.0593409
-0.371295
0.425674
-0.197597
0.334873
-0.166972
1.33443
-1.35708
1.55147
-0.000825495
-0.985417
-0.155615
0.28475
-0.13295
-3.10748
-1.29634
0.911533
2.20509
-0.528104
-0.897921
-0.105549
1.66574
-0.0654114
0.0494322
1.25474
-0.418272
-1.99597
-2.20144
-0.271711
-1.80583
0.85127
-0.288148
-1.53838
-0.0510305
-0.875974
-0.462992
-0.588771
-1.48852
0.480831
1.06342
0.166239
-0.872599
0.309184
-0.251287
-0.486968
-0.162814
0.151753
-0.540754
1.30196
-0.331991
-0.289095
0.244696
-1.49514
-1.37029
-0.170127
-1.60894
-0.142274
0.587882
-1.20911
0.0393749
0.102352
1.51499
1.02104
0.366141
1.22143
-2.07664
0.866697
-0.769626
1.52682
-1.5619
-0.226184
0.079386
0.496524
-1.85771
0.0453258
1.23274
-0.271477
0.0451366
0.745316
-0.256567
-0.922759
0.361382
-0.301723
-0.239256
-0.442967
-0.641723
-1.91526
0.612166
1.65251
0.950168
-1.14261
1.21144
-0.331267
-0.158653
1.02372
1.14119
-0.0694508
0.0972269
0.845794
-1.12472
-2.76745
0.0547968
0.361144
-0.207625
-0.00899773
2.19383
-0.273245
0.365428
0.671776
-1.17028
-3.37383
2.50724
-0.221132
-0.439146
0.500219
1.63891
1.31655
0.442397
0.541757
-1.38018
-0.878736
0.206496
1.80525
-0.426323
-0.338745
0.267393
-0.0155561
-0.889233
0.206148
0.458116
-1.69857
-1.01176
0.294975
0.774155
0.244713
-1.69884
0.233544
-0.186797
0.286472
-0.435956
-0.876456
1.3169
0.385859
-1.32679
-2.77686
0.20295
-0.454774
0.540546
-1.56975
-0.347887
-1.03728
-1.57675
-0.0880492
0.114771
0.477559
1.6652
0.168869
0.081703
0.0141919
1.44762
0.703162
1.14207
-0.378733
-0.396089
-0.488803
-0.83578
-0.034009
0.497938
0.748487
0.826417
-0.684849
0.213566
-1.73671
-1.90095
1.38387
-0.134618
-0.915448
-0.592879
1.04228
1.05184
1.44271
0.758328
-2.5778
1.92994
-0.182296
-0.881453
-0.744599
0.158461
0.825823
0.251315
0.129274
0.77224
1.1553
-0.358842
-0.178838
0.332749
0.853934
-0.740692
0.738662
-0.102896
0.778015
-0.461978
4.18473
-0.305119
-1.01182
-0.433342
-0.176111
-0.946438
0.506286
-0.225325
0.0396079
1.07503
0.0569196
0.0943761
-0.359593
-1.17042
-0.528189
-1.00774
-0.331437
-1.47838
1.66181
0.113846
-0.740696
1.03159
-0.599691
2.01962
2.04308
1.45191
2.24106
-1.56312
1.11493
-0.638185
0.128787
-1.51549
0.441127
2.46375
1.61942
-1.35626
0.118973
0.103604
0.104897
-0.00148855
-0.583215
0.4193
-0.025042
-0.30981
0.437102
0.727064
-0.942726
-0.612769
-0.208267
-0.0572341
-0.398712
0.705081
0.730916
-0.00688007
1.87857
-0.0833707
-0.15064
0.794708
3.15775
-1.07576
2.27086
-0.656797
0.93783
-2.17332
-0.561001
1.89585
1.46136
1.82334
-0.668189
-0.0303298
0.502876
0.782189
1.19926
1.48001
0.263457
-0.605466
-0.00439698
0.319456
-0.625721
-0.488089
-0.944883
-0.20622
-0.492463
2.24191
-0.127153
1.80946
-0.0209274
1.96449
1.1347
1.71182
-0.306528
-0.803892
0.127953
-2.7181
-0.806544
0.520113
-0.307957
0.283728
-0.531229
-0.28812
-0.0230455
1.48911
-0.80491
0.286853
-0.063451
-0.602442
0.0368192
0.511915
-0.383964
-0.342564
1.89536
-1.13973
-0.598502
4.58019
0.00974208
0.262143
0.0285884
-0.137693
-0.056154
1.2377
-0.460593
-1.54207
1.26116
-1.3817
0.593778
-0.356009
-0.387058
-0.107497
0.799947
-0.15494
2.2957
0.544753
-2.06829
1.15053
-3.04678
0.522673
0.304119
-0.33456
-1.62653
0.0661892
-0.882155
-2.75197
1.17283
2.14004
-0.280109
-0.747269
-0.0699131
-0.33175
-1.06573
1.33285
0.0918186
-1.9024
2.69788
0.222817
1.6999
0.66207
-0.873826
0.325455
1.42294
-0.494026
0.568908
0.512298
2.22683
-2.13931
-0.282796
1.71169
-0.988354
-0.721272
-0.183209
-0.160059
-0.543728
-0.75313
-0.0563292
0.0895493
0.531333
-1.68916
0.686758
0.0158773
-0.233355
-1.5005
0.713672
0.479843
-0.704146
-1.36298
-0.755067
1.31411
-0.41477
-1.83347
0.245839
-2.20406
-0.4686
-2.2212
0.332994
0.633393
-1.04638
-1.10788
-1.12435
-0.195356
1.65379
3.32639
0.896052
2.60519
0.327137
-0.532841
0.0627265
-2.46746
0.392665
0.670224
-0.618828
-0.558078
0.389574
0.415703
0.486743
0.128295
-0.695663
1.29925
0.671341
0.188281
0.344327
1.07314
-1.99145
-0.223803
1.38409
-0.300137
0.198103
-0.452508
1.13363
-1.85889
-1.24576
1.11549
-0.293908
1.50417
-0.251223
0.762341
0.830729
0.371188
-0.602568
-0.00825195
-0.717129
1.26582
1.14811
2.57291
-0.231789
-0.564046
-0.164523
-0.292559
-0.561028
-0.178041
-2.40274
-1.11918
1.95509
2.63429
-0.839136
-0.703836
0.273694
-0.676313
-0.0254094
0.118464
0.495002
-0.0307613
-0.161856
-0.0186911
0.328668
-1.16399
0.149215
0.0843199
0.71655
0.578273
0.727682
0.173915
0.147451
-1.32398
-1.07508
0.95024
0.0691486
-0.238214
-0.0178679
2.628
-1.40832
-1.05672
-1.5785
-0.229917
0.75186
-0.74292
-1.17294
-0.764243
0.152049
0.159362
-0.253451
0.525767
-0.906029
-0.050481
0.546309
0.4731
2.30944
2.86663
0.277889
0.165075
-1.10508
0.318514
-1.06748
-0.604703
0.506719
-0.513508
1.36576
0.850313
0.599009
0.417348
1.44763
-0.182832
-0.921361
0.0520457
-0.573111
-0.00887198
0.795057
-0.494346
-0.7089
-1.03572
-0.00428071
0.896978
-0.833984
1.16129
-1.55725
-0.145115
-0.416097
0.15569
-1.04321
1.18064
0.0555987
-2.40335
-1.35162
-0.0715134
0.395173
-1.40458
-0.353986
0.564674
1.30832
0.323416
-1.93838
-1.72532
0.429469
0.378647
1.12718
-3.51897
-0.506106
0.464521
-0.057635
0.0757972
-2.79444
0.323397
1.24099
1.40061
-0.308375
0.187614
-0.236888
-1.04005
-0.615465
-0.247366
1.1191
-0.455561
-0.443944
0.0607698
1.55297
0.356113
1.39126
0.199314
0.232111
0.254008
0.153608
0.349218
-1.4191
-0.00561936
-1.50307
0.0993774
0.139962
-0.380574
-0.831728
-1.21801
1.27613
-0.755823
1.35585
-1.20909
-0.474645
0.0431314
0.363635
0.171029
-0.462642
0.162637
-0.445482
0.269661
-0.546138
0.273823
-2.1282
0.697538
0.0398638
-2.10491
-1.53767
-0.533784
0.422254
0.487276
0.591917
-0.309915
-0.742457
-1.5435
-1.00117
1.02773
-2.0754
-1.08944
0.636935
-0.585477
-0.156913
4.36876
0.783896
-0.304268
0.782314
0.0480435
1.86105
-0.507549
1.02926
-0.631478
-0.38884
-0.945808
1.2845
-0.139158
1.49879
0.323012
1.0022
-1.31922
0.623275
0.170241
1.23554
-0.149512
-0.235265
0.543241
-0.478809
0.217489
0.25438
-1.19411
-2.46585
-0.458792
0.0849908
0.178704
0.161929
-0.492793
1.66288
-1.06712
0.840755
0.798534
0.0456412
0.600383
0.184124
0.71815
0.611985
-0.380731
-0.0643569
0.408163
0.665053
-0.360278
1.30949
0.373395
-0.399057
0.196739
-0.515061
-1.22183
1.4522
-0.315291
-1.30885
-1.02483
0.49438
-0.134378
0.395039
1.2659
1.81558
2.53607
-0.430429
0.52778
-1.02716
1.26009
0.0296945
-2.46672
1.08463
1.94183
0.313736
0.990051
0.510669
-0.175943
-0.692019
0.12915
-0.2032
0.795169
0.235368
0.474091
-0.19529
1.36447
-0.285018
-1.28089
-0.848087
1.6023
-0.457107
0.384351
0.305683
-1.60618
-0.314937
-0.539375
-0.0570734
1.10622
-2.40086
0.0241143
0.429387
0.0768459
0.103024
-0.00977797
0.54306
-0.136307
0.223858
1.50044
-1.59502
0.753978
0.526665
-0.692571
0.1102
0.149574
-1.15824
-0.499531
3.53464
-0.343284
1.06442
1.59918
-1.20581
0.371701
-0.230122
-0.383154
0.765287
-0.584251
-0.999883
0.149336
1.02203
-0.475605
0.407145
1.23394
-1.07838
0.311499
0.879274
-0.27409
-0.545211
0.375484
-0.253048
1.8736
0.760338
-0.521068
-0.931842
-0.46926
1.58448
-0.928177
1.84691
-0.0311805
-2.38886
-0.979458
-0.579264
-0.730749
0.144838
1.03958
0.224089
-0.279839
-0.693245
-0.805212
0.230648
0.493697
-1.31408
0.373348
1.29504
-0.0534472
0.708755
0.0128255
0.174426
0.037468
1.76758
-1.53568
1.48161
-1.17852
-0.339469
-1.70748
1.32473
0.043542
-1.26335
-1.65509
0.227006
0.579057
1.14846
0.144849
0.315547
-0.962666
1.58338
1.37617
-0.187771
0.931812
-0.360661
0.679954
1.20636
-0.42977
-0.635281
1.31304
-0.795808
2.12176
1.31645
-1.9741
-0.0706435
-0.092856
1.4105
0.368159
0.0869408
-0.505351
0.349347
-2.08796
0.697745
1.35957
-0.299643
0.140214
0.0547815
-0.708952
0.318859
-0.00862245
0.375824
0.799659
-0.741389
-0.378651
1.00867
0.846359
0.541619
1.33968
1.19335
-1.10478
-0.537402
0.727076
0.113096
-0.298938
-0.397073
0.00783858
1.48211
1.99617
0.0165807
3.53178
-0.331775
-1.59603
-0.198043
2.33746
1.67276
0.324875
0.743112
0.443397
0.537675
1.12354
0.479055
-0.501143
-0.284407
0.149799
-0.145481
1.2979
0.0715836
0.842563
-0.00479357
0.0236736
0.407013
-2.93073
0.0345113
0.584667
-0.891609
0.872095
0.0376009
-0.690934
0.160519
-0.122814
-0.310296
0.610048
0.33295
-0.334893
0.568083
0.760129
-0.130914
0.099831
-0.474725
0.00789894
0.515276
-0.365987
-0.0554529
-0.293511
1.34688
0.325429
-0.192607
-1.64801
0.493302
-0.412097
-0.23781
-1.2685
0.82995
-1.5193
-0.403916
-0.189903
-0.0254577
3.7975
-0.626774
0.279158
-0.390257
-0.85585
0.615202
0.614486
-0.177828
-1.30576
0.266267
-0.463703
-1.37239
-1.84943
0.447638
-0.712755
1.33919
-0.4783
0.349122
1.32183
0.0400476
1.62643
0.405551
-0.0634485
-0.985751
0.34656
1.1455
0.94158
0.71952
-1.52445
-0.0533979
-0.521287
0.127943
-1.32643
-0.702125
-0.530074
0.242783
0.587346
0.0834109
1.11885
0.99108
0.749305
-1.40009
0.546756
0.197281
-0.993038
0.381598
1.95035
1.12603
3.35224
-1.50994
-0.384863
0.922284
-1.35932
0.151824
0.0381392
0.053983
-0.0124483
-0.605286
-2.52477
0.351119
0.201044
-0.168567
-0.346558
1.55596
-0.182892
0.222649
-0.389913
-0.90073
0.868593
-0.423561
0.824304
-1.41305
-0.381643
-0.400066
-1.6848
-0.166983
-1.27416
0.148875
0.0783671
-0.026585
0.0857829
0.0421268
-0.0747971
-0.354833
0.380623
-2.31599
-0.110721
-0.624656
-0.535281
0.444714
0.594802
-0.534399
0.331264
0.271853
-0.544182
1.55866
0.691809
0.433732
0.861092
2.50915
-0.667759
1.47041
-0.0338905
0.352657
0.0796446
0.159792
-1.04374
-0.602016
-0.205023
1.98893
0.51672
0.177799
-2.47595
-0.093565
-0.131481
-1.11969
0.00141815
0.348798
0.466709
-1.22586
-1.13523
-0.117158
0.524318
0.698667
-0.780826
0.553516
0.0695145
-1.42037
0.0957009
0.266225
-0.49163
-0.576805
-0.175899
-1.21665
1.38801
-1.09235
-0.773761
0.44503
-0.321144
-0.821709
-0.0935468
0.134413
0.614904
0.398889
1.16851
-0.580764
1.0347
0.198204
0.710846
0.706532
-0.555452
0.316441
0.980759
0.4987
0.248971
1.47561
0.25862
0.039673
0.172368
0.383044
0.81616
0.0773698
-0.427918
-0.423486
-0.535368
-2.0099
0.812362
-0.262471
0.447682
-0.00841428
-0.455016
0.166182
2.34
0.0747966
-1.35686
-0.637384
-0.42497
0.0128014
-0.783103
-0.914215
1.57883
0.23786
0.312479
-1.08136
-0.765102
-0.497415
0.842464
0.588317
0.385954
-0.0832465
0.969608
-0.52691
0.320402
-0.405891
0.0263084
-0.196
-0.29311
0.636088
-0.316373
1.33542
-0.582816
-0.160184
-0.760333
-0.0564388
-0.141603
1.17185
-0.173743
0.774884
0.311484
-0.827844
0.118644
0.210979
-1.48421
0.239092
-1.0614
1.87113
-0.0643907
-0.0306363
0.581658
-0.594185
0.305302
0.155461
0.18064
0.160382
1.03579
1.05353
-1.55635
-1.11912
0.444943
0.693168
-0.210856
0.722004
0.0186554
0.377906
0.620167
-0.768117
-0.951849
-0.774926
-1.01537
1.4269
-0.228679
1.14446
0.381239
-1.25517
-1.26674
0.761341
-0.64345
-1.59079
1.50237
-0.317164
-0.861975
-0.220344
-1.30575
-2.34356
-0.371255
2.04748
2.01673
-2.04951
-0.683874
-0.333717
-0.00285986
-0.521177
1.6036
-0.411271
0.20166
0.383265
-0.506316
0.518483
-0.0354871
-1.02952
-0.000848733
0.319306
0.967669
-1.76121
0.384682
-0.614869
-1.11088
-1.17138
1.4336
-0.319453
0.858301
0.220343
-0.585317
1.28369
-0.0719597
0.13212
1.11062
-0.75486
0.737218
0.29755
0.293334
0.994693
-0.181454
0.0870819
1.56294
0.686512
-1.99537
0.777984
-1.13365
0.220449
-0.418227
1.85541
0.568611
-0.416705
0.655535
-0.519326
0.782456
0.123067
-0.0936395
-1.53533
-0.178936
-0.17259
-0.794502
-0.407832
0.649418
-0.210416
0.316557
1.26709
0.750186
0.279457
-0.862159
-0.423745
-1.00034
1.64608
0.5804
-0.120944
-0.672017
1.69866
0.214512
0.0753996
-0.31204
-0.857607
0.448915
0.795663
-0.404929
0.186223
-0.942604
0.0269047
-0.643951
-0.102515
0.619224
-2.55475
0.350492
-0.275187
0.550011
-1.46682
0.919023
0.00465639
-0.109793
-0.250039
-1.12489
-0.392536
0.577008
-0.755062
1.17853
-0.0565662
-0.345488
-0.332713
-0.0601436
-0.241873
0.672659
-1.2542
0.17568
-0.0675025
-0.724309
0.790419
-0.590109
3.18057
0.148784
-1.28834
0.636893
0.717849
-0.511363
0.991288
1.24816
0.793119
0.236495
-0.181491
-0.315524
0.632824
0.726842
-0.0250281
0.83149
-0.823182
0.91533
0.511772
0.181374
-0.549956
1.40224
-0.307275
0.406343
0.122848
0.649623
-0.277276
0.457048
-0.458585
-0.00592956
0.722316
0.455045
-0.0739255
-1.23439
0.614958
-0.485801
-0.125852
-0.107812
0.0511986
-2.00125
1.28302
-0.642641
-0.0681082
0.374935
1.48712
0.0428466
-0.178449
-0.158788
-1.51398
-1.77848
0.422606
0.868844
0.70745
0.997992
0.455782
0.0671374
0.247462
0.548257
-1.10182
-0.15418
-0.338429
-0.117363
1.16516
0.717158
0.82362
0.937386
-0.434319
0.0658521
-0.0840648
-0.675154
1.06757
-1.42455
-1.68655
0.581227
-0.509971
-0.24527
-2.47101
0.574958
0.283817
-0.611369
-0.126058
-1.87728
-0.0087581
-0.513632
-0.146745
0.155144
-0.68242
-0.410597
-0.0889398
-0.16698
-1.30232
-0.446957
1.53315
0.655755
0.572705
0.864954
0.723439
-2.10479
0.257096
-1.75302
0.143844
-0.104797
0.0882112
-1.66384
2.30889
-0.605725
0.58286
-0.829741
0.67323
0.445466
0.0997147
0.251072
-0.660995
-0.0166231
-0.181402
-0.230073
-0.272073
0.490996
-1.32327
-0.978769
-2.69436
-1.06595
-1.28897
1.07805
-3.62567
0.200652
0.447392
0.0366782
-0.226526
-0.26155
-0.706062
-0.68115
-0.166007
-0.313715
-0.507014
-0.052262
1.1506
-0.509708
2.12179
-1.34103
0.137992
1.77311
-2.99929
0.06767
1.12935
1.27774
-0.277679
0.667758
-1.74596
-0.305793
1.41889
0.30192
-0.155928
-0.0739749
1.54628
-0.290371
0.763126
-1.14702
-0.368981
-0.36959
-0.216842
-0.273856
0.923476
0.468475
-0.170517
-1.42102
-0.665261
0.554423
1.10209
0.758286
2.24987
-2.48656
-0.907527
-0.172472
0.0137623
1.02711
0.188688
-1.15312
-1.80836
-0.256784
0.635868
-0.200005
0.777056
0.414313
3.0073
0.359755
-0.114732
-0.165723
1.23072
0.153777
1.47303
1.91226
0.047882
1.86816
0.267834
1.4617
1.46159
0.568582
-1.31502
-0.224682
-0.627581
1.70565
0.296105
-0.149961
0.362356
0.141172
-1.86811
-0.876601
0.640307
0.499441
0.0326051
1.01555
0.757082
-0.239785
-0.139447
-1.58929
-0.376881
-0.125721
-0.754666
-0.817252
-0.942295
-1.15572
1.40992
1.84677
0.886424
-1.86646
-0.0697214
0.50716
0.661348
-0.281878
-0.394029
0.265827
0.0614982
1.02154
0.720351
0.279708
0.766663
0.842498
0.162072
0.81208
-0.0934781
-0.362115
0.327233
-0.191077
-0.460949
-0.3314
0.958877
1.16809
-0.64233
1.94456
0.608784
1.22767
-0.309902
-0.79718
-0.046994
0.56521
-0.0513459
-0.591978
0.0646622
-0.719565
0.176492
-1.14639
0.401371
-0.763301
-0.250617
1.17951
0.391063
0.957477
-0.486937
0.661506
-0.211017
0.772825
1.95868
-2.35081
-0.208355
-0.937107
0.120596
-0.565648
-0.222846
-0.136073
1.56907
-0.00498443
0.596211
-0.82521
1.11641
0.0704341
-0.626806
1.16418
0.879222
-0.116557
-0.17449
1.91699
0.43467
2.12113
-0.735399
0.0537131
-1.37895
-0.309787
0.0829178
0.93197
-0.410887
-0.638001
0.740379
-2.14147
-0.118439
0.00741503
0.267201
0.304334
-0.539263
0.899553
-0.868689
-0.133034
0.0316329
-0.450298
-0.872569
0.402293
0.36996
-1.78771
-0.269878
-0.732636
-1.25674
-0.379436
-0.918167
-0.417097
-0.0419179
-0.261526
-1.8852
-3.34862
2.38997
0.42457
-0.555422
-2.10583
1.04678
0.60021
-1.43915
-0.286381
-0.862453
1.21621
-0.957115
-1.6588
-0.802212
1.0044
0.651134
-0.0872174
0.538837
-0.117535
-2.5016
-0.0169333
1.49268
-0.191052
-1.28347
0.0744222
-0.428763
-0.916798
0.932547
-1.12711
-0.534253
-0.731429
-0.448223
1.35215
-0.789928
0.567254
0.0475504
-0.386626
-0.70687
1.56178
0.935852
-0.487612
1.14723
0.0505425
0.0219626
-1.6139
1.25371
-2.55055
0.0378999
-1.24055
-0.144533
-1.38676
-0.107834
0.133958
-0.555443
-0.207747
0.672525
-0.167394
-0.471165
1.43435
-1.20956
-2.75173
-0.824743
0.0151938
-0.341805
-1.29441
-0.2039
-2.82213
0.0428765
-0.152351
0.0034641
1.71245
-0.327117
-0.310828
0.808936
-0.686688
0.170128
1.45427
-1.51765
-0.796247
-0.0119852
2.01424
-0.425311
-0.967476
-0.308627
0.113559
-1.88584
-1.51235
-0.516242
-1.16295
-0.0501791
-0.700422
-0.627921
0.325087
-1.72779
-0.335711
-0.131253
0.689854
-3.23905
-1.95957
-0.819874
0.328704
-0.486736
-0.590407
0.739829
-1.26513
2.34142
-1.55831
0.966557
1.48161
1.28891
-0.341199
1.43111
0.0821129
-0.677629
-1.20177
-0.34575
0.503942
-0.0459741
-1.0432
-1.1331
0.652824
0.884904
-1.1934
-0.488378
-2.02331
-0.612752
0.0504177
1.59307
0.335068
1.79528
0.618906
-0.190099
0.567488
0.0858727
-0.717248
1.10818
0.171878
0.631508
0.60603
-0.671563
-0.741138
1.5838
0.118498
-0.289472
0.223204
0.779554
-1.01685
-0.108327
0.814855
-0.446819
0.55074
-0.125586
0.620659
0.126754
0.462748
-0.589384
-0.108959
0.260296
-0.228569
-0.856286
0.487152
0.205892
0.294689
1.06003
0.0811101
-0.368207
0.501968
-0.562073
0.703066
0.395067
1.60554
0.00410385
0.761546
1.2402
-0.895505
-1.04394
0.608703
0.432357
-0.656621
-0.355433
-0.84872
0.97559
-0.15542
-1.85183
-1.00467
1.25563
1.11096
-1.19084
-0.831764
0.338773
-0.407684
1.36001
0.316346
0.639413
-2.64712
0.400765
-0.633342
-0.512927
-0.44084
-0.54689
0.20965
-0.372963
-2.21196
0.50113
1.72802
-2.08687
-1.12515
0.0363888
-0.195511
-1.01651
-0.12443
-0.66082
1.6502
-0.94464
0.798671
-0.39619
-0.583551
0.670147
0.645714
0.157332
0.0660732
1.58674
-0.446595
-0.760299
-0.455955
-0.718893
0.752001
0.321576
-0.0359435
-1.90652
0.455395
0.614655
0.0346073
0.443746
1.2211
1.88018
1.57546
0.409453
0.0273881
1.72271
0.975358
2.59472
-0.298808
-1.04916
0.191621
-0.795609
-0.851232
0.420718
-1.44318
-0.579319
0.297847
-1.58583
-0.611635
0.54833
-0.420028
2.39257
-1.13205
0.695635
-0.242601
-1.31596
1.25031
-1.05694
1.06797
-0.607831
-1.33659
0.416965
1.44159
0.0119349
1.32793
0.164377
0.191314
-0.0578788
-0.0857559
-1.29003
2.4191
-0.647376
-0.00114284
0.941358
-0.244954
-0.0881966
1.0874
-1.23608
0.0737344
0.121235
0.943023
-0.835251
0.57807
0.0965534
-2.52249
-0.267621
0.573853
-0.572532
-0.648054
-1.54551
-0.00128797
-0.580741
-0.619929
0.286701
1.56148
-0.277287
0.115531
0.486412
-1.29512
1.08865
-2.47839
-0.026079
0.458236
0.683535
-1.32596
1.01261
0.541156
-0.482766
-0.638812
0.896725
1.80707
-0.489256
-1.03861
0.721713
-0.447362
-0.196421
1.09349
-1.29884
-0.422346
0.42949
-0.51424
0.705041
0.885535
-0.443737
0.243154
1.1062
1.55719
-0.740361
-0.520088
0.249457
-0.170385
-0.0318402
-0.935709
-0.244603
-1.20128
-1.67343
0.0599625
-0.379181
-0.597897
-0.570678
-1.35651
-0.812786
-3.93466
-0.00892787
1.78727
-0.33602
0.33677
0.0236035
-0.304862
-0.351102
0.258816
-1.92122
2.22195
-0.264141
0.312194
-0.337574
-0.437228
-1.1556
-1.47328
2.86847
0.969222
-0.937172
0.255476
-0.382699
0.063224
-2.1228
0.294011
-1.17574
0.109238
0.0810448
0.544525
-1.12938
1.12461
1.51649
0.442909
1.40344
1.12987
1.56124
-0.196288
2.20762
-0.198786
-1.17849
0.450045
-0.034476
-1.26232
0.116559
1.54357
0.0527188
-0.0158835
-0.555921
-0.0282105
-0.783749
-0.470726
-0.470405
0.280133
0.101536
-0.66212
-0.83284
-0.41563
0.0599866
0.0191657
0.367379
1.21348
0.233448
1.35385
-0.894813
-0.0204135
0.275067
-1.01072
0.0633339
0.866476
1.07378
0.313219
0.240704
-1.46632
-0.541151
0.319272
0.32516
0.545558
0.662922
0.493691
0.456228
-1.00572
0.267292
1.37627
1.0635
1.83315
-0.943994
-2.0971
0.14728
-0.606075
0.129953
1.30357
0.100086
0.321812
0.90496
0.528902
0.275599
-0.348431
0.253464
-0.44036
0.606408
0.406903
0.750003
0.893251
0.954396
0.371292
1.00278
0.0932531
-1.52275
1.40723
-0.243724
1.20522
-0.399321
0.267871
0.487313
-0.273593
0.262908
-0.34388
-0.254265
-0.0297187
0.0887837
1.2684
-0.612435
-0.672459
-0.534081
-0.788821
-0.197295
0.716649
-1.4262
-0.279232
0.903849
0.701723
-0.787595
0.0642249
0.0734866
-0.191386
-0.0387544
-1.37007
-1.79377
-0.420699
-0.958024
-0.167767
1.5079
1.09533
0.979473
1.4837
-0.182847
-0.988959
0.171212
-1.09898
-0.56052
-1.62869
-0.539964
-0.694758
-0.248058
0.278014
1.01155
-0.337107
-0.241064
-0.176483
1.02102
-0.901738
0.0056094
-0.593971
0.224547
-0.953579
-1.42713
-0.241511
-0.117281
-1.38199
0.658529
2.93498
-1.87371
0.54855
-0.557187
-0.0640239
-0.122793
0.81057
-0.535085
0.597903
0.529136
0.389358
-0.723428
0.257487
-0.436292
0.129744
-0.266448
0.870208
0.552467
-0.0276538
0.409242
0.33631
0.699562
0.912099
-1.07306
0.625832
-1.24765
-0.0572241
0.512094
3.24959
-0.346689
0.297203
0.0281183
0.101636
-0.272624
-0.129667
0.00281125
2.16744
0.211787
-0.347222
-0.252543
0.13973
0.350746
-0.28613
-0.666311
-0.00883674
1.12902
0.0564324
0.40652
-0.131853
0.931247
0.954492
-0.491285
2.12339
0.210923
-1.47675
-1.85377
0.125967
-1.21159
-0.55927
0.901087
0.215174
0.106061
0.553471
0.196608
-0.210249
-0.938046
0.0608853
-0.968312
-1.87155
-0.163151
0.780111
-0.783433
0.493583
0.635493
-0.179605
-1.24249
-0.734054
1.38241
-0.0127935
-0.48025
-0.113385
0.143495
-1.04153
0.415621
0.539424
1.065
1.02615
0.29245
-0.297945
0.123518
0.870422
0.953408
-0.0453604
1.70059
-2.30351
0.111988
-0.844025
-1.36802
-0.240936
-0.103722
-1.10001
0.355433
-0.122065
-3.12707
-0.367049
1.30723
-0.620961
-1.80083
-0.13142
-0.533614
0.486364
2.27919
1.06198
0.240804
-1.71906
0.547425
0.0993177
1.46974
0.289903
0.24504
0.113332
-0.178231
-0.644795
1.15324
0.915746
0.949961
-1.39151
-0.788965
-0.37089
0.0435376
-0.392082
0.757451
-2.05411
-1.01634
-0.629518
-1.87204
1.18547
-0.000128513
0.814652
-0.664647
-1.98702
-0.36639
1.51943
0.69275
0.566047
0.227643
1.03315
-3.07281
-1.10167
0.649745
0.695086
1.66432
1.36141
1.44212
1.44172
-0.280331
-0.415285
-1.36481
1.17365
-0.515516
1.23048
2.68062
3.43657
1.30523
0.525746
1.0234
0.707505
0.368948
-1.75832
-0.128083
0.371427
0.0426001
-2.32347
-0.320623
-0.0990148
0.0176221
-0.978903
-0.595802
-0.529804
-0.369266
-0.647497
-1.65922
-1.68852
-1.47359
-0.337227
-0.841029
-2.93863
-0.284548
-0.135989
-0.413994
-1.58467
1.16582
-1.32364
-2.97539
0.0619444
3.98189
-0.558727
-1.85762
-0.42418
0.299946
-1.65472
-0.344685
-0.352945
-0.673097
0.100422
-0.191031
0.596059
-2.17652
-0.10978
-0.653674
-0.525756
0.783806
-0.980629
0.63677
-0.663811
1.09358
-0.227617
-2.79909
0.154434
-2.28213
1.39751
1.66268
-0.492041
-0.634703
0.117114
0.457655
-0.219202
-1.67977
0.14995
0.320128
-0.739286
0.136359
0.618107
0.834152
0.134084
-0.0693635
0.42906
0.21313
0.343661
-0.949395
0.761437
1.84138
0.83037
0.105087
0.173265
1.20111
1.94172
-1.34279
0.667354
-0.622357
-0.577621
0.911043
-0.021388
0.0129453
-0.669174
-0.341401
-0.229278
-0.60234
0.127518
0.654607
0.94357
1.00056
0.292069
0.187382
0.336989
-0.833956
0.149191
-0.799369
-0.063413
-0.260646
0.607721
1.4432
1.24042
0.108528
-0.0522802
1.8747
0.604778
0.41371
0.192655
-0.779366
-0.574428
0.904328
0.558747
0.519869
-2.01465
-1.47773
0.667357
-0.00398288
0.580565
0.628505
-0.293755
-1.41015
-1.33255
0.315773
-0.5556
0.667683
0.468925
0.530498
0.494023
0.141322
-0.0159641
-1.34568
-1.12876
-0.678186
2.56795
-0.110686
0.380543
-0.170672
-1.55134
1.0098
-0.00194932
0.341724
-0.437324
-0.629318
-1.9029
-0.437244
-0.103768
-0.569545
0.176879
-0.00668656
-0.215934
0.0993046
-1.36127
0.378744
-0.335062
0.783103
1.27783
0.0670855
-0.0675071
1.26396
0.377389
2.22757
1.84792
1.47684
2.60881
-0.370594
0.515122
-0.113601
0.0496574
-0.0737566
-1.29128
0.271787
-0.680581
0.598841
0.415094
-0.776973
0.41896
1.07004
1.00162
-0.484799
2.68578
0.514357
0.259198
0.174139
2.13144
-1.13131
1.17059
-0.137258
0.585879
0.393959
-0.429603
-0.518095
-1.19825
0.933404
1.69984
1.0797
0.0101015
0.532369
-0.868923
-0.286301
-0.767672
0.189281
0.444557
-0.174314
-0.330556
-0.110429
0.157164
-0.324305
0.512026
1.65303
-0.0535451
0.335686
1.02432
0.377181
1.03711
-0.83176
0.408576
0.849393
0.388518
0.0785602
1.54799
-0.0415364
-0.377162
0.174054
-0.282312
2.6911
1.51021
0.150299
0.0473735
1.26086
0.476298
2.21081
-0.750571
-1.50876
0.956344
2.2652
0.0152867
-0.204287
-1.78903
-1.57899
0.446839
-0.253818
0.0654888
1.07887
-0.158725
0.0724916
2.08978
-0.243909
0.465502
0.0966123
1.29569
0.221624
-0.205207
0.853728
0.671675
2.23509
-0.84231
-0.672352
0.324519
-0.276677
-0.206673
0.0773458
-0.529552
0.353936
0.314628
0.295912
1.44936
0.872709
-1.47829
0.26864
0.0196573
0.445094
1.0839
0.379352
-0.363683
0.871585
-1.68818
-0.98836
1.01652
-0.962459
-0.317986
0.488176
0.922772
4.79045
1.09338
-0.312955
-0.520938
-0.0811533
1.85862
-0.803388
-0.47808
0.0102728
-2.2005
-0.22665
-0.339392
-0.70971
-2.32071
-2.08241
1.61463
0.78828
1.46079
0.105242
1.10293
0.703848
0.955068
0.64786
0.764505
-0.569354
0.722789
-0.232467
0.681235
-0.963538
-0.985302
-0.260344
-0.0508855
-0.952879
0.463654
-1.56919
-0.205088
0.0361422
-1.40289
-0.527255
0.0503428
-1.28684
0.260438
-0.622649
0.105208
1.34407
0.328217
-0.557113
0.516543
-1.09445
-0.37386
0.212129
-0.964777
-0.041563
1.48901
0.342041
0.0142948
0.76609
0.189787
-0.369983
0.0489054
1.32143
1.29327
0.883728
-0.961453
0.887204
-0.430443
1.92346
-0.409744
-0.985529
-0.130574
-1.43376
-0.560879
1.03971
-0.673898
-0.259482
-0.364894
1.15493
0.973759
1.02904
-0.649177
-2.32351
1.16712
1.29981
2.21931
-0.52286
2.22696
-0.477696
-0.266681
0.00887596
2.50399
-0.97588
0.223736
0.0204743
-0.0351479
-0.581906
0.384827
0.501914
-0.446529
-0.493737
-0.602912
-0.257024
-0.341566
-0.605523
-0.195794
-0.927916
-1.63187
-0.773606
-0.945194
0.727104
-0.398066
-0.286161
-0.949009
2.35455
-1.60165
1.53196
0.312004
0.465645
-1.10075
0.0972753
-0.869982
1.39188
1.37876
-0.943023
-0.912908
0.381879
0.583113
-0.147918
-0.413578
1.10923
0.267923
1.99203
-0.366022
-0.366973
0.940297
-0.13597
1.69128
-0.454754
-1.03655
0.827837
-1.13915
0.0738456
-1.12823
0.421922
0.366727
2.04136
1.01044
0.0627596
0.206616
-0.213681
-1.19496
0.693141
-1.77731
-0.271769
-0.422922
-1.15379
-0.699113
-1.23038
-0.159271
-0.115454
-0.44022
0.868217
0.10781
-0.291057
-0.938191
0.827105
1.70779
0.251047
-0.804794
0.305953
0.901551
0.316558
0.366774
-0.0171726
0.162836
0.584215
0.123049
0.162281
0.00617856
-0.258273
-0.859387
-1.43704
0.491958
0.72114
-0.0592336
1.17045
-1.71871
-0.0781168
0.271849
-0.228932
0.0314086
0.313391
-0.841201
0.333534
-0.18357
-0.369806
0.729414
-1.18805
0.0202533
-0.524688
0.290853
1.1528
-0.78781
-0.458619
0.811733
0.0264434
0.811182
-1.88737
-0.186456
0.013692
-0.957135
-0.19031
1.15718
-0.473851
0.270709
1.64753
-0.332746
0.680255
0.67775
2.38962
-1.06559
-0.27042
1.42858
0.558012
-0.519738
2.25741
-1.77121
0.193074
0.283044
-0.706993
-0.706636
-0.214006
-0.469693
0.896155
-0.132426
-1.20986
0.139942
-0.608096
0.575559
1.75151
-1.88864
0.629692
0.900676
0.108523
0.611955
-1.25472
-2.32559
-1.15167
-0.715992
-0.0092965
-0.804762
0.26348
0.692271
1.38759
0.102327
0.906714
-2.28757
-0.125792
-0.43791
0.737867
-0.248458
0.325231
-0.966559
0.578926
-2.00131
0.170878
-0.0189343
-1.89315
1.14593
-1.12942
-0.184912
1.05205
-0.522636
-1.91525
0.083573
0.660804
-0.045859
-0.716297
-0.517101
0.843001
0.995717
-0.390585
0.601018
1.13015
0.685936
-1.01347
2.27468
0.384511
1.26362
-1.53313
0.0652485
-1.78098
2.6914
0.531485
-0.677874
-0.143407
2.03482
-0.386244
0.0446498
0.147376
0.645991
0.0701066
-0.092989
1.66602
0.0223957
0.117747
-0.0732348
-0.227887
-0.281195
-0.427883
0.51962
-0.978669
0.393593
0.607306
1.20502
-0.201826
-0.969976
0.939618
0.4933
1.18552
0.20773
1.49477
-1.7192
0.0591199
-0.0776507
-1.15025
0.649757
0.306385
-2.07478
-1.99979
1.6568
-0.0199007
0.463761
0.347786
-0.889842
-0.81848
-1.24349
0.017227
-0.992621
-1.00409
0.677001
0.520509
-0.521983
-0.60492
0.472896
-0.383097
-1.3249
-0.0417673
-0.477632
-0.258547
-0.392035
0.97959
0.905366
-3.12528
1.21176
1.58261
0.615238
-2.06801
-1.94067
0.310569
-0.280565
-0.373701
0.0115535
0.168287
0.316956
-0.639727
-0.268909
0.730631
1.31917
-1.20382
0.947319
-0.597769
-0.0287354
-0.511112
0.191744
2.23573
0.376789
0.724843
0.186449
-0.310334
-1.43963
0.746007
0.54425
0.985495
-0.389655
2.33644
0.94877
0.0833424
-0.0155454
0.439643
0.557752
-0.902319
-0.334864
-1.97952
-0.692631
1.92691
0.545146
1.31824
0.00834503
-0.985382
-1.46361
-0.869947
1.27607
-1.13664
0.329422
0.535854
-0.261379
-0.0171149
-0.367186
1.9747
-0.382882
-0.941835
-0.713356
-0.543509
0.385489
1.15726
0.409161
-0.0078377
-1.87829
0.752795
1.79377
2.091
-2.37135
-1.45284
0.358902
-0.940803
0.153843
-1.13754
1.39394
0.502168
2.32592
-0.316088
-0.0901089
-0.296315
-0.694244
-1.58768
1.36802
1.0416
-0.104158
0.0859568
-1.60313
-0.198145
0.10627
0.597894
-0.538966
-2.30386
0.53877
-0.116658
0.0879912
-0.767093
0.0356647
0.447862
-1.47434
0.548897
1.3738
-0.66975
-1.1439
0.0471491
-2.63101
0.184123
0.0675
0.499825
0.393267
0.354914
0.267154
0.139654
1.46849
0.0262557
-2.15141
-1.09446
-1.25985
-4.06678
0.58186
1.78213
0.708661
0.397678
-1.58512
0.336124
0.784325
0.56637
-0.300648
-2.01243
0.57573
0.192016
0.776563
-0.103871
0.169152
-1.25207
-1.78596
0.528373
0.120569
-1.96886
-0.154291
-0.672175
0.0135014
-0.107864
0.733802
0.698111
-0.878615
-1.5384
0.70913
0.680162
-0.704382
0.356525
1.00793
0.153747
1.6709
-1.50591
0.0563231
0.0242277
0.684875
-0.321602
1.94884
0.327925
-1.09166
-0.736558
-0.700284
0.596234
-0.620248
-1.1225
0.660778
1.24417
1.07072
-0.467286
0.0606567
0.438298
0.0978531
0.879425
-0.385647
0.42032
0.504832
-0.0143238
-1.22957
-1.20458
0.446003
1.25486
-0.220163
-0.384994
0.277998
-0.0912645
-0.00487226
-1.16716
-0.218913
-1.41237
-1.46516
-0.134934
-1.08906
0.810426
1.1609
1.95217
-1.42467
-0.255891
-0.660045
-0.990215
0.0774583
-1.42054
-0.798995
1.47162
0.0339256
-0.61149
1.17726
-0.408611
0.0568146
-0.972077
0.607681
0.303518
1.15611
0.631062
-0.101186
-0.485548
-0.868873
0.0434218
0.758622
-0.402655
0.344702
0.392937
0.937328
-0.0548221
-0.837612
0.646685
0.571934
0.245478
0.93611
-1.72271
0.0623476
-1.18739
-0.0114663
-0.628176
1.29865
-0.0886808
-0.665224
0.587015
-0.686025
1.21219
-0.332655
0.339436
2.19871
0.153397
0.173788
-0.671646
0.110813
-0.524406
2.29565
1.9051
0.674368
0.0938143
0.537442
0.8303
0.291893
-0.250881
0.47876
-0.148776
-2.25286
-1.74974
0.913535
-1.51897
0.907778
-0.138722
-0.978869
0.00284659
0.259081
2.3877
-0.562136
1.50838
-0.518649
1.45886
-0.551637
-0.56882
-0.304126
-2.06968
0.660159
-0.832472
-0.827699
0.344056
-0.294157
-0.565474
-0.246946
-0.482541
3.51279
-0.381685
-1.81231
-2.63926
-1.57366
-0.774076
1.41966
-0.0571328
0.374385
-0.507026
-0.437618
0.590973
-0.30983
-0.349349
0.194927
1.45555
0.102407
0.229684
-0.568061
-0.357338
0.372549
-1.72162
-0.273941
-1.08058
1.52014
1.32334
-0.390699
0.873601
-0.98472
0.0818937
0.140304
0.0360204
-0.368538
0.998984
0.864301
0.0112856
0.838325
-0.882697
1.28965
0.372273
0.986155
0.403957
0.125312
-0.395016
0.0716843
-0.974364
1.5299
-1.14289
0.156487
-0.970401
-0.31503
0.996044
0.321419
0.960078
-0.968399
-1.69782
0.0994339
-0.0344516
-0.297265
0.427146
-0.215541
0.481574
1.25883
-1.53964
-0.254692
0.559377
-1.0109
-0.421823
0.81436
-0.925676
-1.38485
0.87482
0.0191277
-0.414846
1.01945
0.600179
-0.877797
1.16743
1.05713
1.56113
0.724304
-0.202611
-0.822443
-1.41162
-0.24734
-0.445673
0.101612
-0.442468
2.05128
-0.863279
0.0589657
-0.365436
-0.525326
-1.50383
2.83434
-0.282017
-0.286899
0.14529
-1.45882
-0.224661
0.65021
-0.165762
-0.524754
1.37462
0.122059
-0.852041
2.42976
0.125479
0.166178
0.139629
1.27613
-0.831236
-0.588626
-0.45618
-0.0896962
1.77286
0.295203
0.256206
-0.215089
0.338252
0.468779
-0.671243
1.92124
-0.0305237
-2.05284
-0.788556
-0.193095
0.0243798
-1.81244
-1.48583
0.230881
-0.739345
2.55302
0.000407217
0.0137644
-0.776609
-0.400131
-0.0439677
-0.700854
2.29204
0.447273
-1.24111
-0.312382
0.0992961
0.159481
-1.01946
0.692741
-0.629899
0.400333
0.97623
0.00964073
-0.437548
0.140763
0.0593602
-0.793365
-0.639562
-0.335488
-0.6039
-0.0666055
-0.810571
0.776035
-1.73202
0.457268
0.10065
-0.0482792
-0.219485
-0.31156
-1.16722
1.25528
0.0379119
-0.0802486
1.85677
0.616279
1.58062
0.139063
-0.405796
0.875434
1.54979
0.582138
-0.246029
-0.908869
-1.66384
0.129449
-0.0678039
0.508082
-1.39735
-0.500838
-0.812704
-0.692791
-0.107548
-0.86036
0.371966
0.933282
-0.7749
0.422106
-0.0407916
1.49043
-1.58635
0.0265631
0.0773713
0.663409
1.66679
-0.403171
-1.46937
0.607157
0.371296
0.173424
-0.904732
-0.339791
-0.53053
-0.186659
1.51433
-0.626306
0.404557
1.04654
-0.695277
-0.5254
0.833341
-2.49727
-1.40671
0.681345
-0.466665
-1.19908
0.35275
-0.927298
0.888284
1.42525
0.566533
-0.014116
-0.149917
-0.421972
1.22666
-0.175294
0.613902
0.881032
0.0773357
-0.25396
0.952583
0.892337
-0.23375
0.267252
-1.86287
1.15003
-0.547607
-0.528135
1.97837
-0.902122
0.00301519
-0.0461419
-0.0757433
-0.542385
-0.353389
0.600451
-0.24068
-0.444229
-1.0555
-0.606649
-1.09883
-0.526377
0.579542
-0.151592
-0.380288
1.5601
0.466749
-0.770036
0.414172
1.44652
-0.108965
-0.253101
0.36064
0.693989
0.0172025
1.41092
-0.582633
-0.99934
-0.997336
0.250985
0.943012
1.26826
-0.89155
0.69659
-0.450385
-0.525841
-0.191064
-0.760376
0.876977
0.0632719
0.975091
1.64429
1.00834
0.881063
2.00328
0.347807
-0.304735
3.50203
0.353676
-0.374253
-0.830441
0.343499
-0.172819
-0.63015
0.334736
0.0657768
-0.750076
0.54366
0.194349
0.824981
1.42005
0.23083
-0.598809
0.346056
0.275855
-0.636635
0.645709
0.251776
0.884422
0.00922882
-0.661826
-0.113317
-1.1809
-0.108451
-1.13135
-0.218316
-0.950679
-0.751401
-0.0206856
0.51167
0.35175
-0.743944
0.307005
0.832507
0.1539
-0.0261221
-0.196654
-0.750864
-1.46459
2.69678
-2.51616
0.679632
1.09323
-0.245126
-0.31882
-0.738274
-0.68008
-0.38414
-0.384536
0.719716
0.137238
0.879988
-0.615336
0.299786
-1.6364
0.917717
0.718723
-0.339715
0.0937374
-1.78767
0.0816265
-0.464452
-0.835226
0.196523
0.0855306
0.255294
-1.65364
-0.576781
0.350813
-0.670747
-0.359796
1.32172
0.648943
0.190843
-0.533795
1.11515
-0.150823
0.350831
-0.886014
0.312856
-0.115015
0.843346
1.31957
-0.166938
-1.43202
0.796206
-1.42209
-0.0995394
1.47848
0.835204
1.03158
-0.358386
-0.511785
2.1136
-0.318028
-0.227156
1.59071
0.723354
-0.483829
-0.763123
-1.37713
0.510604
-0.0726077
-0.45104
0.321798
0.459939
-0.570322
-0.327151
0.469324
0.719627
-0.258895
-1.30546
2.63197
0.57962
0.382116
-0.0619752
0.649764
0.542223
2.05255
-0.0006634
0.272534
-1.93263
1.17503
0.394058
-0.857083
1.6486
0.0892904
-0.814603
-0.734785
0.882748
-0.702974
0.421822
-0.218074
0.586007
0.137186
0.134517
0.376708
-0.543862
-0.753214
-1.39735
0.090155
0.207531
1.19877
1.09871
-0.610362
0.109473
-0.525424
0.482372
-0.532045
2.00053
1.75036
-0.474031
0.0966509
0.0843114
0.797489
0.118216
0.0795984
-1.93168
0.297955
-0.173462
0.590822
-2.72729
1.75604
-2.91956
0.0597716
1.20015
0.381617
0.117709
1.93227
0.235996
1.25015
2.83869
-0.0177449
1.18257
-0.422558
0.486576
-0.943628
0.383266
0.523243
1.05429
-0.430151
-1.38833
0.392739
-0.952715
0.616873
0.405364
-0.185267
-1.03242
-0.66082
-1.44156
-1.25697
0.166318
0.160541
-1.16379
-0.184638
0.448001
-0.501552
1.42499
-0.0474007
0.542425
-0.957458
0.566198
-0.34607
2.15553
-1.16031
-1.30201
-0.707793
-0.700946
0.509043
0.379435
-0.34927
0.120627
0.122244
1.34225
1.02641
-0.0360465
-0.508696
-0.441529
-2.88235
1.38757
0.740267
0.379518
0.678997
-1.00045
-0.0120876
-1.43775
0.0614284
-0.0678741
0.831283
0.124089
-0.233431
1.98885
-0.419193
-1.71494
3.75749
0.51384
0.818677
-0.198527
0.178993
0.777403
-0.356729
0.434623
2.7583
0.557515
-0.046707
-0.475373
-0.952929
1.3728
0.634169
3.0122
-0.550969
-0.993534
0.695146
0.372742
2.16382
0.439963
-0.860165
-0.61553
0.720319
0.693662
-0.672106
1.37931
0.22613
0.0875267
0.25298
0.702833
-0.243934
0.383643
-1.05644
1.20011
1.18563
0.25715
-0.197619
-0.354796
-0.50654
-0.234833
-3.14464
-0.0745872
0.747445
0.059095
-0.31065
-2.32113
-1.69778
-1.78028
1.4477
0.2956
-0.0677205
-0.0216801
-1.31197
-0.152666
-1.2653
-1.07985
-0.201995
0.103989
-0.194735
-0.227921
-1.2822
0.745525
-0.572315
-1.45445
0.220291
0.419396
-1.04562
-0.784976
0.12249
1.08316
-0.0446603
0.162391
-0.146603
-0.326999
0.746941
0.555908
0.0116819
-1.12688
-0.939568
-0.226636
0.061823
0.31507
0.896632
0.0500814
-0.490079
0.213381
-0.633524
0.135947
-1.04501
-1.00074
-1.02724
0.619082
-2.01883
-0.00358536
0.368241
-1.06506
0.667447
-0.0714596
-0.790334
0.232046
0.223914
-1.20736
-0.957203
0.0324708
0.140599
-0.309843
-0.00448691
-0.637361
0.0622097
-2.05109
-1.15712
-1.39728
0.837515
-0.639138
0.168903
0.255077
1.77149
0.301854
0.938781
1.02797
0.131393
1.11874
0.0455385
-0.408282
-0.505087
2.34388
-0.686272
1.34097
-0.0205999
2.56743
0.660289
-0.669802
-0.353371
-0.53197
-2.40436
0.609447
-0.093049
0.84215
-1.54623
0.171078
-1.05136
-2.53839
-0.753956
-1.44271
-0.467578
-0.0326914
0.717381
1.6385
0.750504
-0.215554
-0.225566
0.615588
-0.711609
-0.978235
-1.93276
0.48023
1.56308
-0.176169
0.127955
1.26168
-0.317203
0.545241
-0.146547
0.127212
0.208348
-0.167348
-0.0672692
0.00727188
-0.0883712
-1.24993
-1.2094
-0.560642
0.643067
-0.265584
0.575435
1.7115
0.406984
0.229878
0.268553
-2.84962
-0.877622
0.755068
-0.138687
-0.273289
-0.658733
0.65759
0.0553291
0.291665
0.233106
-0.825745
-2.18054
0.772318
-0.30456
-2.27959
0.717454
0.712376
0.86963
0.24292
-0.770126
-0.149172
-2.13324
1.26973
-0.222406
0.101037
-0.66846
1.00604
0.319154
0.21911
0.386128
0.235301
-0.817075
0.88347
-0.215144
-1.26483
-1.39721
-2.89269
-0.164112
0.111035
1.0941
1.05719
-0.410301
-0.473676
1.07937
0.904565
-1.2376
-0.271272
-0.185765
-1.40243
0.425091
0.00905093
-0.355247
0.387013
0.989666
1.15451
1.06322
0.218703
0.291823
-1.36747
-1.55033
-0.43137
-0.566332
0.0315463
-0.695351
0.646093
-0.0893917
-1.79812
-0.062988
0.765596
0.353436
0.358125
0.0587564
-0.264993
-0.4856
0.909324
-0.0814421
-0.58715
-0.994318
-1.14891
-0.491336
-0.491857
0.488804
0.107062
0.817224
-0.923757
0.685221
0.0896235
1.17139
0.937335
1.41504
-0.247946
-0.112858
-0.219521
-0.280548
-1.79145
0.374009
-1.08104
-0.258667
0.101905
1.66253
2.40836
-1.86166
-0.454822
0.6899
-2.17305
-1.0632
-0.316595
-1.52491
0.787188
-1.35676
2.62366
-0.352825
-0.678617
0.404568
-0.361336
-2.06648
-2.64672
-0.722913
0.385294
0.53394
-0.187252
-1.79083
-0.976189
0.204618
0.0896744
-1.70323
1.621
0.211934
-0.736064
0.505502
0.0401282
-0.765877
-0.253422
0.748238
0.317719
-1.4515
-0.395809
-0.0966423
0.489194
0.630665
-0.611335
-0.544594
-0.409523
0.883873
0.586331
0.132993
-0.71629
-0.20901
-0.430861
0.235947
0.566196
0.674023
-0.870478
1.63812
1.21614
-0.575579
0.300021
-0.063723
0.647846
-0.137861
-0.337968
0.138748
0.0343849
0.474382
-0.256231
-0.901911
2.9948
0.755154
-1.87342
-0.229386
-0.184235
-0.694866
1.81051
-0.3779
-0.365716
-0.199848
0.151717
-0.118988
-0.0456492
1.62364
0.804306
-0.0973079
0.589524
0.931378
1.43904
-1.69657
-0.456931
-1.39547
-3.72443
1.30179
-0.150665
-0.302849
0.0144972
-0.568938
-0.403338
0.660542
0.208918
-2.24385
-0.879573
0.987391
-0.731585
-2.34395
-0.491962
0.352043
-1.34318
-1.5307
-0.370752
-0.838185
1.29119
-0.466326
0.679167
2.15695
0.195387
-0.538449
-0.176218
-0.809356
2.62296
-0.125551
-1.84492
0.0453496
0.324848
-0.429258
-0.0953972
-2.06892
0.841413
0.682874
0.0120734
0.314673
0.631522
0.212669
-0.0749628
-0.934164
-0.382326
0.135136
-0.855533
-0.0768623
-0.217235
0.424763
-0.441397
-0.315462
0.205356
-0.752192
-0.174359
0.449093
2.19703
-0.130114
-0.424107
0.255334
-2.16289
0.785107
0.479175
0.768874
0.884586
-0.672335
-0.459831
-1.06784
0.460893
0.786974
0.723063
-0.363239
0.250022
-0.634963
0.622422
-0.528539
-0.255513
-0.141477
-0.53317
0.64315
-0.0550333
-0.398374
0.348713
-0.782281
-0.857219
-0.22897
-0.68081
0.602783
-0.98917
-1.01259
1.32424
0.647975
0.700824
0.0609165
0.589206
-0.39859
1.16733
-0.100329
-0.228118
0.517633
0.659038
2.79435
0.847518
-0.110367
-0.0663006
-2.12851
0.414703
-0.677239
0.662104
-0.544443
-3.00573
-1.14265
0.630364
-0.964468
-0.36061
0.0195694
1.22539
-1.94145
0.195544
-0.759701
0.96348
-0.314396
2.12015
0.969443
0.559457
0.330586
1.75244
-1.47825
1.12829
-0.57296
-0.27918
0.560884
0.104257
0.593342
0.226663
0.107876
-0.566204
-1.26386
1.10787
-1.52059
0.103539
1.27478
0.323652
1.10595
1.93636
0.146202
-0.31497
-3.2343
-0.6153
-0.697
-0.0269816
-1.23363
-0.0750427
0.110756
0.427858
1.38164
1.05681
0.675416
0.0776135
1.06586
0.528153
-0.337736
-1.26868
-0.923353
-0.941641
0.488935
-3.09385
-0.0105781
-0.771851
-0.109491
0.0391162
-0.768641
-0.759324
-0.991583
-0.133417
-0.205783
-1.43455
0.654086
-0.518399
1.33055
-0.000856918
-1.46994
-0.645531
-0.590373
-0.400969
1.33656
-1.5652
0.216177
1.30572
-0.304967
-0.195476
0.262058
-2.14487
-1.53895
0.771975
-1.47133
0.884737
-0.206249
-0.766792
-0.346059
-0.946478
0.239304
-0.360531
-1.25774
0.718392
-0.617782
-0.15537
0.250916
5.07109
-0.332558
0.278363
-1.04502
-0.485095
-2.46346
-0.177099
-0.121484
-1.176
-1.56557
-0.959725
0.229366
-0.691899
-1.42723
-0.589599
0.601963
0.0558325
0.240454
1.20642
-1.07482
-1.26512
-0.927981
-0.0357614
0.230091
0.210717
1.29276
-0.667472
-0.123548
0.0679403
-1.10826
-0.0939274
-0.223255
-0.478473
-1.06524
-0.515784
0.849723
-0.194868
-0.338822
-3.39545
0.0418457
-0.0432369
-0.655259
0.068507
1.29357
-1.05291
-0.677564
-1.84714
-0.0284129
-0.323688
0.322811
0.554784
-0.634256
-0.108222
0.302381
-0.681937
-1.75064
0.388368
0.410272
-1.39729
-0.378455
0.620274
1.05062
0.356434
-0.427374
1.30765
1.29399
-0.485801
0.447192
-0.72825
-0.577222
0.0387446
0.166578
0.65834
-0.803328
-0.103599
0.598068
0.974852
0.183839
0.97155
-0.00504572
-0.475733
0.60655
-0.952119
-1.08252
0.197737
0.290585
1.24565
0.186855
-1.119
-0.704234
-0.291664
0.198991
-0.707081
0.631195
-0.206124
-0.378819
0.376525
-0.381422
0.0870163
-0.515155
-1.40072
-0.333154
-1.28162
0.31886
0.71143
-0.0625298
-0.451929
0.19586
2.19906
-0.108806
1.35596
-0.275168
0.284357
1.74455
2.00195
4.19628
0.330008
0.571163
-0.23591
0.0103583
-1.82915
-0.909549
-0.54827
0.117726
0.0488158
0.250354
0.64544
0.375336
-0.559421
0.150345
-0.353916
-1.92673
-1.3187
0.732045
1.43764
-1.04268
0.347633
-0.591583
0.311668
-0.475069
0.2599
-1.01919
0.617444
-0.610456
-1.10049
0.410556
1.53374
-1.46206
0.279986
1.02744
-1.85832
0.208499
0.16282
-0.0161463
0.671547
0.104833
-1.85172
0.653911
-0.953201
0.285301
-0.244047
-1.64718
-0.4784
0.683414
-0.0405078
-0.138446
0.05254
-0.572737
1.53097
-0.014882
1.5789
0.897138
1.29361
0.170572
1.25167
-2.04108
-0.360522
0.719384
0.391336
0.524015
1.92579
-0.539117
-0.907632
0.829007
-0.417957
-0.494752
0.0486301
-0.922988
0.236119
-0.915007
0.375889
0.758622
-0.127606
0.616071
-0.850894
1.04122
0.0294521
1.42775
-0.0820105
-0.0761712
-1.20627
-0.0844068
0.818891
0.116145
-0.436228
0.538553
-0.934162
-1.6372
1.52899
-1.27939
0.576837
1.8863
-0.574039
-0.162617
-0.196961
-1.11113
0.282316
-0.248487
0.906318
-2.53018
2.69685
0.536053
-0.814523
1.24725
0.243635
0.7255
0.353703
0.991851
0.354778
-1.3032
-0.738824
0.0142409
-2.46806
-0.507228
0.175143
-0.484815
-0.0447824
-0.393279
-0.124539
3.5836
-0.224288
0.207868
0.0695707
0.275628
-1.09853
0.852689
1.62271
-0.0266367
0.161756
-0.276134
0.675873
1.36003
-0.229861
0.0079178
-0.693243
-2.60075
-0.0966843
0.0779453
0.27093
-0.63434
0.888377
1.00492
-0.707337
-1.41721
0.902392
2.79495
0.5685
-0.796834
0.0797914
-1.02796
-0.175195
0.841562
-0.975956
-0.648319
-0.0561868
0.459274
-0.977847
-0.532516
0.714736
0.0278918
0.170508
2.13819
-0.0860017
-0.313276
-0.958165
-0.699221
-0.165013
-0.726673
-0.450158
2.44571
-0.912915
1.2148
2.25569
-0.984441
-1.05924
0.0835334
-1.13633
0.710059
0.934872
-0.996582
0.55194
0.522488
-1.12201
-1.60027
0.18095
-0.404568
0.0105523
-0.708728
0.013487
-1.06763
0.72212
-0.137397
-0.358698
1.33145
-0.0035906
0.68319
0.50346
0.703203
0.371277
1.1993
-0.230193
-2.26187
-0.824062
0.634747
-0.383197
0.155742
0.451292
2.57737
0.959717
0.0533454
0.682343
2.59608
0.793698
1.89674
-1.21518
-0.167545
-0.705777
1.09229
0.275911
0.512893
-1.801
-0.959773
1.31122
2.00097
0.0919095
-1.35986
-2.20459
1.96929
1.11968
0.585343
0.0358268
0.285109
1.25177
0.0911471
-2.60322
-1.04007
-0.0899745
-0.266229
0.120258
-0.927325
-0.0106049
0.968161
-0.142591
-0.6456
2.52344
-1.31895
1.0159
-1.37937
-0.0634676
-0.0912251
-0.39604
0.180995
0.655707
-0.415795
0.0350239
-0.240653
0.833786
-1.04991
-0.324489
-0.485712
-0.477038
-0.974246
-1.42061
1.65341
-1.52002
-1.60608
-0.368853
0.646607
0.383271
-0.246571
-0.103482
-1.31579
0.834578
2.56436
0.525846
-0.0263233
0.140879
-0.218448
-0.154606
-0.679973
0.754721
0.211059
-0.950805
-0.312481
-0.0987523
-0.680988
0.639019
-0.652022
-0.844274
-1.90024
0.13264
0.0557777
-1.33454
0.327377
1.76566
-1.68105
-0.607144
0.190562
-1.42695
-0.665346
1.59237
0.439191
-0.695275
-0.313912
0.436288
-0.753012
-0.907873
-0.912898
-0.780528
0.191823
0.828629
1.73038
-0.457823
-0.164975
1.4834
0.499956
0.000242214
-0.238122
-0.327188
-1.15546
0.0495919
0.68933
-0.421007
-2.45778
2.59354
0.192403
0.777438
-0.190871
-1.62791
-0.476177
-0.526449
-0.48765
-0.000436377
-0.104979
0.286884
0.104251
1.25768
0.355366
0.574102
-0.118128
1.16965
0.340694
1.00903
-0.523637
0.205468
1.233
-0.700852
0.60919
-1.43694
-0.628189
-0.0618473
-1.59919
-1.90322
0.123605
0.698665
0.0382601
0.000700341
-1.01884
-0.972415
-1.67212
1.32095
1.50457
-1.63852
-0.6075
0.380339
-0.469411
0.626146
-1.05696
0.783288
0.756734
-0.141458
0.21958
-1.02573
0.544495
0.187423
0.765721
0.282438
-1.13413
-0.490048
-1.16323
-0.538667
-0.0123163
0.0473161
-0.95472
-0.144577
1.10351
1.35643
0.0891381
0.0100422
-1.80962
0.222092
-0.0891581
0.702386
-0.08843
0.235497
0.281733
1.73742
0.38348
1.33716
1.08174
0.81691
-1.32479
-0.123205
-2.50664
-1.75383
1.35886
-0.146482
1.05463
-0.768578
0.0712042
-0.186301
0.0806516
-0.376405
0.275267
-0.451855
-2.03997
1.75652
-1.92533
0.448765
-1.33817
0.164861
1.05752
-0.0932715
0.225009
1.11667
0.55607
-1.39956
-2.1833
2.17296
-0.146413
-0.429684
0.757897
-0.668181
0.791361
0.224501
0.456696
0.077191
-0.111661
0.35596
1.31905
1.18144
-1.85073
-0.770038
-0.0581218
-0.0110356
2.85596
-0.429633
0.696666
-0.392366
0.678706
1.61941
2.25898
0.270681
-1.05505
0.941373
-1.41059
0.766579
-0.682031
1.61825
-2.15005
-0.0278958
-1.46204
0.246858
-0.460639
1.19864
-1.40956
0.902785
-0.36619
-0.147307
-0.172703
0.406093
0.484797
1.05305
0.216882
-0.447282
-0.157749
0.463895
-0.0977359
1.51486
1.71964
0.11425
-0.879416
1.29501
0.752161
0.147876
-0.061124
-1.56739
0.0106931
1.14052
1.81729
-2.08499
0.273877
-0.312456
0.603068
-0.485888
-0.577224
1.11087
1.63599
-0.567436
1.06958
0.0733872
2.72857
-0.879546
0.0171558
-2.57734
-1.95201
-1.03074
-0.895887
-1.06046
-0.792153
0.140145
-2.72787
0.104488
-0.903668
-0.0495622
0.199664
0.00109756
0.517802
0.470071
0.906306
-0.432541
-0.72453
1.51328
0.611714
0.669914
1.07552
-0.367321
0.156892
0.107308
0.332645
-1.87407
-1.0234
-1.36094
0.0176986
0.373717
-1.0331
0.101453
0.585331
-0.14785
1.2696
-0.48111
-0.196397
1.1425
0.0583483
0.072499
-0.39565
0.199636
-0.07495
2.6639
0.27142
0.44325
2.30201
2.48706
0.300788
0.563215
1.67499
0.0894952
1.60021
0.640999
0.767324
-1.10709
0.925515
-0.239827
2.17649
1.11812
1.35019
0.0794641
0.634261
0.401496
2.1768
0.483249
-1.10966
1.08543
0.485773
-0.761261
-0.978646
0.363724
-0.802943
0.269271
1.52556
0.43368
0.659438
1.01388
0.0884069
0.831912
-0.0983703
1.73307
-0.384908
1.03462
-0.770691
0.709002
-1.15451
-1.96764
-0.424604
-1.21562
1.22836
-2.12242
0.0288173
-0.0718612
-0.183763
-0.228724
-0.451565
0.0747255
-0.651222
-0.199806
0.666027
0.874739
0.724196
0.302901
0.105229
0.358464
-0.414604
0.252313
0.702608
-0.645745
-1.94772
-0.180436
-0.404885
-0.0894436
2.35665
-0.655177
-0.196003
0.866052
-0.112459
0.763197
0.04608
0.751343
0.645178
0.242863
-0.0544905
-0.92367
1.16386
-0.108915
0.760419
-0.352225
-0.233006
1.32255
-0.506782
-1.25644
-0.24818
-0.687659
0.617749
2.02459
-1.35266
0.403941
-0.0671319
-1.60773
0.901788
-0.174171
-1.19893
-0.449512
0.836664
-0.608759
0.534638
-2.4056
-0.398227
0.781699
0.274616
0.237754
1.0814
1.82231
-2.12466
0.0620175
-0.635931
2.26553
-0.0694708
0.234937
1.1607
-0.358882
-0.307919
-0.179867
0.338443
0.409568
0.879517
-2.54282
0.373009
0.0788992
-0.248644
0.510116
-1.87586
-0.181419
-0.159327
0.29679
0.145447
0.189856
0.411809
0.0589424
-0.0482555
0.0562616
0.951199
0.0662705
-0.21016
-0.0801888
0.865165
0.400866
-0.413969
-1.00056
-0.251501
0.320026
-1.04017
-1.83754
-0.0987925
0.427706
0.577091
0.741075
-0.394109
1.39381
-0.100424
-0.761336
-0.0367959
-1.71247
-0.661537
0.457733
0.262062
-1.22465
-0.232783
0.569727
0.50958
-2.08966
2.13899
1.21604
0.225172
-1.0019
0.0580002
1.01803
-0.509232
-0.408347
-0.130254
-1.20614
-0.763523
0.127238
0.657924
0.609552
-0.298888
1.75013
1.52525
-0.224842
0.453663
1.34235
0.638862
-0.172461
1.20176
-0.533394
0.24208
0.7601
-0.13201
-2.93024
0.225515
1.07669
0.111307
-1.62066
1.36001
0.151544
-1.09633
1.37944
-0.473088
-0.109369
0.101563
-1.87633
0.104975
-0.618647
1.05904
-0.935168
-1.30823
1.31606
1.13649
0.551652
-0.254368
0.610734
-0.386117
-1.86457
0.0787904
-0.135425
1.41192
-0.50653
-0.72739
1.57767
0.559479
-0.0868401
0.635343
-1.16031
-0.835971
0.936673
0.106918
0.0189474
-0.449921
2.28822
1.77962
-1.15022
-0.254675
0.262127
-0.0288932
1.05551
2.18376
0.271913
-0.39846
-0.0256082
-0.0136559
2.14663
0.10046
-0.156919
0.1829
3.37859
0.670467
0.0973511
0.320472
0.611823
-1.18917
-0.745622
0.451033
0.752823
0.0354983
0.419297
0.379263
2.0319
-2.28272
-2.02194
0.113579
0.663828
0.0290475
0.356979
-1.96958
0.226528
-1.05088
-0.405674
0.312933
0.186794
-0.175118
1.64902
-0.666185
-1.4844
-0.496806
1.51408
-0.32201
-0.331012
-1.60801
-0.995206
-1.01626
-0.669771
1.88164
0.294221
-0.132381
0.0488686
-0.0777166
0.667456
0.0588349
0.212387
-0.918342
-0.13796
-0.650208
-0.102282
-3.77094
0.463409
0.114547
0.645638
-0.157922
-0.389317
1.34187
-0.129475
1.08388
1.06196
-0.380106
-0.521032
0.264841
1.13827
0.222578
1.03736
1.21738
0.0308471
-0.175795
0.149915
-0.585747
-1.25577
0.584256
-0.0825465
-0.274761
-0.293575
-1.86368
0.44351
3.89024
-0.450352
-0.939995
-0.582615
1.57259
-0.0307108
0.52071
-0.562663
-0.456911
-0.688983
0.0584356
-0.216232
-0.253289
0.0628743
0.285197
1.52122
0.350958
1.29895
-0.225445
0.861702
-0.00715493
-0.814295
-0.3498
1.76236
0.0804142
0.624982
-0.40488
-0.901879
-2.01555
0.0236357
1.24819
0.201211
-0.801384
0.241635
-0.268377
-0.246319
0.0766566
0.337105
1.16299
-0.0206326
-0.346516
-1.56699
0.650241
-0.688349
-0.198172
-0.315562
1.27804
-0.189418
1.54079
-0.0206053
0.435946
0.36411
-0.512182
-0.36078
-0.180154
0.115214
1.07308
-0.417529
0.239723
0.264896
-0.382158
-0.781513
0.472907
-0.0146753
0.216353
0.590169
0.0958647
-0.66953
0.214894
0.318978
-1.32492
-1.62854
-0.360171
0.624902
-0.452514
-0.306295
0.322622
-0.50219
0.391644
-0.431125
-1.54619
-0.76527
0.268472
-3.19592
-0.585806
2.29929
-0.121342
-0.130078
-0.77462
0.615353
0.577425
0.283075
1.12326
1.53827
0.0906378
-0.62445
-0.657236
0.0666261
-2.45719
-0.345756
-1.1016
0.203686
1.10538
0.297635
0.14025
-0.209769
-2.61948
-0.576454
0.0216634
-2.32541
-0.497803
-0.395629
-0.557989
-0.859569
-0.766111
1.11545
1.20322
-1.25987
-1.10272
0.895296
-0.145348
0.474959
-1.71295
-0.0295325
-0.637057
1.69825
0.825958
0.367012
-1.04699
-0.858935
-0.810733
0.951779
0.948794
-0.339396
-0.190203
0.300744
0.048313
0.663542
0.253514
-0.207771
-0.878045
-0.00841027
-0.478946
0.466739
-0.298746
0.231138
0.558835
1.78428
1.57723
-0.0729613
-0.642438
-0.473234
-1.17209
0.751482
-0.624103
-0.139527
0.22746
-0.466291
-0.155392
-0.283409
0.244867
-0.833834
0.770081
0.696545
1.16377
1.45623
-0.187743
1.5923
1.47806
1.90733
-0.517763
-0.313242
0.593661
-0.554426
0.49949
0.0393367
-0.292852
-0.0566193
3.13291
-1.01547
-0.638001
-0.507577
-1.75343
0.274979
0.952837
-0.294662
-1.20899
-0.90611
-0.402736
-0.626954
0.0285292
-0.597587
-0.0773476
1.3251
0.0776098
-0.620496
0.120878
0.538733
-1.45262
0.36144
-0.557119
0.994079
-2.89628
0.266391
0.501009
-0.0364354
-2.83011
0.537691
-1.33333
-1.37974
1.93823
0.628346
0.57258
0.303152
-1.51386
-0.0372058
-0.0861203
-1.83956
1.57961
0.0183644
-0.567541
-0.426918
0.116016
0.688971
0.317884
0.192496
-1.43093
0.638057
0.593138
0.209443
1.15507
0.20647
-0.174361
-0.53526
-0.573818
2.67467
0.954454
1.10226
1.49017
-1.11871
-0.109836
-0.285666
0.64305
0.781611
0.612117
0.180971
0.368382
0.399187
-0.418606
0.328208
0.149315
0.4315
-0.701671
-0.212622
-0.364816
-1.10182
1.22581
-0.432892
0.00124871
1.27757
1.86611
-0.437716
-0.0511293
0.0803976
-0.325718
0.55012
-0.00920884
-0.177454
0.321855
2.26672
0.394177
0.522898
-0.303267
2.23559
-3.3037
1.82273
0.103215
0.879886
0.579537
-1.06197
-0.888338
0.687562
0.505316
-0.450215
1.00239
-0.0612613
-0.599459
-0.121959
0.23663
-0.0383666
-0.137257
-0.718091
-0.130979
-0.0364317
-0.24595
0.395564
1.28483
-0.612847
-0.555823
-0.0156648
1.03696
-0.684028
-0.401695
-0.295201
0.031694
-0.865565
-1.08784
-0.577884
-0.308922
0.758137
0.310885
0.689613
-0.0449272
2.60471
-1.80793
-0.00204157
-0.509998
-0.0129556
-0.595257
2.32945
0.678917
-0.0219965
-1.54196
1.47909
-0.00398208
1.60257
-0.328921
-0.308607
0.0457307
1.16358
-1.03108
-0.76309
2.17568
-0.387216
0.319819
-1.07615
-0.364486
-0.0406306
1.58936
-0.116106
-0.845388
0.939076
-0.0355156
0.450345
1.51446
-1.69249
0.182293
0.144818
0.136185
0.287841
-0.585309
0.509996
-1.1341
-0.687296
0.778842
0.890554
0.853118
-2.26577
0.613633
-2.74083
0.663653
-0.748822
0.635125
0.487787
0.142413
2.49243
1.82697
-0.231785
0.311572
-0.456098
-1.17025
1.62229
-0.483049
-0.753753
-0.957088
-0.868936
-0.430828
-2.05537
0.946964
-1.45035
0.123843
0.105615
-0.440253
1.12394
0.427783
-0.360075
2.03726
0.125588
-0.360644
0.780656
0.0302377
0.205993
0.808078
0.81906
1.34558
2.80843
0.230968
-0.78885
-0.814779
-1.27145
-0.438548
0.220859
0.695582
-0.474261
1.72782
0.969484
-0.371254
0.618081
0.0402185
0.290389
0.807589
1.16351
1.13881
-0.206837
1.05087
-1.0909
-0.400741
0.563619
-3.13248
-0.0537714
1.06002
-0.0312522
-0.482877
0.509331
0.266205
-0.813008
-1.68257
-1.61652
-0.620022
-1.64293
-0.558352
0.254909
0.693882
0.381374
0.409997
-0.370501
-1.09201
0.715841
-0.0463573
0.929837
-0.721012
1.38596
-0.415756
0.856983
-0.968435
0.281897
-0.314691
0.357163
0.628844
0.571372
0.131195
-0.0435811
1.7027
0.183768
-0.454405
-0.746063
-0.629577
-0.174164
-3.12194
-1.84917
-0.55146
1.30765
-1.02247
-1.11989
1.0283
2.52782
0.0449522
0.488368
-1.02933
0.253204
1.27725
1.67473
-1.54721
1.18049
0.24601
-0.801352
2.44354
-0.870537
-2.11148
-0.236829
0.498271
-0.417514
0.347671
0.197015
0.542707
0.22025
1.1997
-0.510355
-0.91173
-0.180372
-1.05623
-0.0743377
0.143448
0.383245
-1.21577
-0.229513
-1.51204
0.829828
-0.0389474
-1.72973
-1.33398
0.356572
0.750973
-0.484261
1.99195
0.19828
0.91639
-0.53674
-0.17729
-1.76515
-0.837914
1.26872
-1.87693
0.314478
2.30285
-0.541443
0.358621
0.341385
0.802406
-0.0966543
-1.75275
1.71622
0.948352
-0.961627
1.92459
0.0420881
0.716196
-1.85931
0.317214
-0.669286
-2.22529
-0.377131
-0.603372
-0.831548
-1.84922
0.429334
0.269998
-0.468705
-1.56352
1.21534
-0.158986
0.0431383
-1.34534
0.675574
-0.116826
0.550479
-0.0244079
-0.452347
0.271662
0.973722
0.935409
-1.70577
0.561386
0.358235
0.146815
-0.71742
-1.32025
-0.415039
-3.08656
0.551059
-0.556964
-0.374865
0.649287
-1.01818
0.120538
0.539355
1.86202
-0.0162437
-0.190043
-0.52825
-0.51019
-0.940436
-0.986483
-0.0921619
0.332908
0.965767
-1.00195
-2.02217
2.62151
0.260966
-0.211301
0.549738
0.119867
0.116289
1.85613
1.84358
-0.218508
-1.13224
1.23901
-1.34101
-0.486398
-0.519235
0.772193
1.09326
-1.72191
0.319514
-0.338634
0.382516
-0.526895
0.106844
-0.516238
0.355041
0.61449
0.138718
0.302731
0.447373
-1.33809
-0.414746
-0.550474
-0.527409
-0.157826
-0.563414
-0.59043
0.366011
0.637081
-0.0327714
-2.58668
0.479493
0.174418
-0.469309
-0.0333903
0.639825
-0.146631
0.81848
1.02331
-0.830098
0.875674
0.491604
-0.316165
-0.335224
-1.02598
0.651258
0.804121
-2.06306
-1.25127
1.4726
2.76112
0.209249
-0.211199
0.763763
-0.0106756
-0.291651
0.600112
0.13115
1.05016
-0.644449
-0.186882
-0.17762
-0.476577
-2.13636
0.141536
-0.462444
0.791549
-0.128426
0.91672
-0.150139
1.46465
-1.0505
-0.261271
-0.0188243
-0.715233
0.823689
-0.608399
0.500374
1.03196
0.0719215
0.327398
0.182387
-0.719087
-1.02678
-0.202823
-2.31651
0.176647
-1.45014
-0.136812
-2.2547
0.452635
0.22584
-0.244866
-0.206922
-0.705984
-0.201038
-0.53506
0.790593
-0.0946395
0.932629
-0.725844
0.0515875
0.296722
-0.264889
-0.416201
0.709968
0.563375
-1.06033
0.0385261
-0.97835
-0.138627
0.589941
-0.866306
1.76125
0.806394
-0.95346
-1.71314
2.4629
0.587669
-0.705287
0.744761
-0.446276
0.0154665
0.706596
0.820548
-0.000929822
-0.264119
3.28739
0.285581
-0.11424
-0.304519
0.103759
-2.10275
-1.765
0.703598
0.00586563
0.500082
-0.790478
-0.196556
-2.00339
-0.446288
-2.08704
0.398098
0.5613
-1.6289
0.284041
0.766838
1.00297
0.170452
1.14557
-1.83543
0.355563
1.7172
-0.17814
-1.69754
-0.103787
-1.86495
0.112786
0.0601575
0.373708
0.0029282
0.206991
0.577045
-1.01947
0.602866
0.0714515
0.579615
0.495908
-2.00825
0.582541
0.474682
-0.798373
0.240711
-0.891823
-0.283731
0.230176
1.47329
-0.244454
1.71766
-0.679445
0.14964
1.31769
1.27297
-1.24175
0.920957
-1.00489
0.590327
0.896454
0.95694
0.20196
-0.4874
0.192738
0.032441
0.507328
-0.403275
-0.375564
-0.369468
-2.32371
2.42533
-0.65801
1.01325
-0.0106595
-1.13631
-0.23179
0.635398
-0.958735
-0.243281
1.56883
-0.00839875
0.225887
-0.379293
2.21359
-0.352739
0.374613
0.374592
-1.08497
-0.0155866
-0.643913
0.845432
0.0675714
0.534498
0.131817
-1.28896
0.549742
-2.02467
0.307648
1.01508
1.06692
-0.0990006
0.410335
0.451113
-0.3115
-0.786378
0.821693
0.374592
-0.152066
0.368106
0.55567
-0.544688
1.74743
-0.291478
-0.130634
0.279258
-0.521963
-0.932367
0.423914
-1.22093
0.014967
-0.734408
3.65723
-0.0364376
1.05714
0.938299
-0.618794
0.203186
-0.729465
-0.0390409
-1.45364
-0.249805
-0.379149
0.658885
-0.0433418
1.87989
0.760714
-0.50548
0.847028
-1.07159
-1.8488
1.56712
-0.540689
-0.677494
0.0994097
0.0695623
0.00662633
-0.433146
1.92741
-0.0201005
-2.02864
0.479232
-0.334362
0.907537
0.914791
0.0263051
0.287793
-0.0860824
0.484435
-0.132137
0.849269
-0.102904
0.753039
-1.09315
-0.172293
2.07438
-0.0880234
-0.600987
-0.0659277
0.107815
1.08538
-0.865443
-1.67254
-0.401602
0.871245
-3.22147
0.980747
-0.66209
-0.0643163
-0.283594
1.31422
0.273244
-0.194663
0.316601
4.66565
-0.00524424
-0.382648
1.04593
-0.192738
-1.05236
1.81781
0.110037
-0.0507453
-0.965141
-0.226727
-0.00123167
0.765903
0.947035
-0.298172
-0.401937
-0.884479
-0.345287
0.838127
-0.230433
0.709143
-0.594177
-0.333055
0.589732
-1.10724
0.256765
-0.707387
0.238466
-0.534921
0.397174
0.352182
0.0186088
0.151685
-0.709145
0.45164
1.47235
1.55442
-0.0333985
0.259881
0.332376
1.7802
0.622419
-0.190644
-1.39691
1.85533
-0.727499
-2.23735
0.671328
0.52504
-0.574018
-2.95409
-0.106265
-0.133339
1.88486
0.374173
0.801847
0.652905
-0.663006
0.74391
-2.15959
-0.785696
-0.86241
-0.0158084
0.107508
0.528341
-0.449515
-1.14547
1.37747
0.483617
-0.407208
0.176918
-2.13197
-0.901115
-3.35645
2.22787
0.66315
-0.616923
-1.07187
0.697415
-1.38263
-0.93318
-0.678242
2.15376
1.16362
0.472657
0.501253
0.330237
-0.5819
0.785396
1.01247
-0.138062
0.0907059
0.0413816
0.211469
0.231366
-0.178272
-2.60212
-0.364869
-1.37669
1.82419
0.562241
0.065676
-1.3852
1.59487
-0.345963
0.530909
0.0598004
0.267047
-0.866095
0.0143413
1.5185
-0.563288
-0.660547
0.388439
2.46083
-0.41506
-0.0542727
0.167316
-0.0446578
1.08878
0.292489
0.245369
-0.191752
0.497957
-0.0506623
0.0748138
-0.426675
1.51185
0.506222
-0.768233
0.478839
-1.47529
-0.000194009
-0.0473037
-0.449661
-1.50737
1.10684
-0.249177
-1.10404
0.471329
-0.105842
-0.140423
0.718329
-0.275544
0.386993
-1.88411
-0.607597
0.167452
0.416612
-0.628757
1.12156
-0.706856
0.371442
-0.906433
-0.32982
0.324216
-0.154487
1.71822
-0.811814
1.32854
0.0422993
-3.23878
0.741674
-0.178123
-0.483979
0.942457
0.456387
0.162694
0.0295881
0.543605
-1.5664
-0.758865
0.308311
-0.428348
0.296313
2.44227
-0.754493
-0.124834
1.70166
-0.1915
-0.454826
-1.5447
0.267629
-0.580394
-2.06122
0.157342
0.600734
0.120858
-1.24318
-1.25034
-0.462351
-0.603744
-0.387339
-0.293108
-0.0920807
-0.507269
-0.487946
-0.450787
0.614453
0.804409
1.66381
-0.171772
2.08748
-0.770697
0.0612116
0.0849657
-0.181658
0.825313
-0.962002
2.07269
-0.551903
0.644341
-0.441066
-1.18085
-0.699038
-0.726697
0.392775
1.37651
-0.417459
-0.331518
-0.787864
1.20371
-0.157106
-2.21485
0.475771
-0.0352685
0.370544
-0.101306
-0.718348
-0.263862
-1.75386
-0.176663
-0.884026
0.860141
-0.596289
0.649951
0.497282
-0.476638
0.605088
-1.0798
1.04669
0.297802
-0.320126
0.848892
-0.719559
-0.296205
0.237911
0.866989
0.0190672
0.103756
-0.538099
-1.13936
-0.785238
1.36889
0.0440163
-0.728535
-0.859781
-1.69705
-1.3495
0.163194
-0.111982
-0.222811
0.126699
0.405271
-0.473182
-0.146216
0.404098
-0.176834
0.463972
0.63688
0.551023
-0.752863
-0.206747
0.268771
-0.436033
-1.2403
0.838257
-0.874539
0.68466
0.377967
-0.499538
-2.05762
0.396273
-0.608014
-0.274844
-0.125468
-0.34848
0.0893888
0.267835
0.106185
-1.4033
-0.627126
0.808825
-0.77419
-1.18348
-0.250111
1.35689
-0.400946
-0.337122
0.539096
0.0881206
1.635
0.24156
0.993078
0.307378
-0.9624
-0.46571
-2.35419
0.428078
-1.29591
-0.267256
0.417282
0.830396
-1.52976
1.11904
0.0573625
-0.0470336
-1.8065
-0.600263
-0.717042
0.0442774
0.142485
-0.0627795
-0.0493691
1.08048
-0.290861
-0.0190436
0.722787
-0.00667947
1.6405
0.148034
-1.37228
-1.15482
0.201478
-2.5909
2.44793
0.692187
-0.445188
-1.24775
1.60441
0.215704
-0.129805
1.09452
0.918767
-0.399804
-0.383971
-0.273455
0.857241
0.429848
1.65547
0.307135
-0.44823
-0.451533
0.272576
0.977891
-1.4227
-0.0762158
1.29767
-0.257175
-0.480453
1.37572
-0.101764
-0.416325
1.21806
-0.875559
-0.802782
0.400059
0.844969
-1.87776
0.17493
-2.7452
0.146868
-0.898239
2.38013
1.42282
-0.453559
0.829161
-0.519782
-0.922607
1.523
2.84431
-1.36898
0.413671
-0.106698
1.97183
0.602877
-0.380426
-0.863248
-1.40702
1.61604
-0.0408859
0.702543
-0.561838
0.183438
-0.46117
-1.76933
0.801527
-0.614332
0.240781
1.79931
1.35442
-0.752337
-0.740054
0.532889
0.514288
1.23495
-0.483631
-0.430256
0.169418
-0.754624
2.20946
-0.200445
-0.0239484
-0.763413
-1.1563
-0.182867
-1.27162
0.810945
-1.55178
0.254024
0.182958
-0.634302
-0.882822
-0.525464
-0.951494
0.784591
0.890479
-0.0440453
-0.306629
-3.25512
-0.767313
0.329669
-1.84983
0.0457579
-1.41504
1.05455
2.57483
-1.84208
0.175178
1.57952
1.18542
-0.417099
-0.575656
0.963226
-0.577139
0.834746
1.56494
0.910789
0.847027
-0.540867
0.844043
0.248942
0.428456
-0.69857
1.81676
-0.0371655
1.92203
-0.0951977
0.639946
-0.917046
0.559858
0.099813
-2.27222
-0.145811
0.63023
1.65937
0.894072
-1.53915
0.758457
-1.72187
0.308336
-0.474485
0.0308288
-0.209306
1.21251
-1.85317
1.71233
0.944455
-0.713143
-1.13029
-0.685269
-1.02533
-0.742928
1.38906
-0.735567
-3.35373
0.829028
1.07464
0.539468
0.300604
1.08782
0.0123261
0.600396
-0.789403
-1.48529
-1.16339
-0.703907
-0.0388982
0.771384
0.142218
1.88546
-1.6887
0.429149
0.72087
-1.25554
-0.488275
-1.10781
-0.918592
-0.338176
2.82027
-0.253805
-1.03219
-1.02004
-1.1812
0.987484
-0.0758512
-0.0922793
1.13636
0.775623
-2.31163
0.381945
-0.138755
-0.44323
0.980717
-0.563405
1.69207
0.233341
-0.0723394
-0.388319
-0.393609
-1.1539
-0.868157
-1.6231
-1.57115
0.619574
-2.287
-0.962372
-0.340884
-0.152626
-1.0339
1.46702
-0.892799
0.201375
-1.28364
-2.20367
1.62345
-0.917087
-1.90609
-1.16898
-1.31444
0.998759
1.11545
-0.278133
-0.0123643
0.805146
0.623108
0.208204
-0.808475
0.387657
0.108642
0.347562
-0.373433
-0.641647
-3.04637
-0.321208
-1.01778
1.19847
-0.307389
-0.741322
0.679116
0.904709
-0.330567
0.147329
0.419187
-0.689305
-0.509464
-0.0777231
-0.733694
0.0761406
2.35179
-0.451278
-0.307271
1.2316
-0.913929
-1.49678
0.300004
0.233336
-1.35795
0.251118
1.18149
-0.0199712
-1.15818
1.96724
0.291119
-0.449004
0.11743
-2.79701
0.905614
0.25465
-2.37154
3.77323
-0.984256
2.17256
-0.101043
0.332152
0.918024
-0.703685
-0.0488281
0.0904862
-2.5229
0.391126
-1.94452
-0.788481
2.18771
0.590715
-0.273329
-0.184742
-0.928685
-0.851439
0.857037
-0.199885
0.611832
-0.718497
1.11979
-1.06125
-2.13172
-0.379457
-0.533851
1.03117
0.425983
1.48517
0.583673
0.838288
-0.44055
0.707999
3.52253
0.324009
0.823289
-0.721413
-1.85649
0.10498
-0.260521
-0.189745
-1.91983
0.378092
0.676007
-1.29277
-0.736139
0.660328
2.03031
1.28584
-0.0202985
-0.166322
2.40397
2.39338
0.28315
0.655971
0.58735
-0.609569
-0.664045
0.17528
2.57124
0.392831
0.0720425
0.267089
-0.237633
-0.153623
-1.19209
-1.13572
0.429626
2.54383
0.374433
1.32822
-1.3051
-0.401487
1.61577
-1.07772
-0.121148
-0.224971
-0.194827
-1.14056
0.00113199
0.0390212
0.0762603
0.0354459
0.913843
1.41688
0.145784
-0.0747041
0.0384111
0.43559
0.331629
-1.48332
0.779604
-0.122769
-0.650053
1.0271
-1.11009
-0.952591
0.0806941
0.565885
-1.66129
-0.167932
2.06713
0.351281
-0.89085
-0.392387
-0.752697
0.489162
-1.41509
0.0238341
-0.829773
-1.08535
-0.343268
1.91744
-0.320584
-0.826775
0.17017
0.0862844
0.565869
0.233505
0.455159
-0.254569
-1.2729
-0.518991
-1.65922
1.07686
0.363271
0.0534652
0.230574
0.198891
0.0975062
0.552729
-1.15306
-0.780423
-0.192936
0.450338
-1.01337
-1.80002
-1.61297
-0.0499192
0.737635
-0.126131
0.125061
0.294932
0.164213
-2.5637
-0.593387
-0.709313
-0.298318
2.64459
0.102606
-1.05941
0.154627
0.93042
0.256258
0.513437
-0.648338
0.341194
1.53339
-0.1625
-1.27619
-0.292609
1.7921
0.526952
1.8154
-0.444647
0.458325
0.783434
-0.242389
0.453154
-0.237179
0.620273
0.200985
0.893448
0.8439
0.0226184
0.403479
-0.0891738
0.0397202
-0.805824
-0.194559
-0.019555
-0.577472
-1.06918
1.15271
-0.613647
0.593949
0.332959
0.204336
-2.12343
0.0550885
0.428989
-0.281691
-2.55078
0.470078
0.0359013
0.250365
0.336152
2.15112
0.160244
-0.511609
-0.703556
0.615956
-1.2588
-2.36011
3.62994
-0.462487
0.708105
-0.832634
-0.387556
0.473762
0.0987848
0.162089
2.98359
0.221769
0.0314864
0.00734309
-0.909293
1.33108
-0.465162
-1.19113
0.244551
0.327709
0.172853
-0.605712
-0.286595
-0.972799
-1.28132
0.592578
-0.556932
-0.73708
0.567073
-0.475343
1.34813
-0.43046
-1.21787
0.0335092
0.729573
0.510518
2.57576
1.27151
-0.123155
-0.374777
0.831269
0.530174
0.362013
-0.874672
-0.511522
0.845906
-0.121652
-0.505322
-3.1786
0.297083
0.204409
0.428115
0.157177
1.29184
3.61618
2.39857
1.75858
-0.290566
0.0357355
0.859564
-0.0733391
0.906714
-0.0182834
-0.15602
-0.625523
-0.842736
-0.00364386
-0.013826
1.60783
0.435657
0.793578
0.00641287
0.0346382
0.207859
-2.08114
-1.13892
0.413625
0.0609242
-0.140889
-1.8953
-0.121501
0.802418
-0.239385
0.711228
1.25778
0.819904
0.674574
1.36646
-0.0290586
0.0500408
-1.17977
-0.656802
-0.293463
0.645494
-0.0816378
0.582418
1.17306
0.444346
0.698528
0.358055
-0.598358
-0.0918587
0.528279
0.577046
0.367307
3.54536
1.36972
1.13073
1.43819
-0.0590822
0.559265
0.776819
0.485406
0.270332
-0.968987
-0.050255
0.748287
-1.10594
-1.83105
-0.429555
-0.0989407
1.09799
-0.141488
-0.0137726
2.00492
-1.46152
-0.644032
-0.638265
-0.027945
-0.23915
1.91508
1.96126
3.13109
-0.821126
0.380413
2.36139
0.757612
-0.424108
0.357953
-0.567306
-0.870602
2.15062
-0.902165
0.723251
1.22161
0.323894
0.234754
0.563793
-0.416643
-1.68752
-1.10809
1.09445
1.04987
-0.93936
0.0894188
0.0463583
-1.26855
0.134087
-0.530095
-0.734639
-2.01507
0.036891
0.164677
-1.12576
-0.471346
-0.893356
-0.574783
-0.230404
-1.50875
0.727248
0.445846
-1.09132
-1.58169
0.0600632
0.87006
0.353003
-0.778767
-0.110824
-1.35859
0.00690315
-1.03203
-0.462574
-0.113525
-0.392476
-2.12948
0.384967
0.0833506
-0.525477
-0.925953
0.572028
-0.0180831
1.1718
-1.8076
0.176043
-0.207026
3.03654
0.557302
0.937717
-4.11904
-0.435396
0.298318
0.37987
0.999587
-0.0518374
-0.0755276
1.25683
-0.825184
0.176768
-0.014054
-0.00655654
-0.122072
1.27424
-1.79952
0.427904
0.74692
0.607353
-2.64283
0.763033
0.124351
-0.399911
0.283272
2.42884
-1.79906
-1.04159
-0.470994
-1.18487
0.93919
0.279334
-0.730449
1.14564
-0.159078
2.1415
-0.755157
-0.289257
-0.696252
0.506771
-1.11379
-2.65199
-0.24259
0.0575453
-0.582876
0.235009
-0.941183
0.68235
-0.208932
-0.785816
-0.886341
-0.455043
0.34106
2.69206
0.0520156
-2.12047
-0.240716
-0.246227
-0.596929
-0.53862
-0.560351
-0.956835
-1.09669
-0.867662
-0.524582
-0.294101
0.597416
-1.07657
-0.21019
0.457731
-0.351856
1.08955
2.06992
0.561017
-0.277283
-0.0316347
-1.87189
-0.465611
0.540976
-0.100023
-0.274156
-1.40271
1.28048
-0.134628
0.432057
-1.62177
-0.0513975
-0.607224
1.64423
-0.476528
-1.3602
1.34011
-1.11626
0.542598
0.166993
1.02684
0.628049
0.121929
0.770394
1.02669
-0.118458
-0.900321
0.167881
-0.119421
-0.0255457
-0.850293
-0.684882
0.143437
-1.52867
-2.1311
0.07487
0.104131
-1.10862
1.75811
0.172181
-1.64262
-0.0630538
-1.15916
-0.0795688
0.227345
0.964762
-0.663453
0.49082
-0.726994
0.592248
-0.366958
3.41822
-0.625903
0.107664
-0.0554283
-0.965941
-0.774358
0.522966
1.03506
0.1173
0.567908
0.788636
0.891298
-1.52846
0.585155
0.0822114
-1.44038
-0.770772
1.23094
-0.127894
-1.66632
0.229109
-0.224082
0.671334
-0.618384
0.88596
-2.7339
-0.365824
-3.1409
0.18581
-0.450305
-0.455823
0.0581575
0.291938
-0.292611
-0.0173829
0.407848
-0.56542
1.92368
0.860339
-1.04395
-0.411541
0.0986254
-0.392191
-0.79584
-0.709158
0.52384
-0.367915
0.105875
-0.649426
0.625111
-0.446985
0.759095
-2.02448
1.17567
0.653112
0.720075
0.035709
-1.11012
-0.759795
-0.342395
-0.284791
0.335674
-0.530168
-0.56751
-0.643866
0.549644
0.897777
1.0094
1.01644
-0.0940912
0.57654
2.0599
-0.562602
-0.177422
-0.0914842
-0.471134
0.0550033
-0.503446
-0.508507
-1.14045
0.311557
-0.777062
-0.0412737
1.02317
-0.0110803
-1.26542
-0.0532827
0.773221
0.738065
0.512767
-2.07107
0.149102
0.653384
-0.310392
1.17831
-3.07459
0.729626
-0.143695
0.305401
0.303006
-1.24404
-1.26134
-0.287812
-1.2185
-0.857524
0.881629
1.79981
4.35898
-2.43145
0.274879
0.301775
0.842433
-2.10565
1.13442
-1.17068
-1.05894
-1.35594
-1.40153
0.332986
0.092454
0.457884
-1.1348
-0.721703
-0.271751
1.28499
0.451651
-0.342982
-0.382308
0.600549
0.434676
-0.808839
-0.289826
-0.0575102
-0.462065
0.819768
0.994739
-1.36593
0.620095
0.445928
-0.461429
0.162967
0.412143
-0.699796
-0.928151
0.60162
0.504084
-1.17776
-0.36915
0.244349
1.15247
-0.189587
-0.265291
0.289135
-0.733585
-1.21538
0.360019
0.148281
-1.30344
-0.0207246
1.24722
0.478397
-0.856153
-0.30444
-0.663095
-0.0134138
-0.865206
-0.333353
0.761725
2.09907
-0.301544
2.28408
-0.803396
0.672234
-0.12444
1.22198
-0.552991
0.541266
-0.179691
0.150008
0.282982
0.0154955
-0.288049
-0.119133
-1.14877
-1.00748
-0.0447874
-0.00389085
-0.243786
-0.965828
-0.609195
0.668415
-0.293384
-0.106705
0.280088
0.385516
-0.133771
-0.591852
0.524645
-0.694615
0.0912096
0.353137
0.703505
-0.958207
-2.20829
1.11531
-1.28389
-0.0381633
1.2452
-1.51611
-1.27093
-0.915766
-0.541962
-0.586192
0.807001
0.132887
0.789386
-0.109343
-0.552803
0.315995
-0.602806
-1.34008
0.0983856
0.545488
-0.0199235
0.750478
0.210307
-1.66726
0.85051
-0.0362315
-0.0244523
0.537554
-0.469934
-0.0512934
0.37034
-0.590516
2.25348
-0.591784
0.084225
-0.29983
0.0461549
0.687627
-0.950133
1.82697
0.807191
0.183938
0.975783
0.356968
3.5267
0.592868
0.00115669
-0.47743
-0.593506
-1.22997
-2.58452
0.174176
0.404516
-0.0209085
-0.931811
-0.553739
-0.555223
-0.228637
-0.193569
-1.44346
1.31614
-0.429834
-0.394242
-0.132854
-0.444142
-0.29381
-0.333405
0.746782
-1.90441
-0.626347
-0.166295
0.0955348
0.0218743
-0.373191
-1.03111
-0.243304
1.22478
2.42993
-0.7407
-0.748132
0.798755
-0.816605
1.49453
-0.597131
0.00577796
-0.70382
0.143882
-1.67032
1.61281
-0.551901
0.876188
1.08494
-0.754449
0.130105
0.595138
1.12233
1.50659
-0.473143
2.01541
-0.212612
-0.595476
0.509221
-0.68203
0.282824
1.11084
1.22758
1.31817
0.128774
0.23973
0.576788
-1.71884
-0.10551
-1.94432
-0.338562
2.63358
-0.727153
-0.280765
1.08788
-0.137369
-0.0789293
-0.384152
0.576497
-2.40307
1.01811
0.502524
1.44683
-1.25157
0.645216
-1.63223
1.49088
0.814522
-1.3549
-0.119261
-0.0950275
0.140519
-0.0666865
-0.712448
0.532126
1.71763
-0.349917
0.185342
0.184801
-0.546767
1.25216
0.045925
0.757253
0.0757311
-0.042818
0.543654
0.32356
0.137081
-3.9881
-0.277862
0.0296307
-1.6802
-0.523942
-0.53755
-0.957117
-1.91634
-0.0753218
1.83072
0.800405
0.265905
2.91769
-2.98049
-0.820233
0.146999
0.784224
-0.977198
0.441039
-0.484263
0.938934
-1.05921
-2.20762
-0.935278
0.092271
1.8812
0.244697
-0.603635
0.601827
-0.253039
-0.400276
0.0838919
1.5367
-1.46822
0.0181759
-0.362259
-0.938325
-0.106155
1.28923
0.6226
-1.26871
-0.0836588
0.00844668
0.384109
0.118472
1.55042
-0.09169
-1.22363
0.603304
-0.533396
-0.966409
0.133658
0.858559
-0.0758791
1.04027
-0.304621
0.0675669
1.0152
0.537992
-0.565211
-0.787153
-0.211455
-0.94279
1.77082
-1.08744
-0.404959
-0.0891023
-1.50743
-0.69562
0.641528
-0.645856
-0.314273
0.581858
-1.114
-0.887708
-0.670101
-0.240686
0.970706
-1.34046
1.9055
-1.73359
0.143588
2.55476
-0.539932
-1.19469
0.861028
-0.581537
1.24458
0.918946
-0.358439
-0.101682
0.350754
0.420294
-3.01739
-0.106763
1.62111
-0.223804
1.44779
-0.599272
-0.275325
0.747539
1.26992
0.795152
-1.32662
-0.465366
0.280114
0.499952
-0.539165
-0.304665
