-0.750029
0.135657
3.22756
-1.18194
1.5008
0.734414
2.14643
0.768565
0.927087
-2.2399
-4.69651
1.14054
-1.03211
0.447748
4.32621
4.33188
0.717321
-0.915808
4.24695
-2.71202
0.543665
0.396345
2.33283
1.54474
-2.765
-3.67014
-2.72473
3.74102
3.09512
0.930425
-0.907347
2.19731
2.06395
0.438644
-1.44553
-2.12889
3.17743
-2.05007
-2.03322
7.16925
-0.400562
-0.419368
-1.70101
1.13471
-1.31567
-1.86795
2.21768
1.0027
1.02323
1.84095
2.26239
-2.40612
-0.201454
-3.16156
-1.18344
2.63534
-0.276037
2.14021
-1.67483
1.85169
0.178386
-0.585553
1.16321
-2.76927
1.60546
-3.63737
-3.4381
4.51093
0.447144
2.79479
0.275156
-1.0959
4.93596
-0.132144
-2.08668
-2.58321
-0.518076
-0.817694
-1.39529
-2.47701
2.0928
-1.32031
2.94639
4.65171
2.47002
-1.22203
1.51389
0.951926
-0.596105
0.0478015
4.54694
1.44643
3.41418
-3.64266
-1.68587
-1.02058
0.561575
2.37781
7.05956
0.862919
-4.80633
-1.38763
-2.14244
-3.17509
1.00148
-3.69468
-1.35534
-2.50176
2.05181
1.4541
1.06219
1.84015
1.10265
4.47123
0.914629
2.30643
1.47494
-1.78642
3.65209
1.12755
2.58897
-0.842081
-0.218866
0.375532
2.40733
1.38118
-2.44306
-0.220188
-5.05502
0.302712
0.258857
2.60809
0.463216
1.95658
2.49246
1.15609
0.437087
-4.36027
0.762587
-5.08267
1.65836
-0.890239
0.832384
-0.702381
0.313599
-0.594471
0.270456
4.68873
0.251405
1.29382
6.3667
1.93192
1.10038
-3.85181
2.04967
3.40131
-6.555
0.0724779
4.4639
0.143119
-2.52422
-1.21693
0.12832
3.45632
0.108658
-1.53188
-0.629785
-1.87517
-0.868036
0.859396
2.40486
-6.28153
4.3205
-0.356999
-1.40353
1.18217
4.56351
-3.35274
4.59597
-4.67651
-1.83327
0.364475
-4.11202
-3.80504
0.0144131
-3.9968
-2.71191
-0.82003
1.48513
-0.49364
-2.54026
2.02213
-3.49052
-1.26279
-0.345189
0.484883
-7.54577
-0.556699
1.40583
-2.98503
0.517548
-0.76395
0.578236
-1.11158
3.9724
3.89449
-4.59863
0.922894
1.55971
1.40625
6.37282
-2.33805
-0.307435
-0.927147
2.75161
1.79655
0.342374
2.10352
-2.36873
-1.68684
3.56894
0.835712
-0.566128
-0.0256238
1.12216
-2.71863
-1.83523
-1.75596
-1.04013
1.70341
0.108468
-0.307705
2.95778
0.794632
-1.03803
-4.40489
-1.4547
1.6798
-0.74141
5.58198
-1.79753
1.29664
-0.746052
-1.88463
-0.282766
1.88802
-0.493931
-2.47007
-3.43896
3.99265
0.499582
0.294467
3.21678
1.39103
-0.528632
-1.01072
-1.99261
-0.882098
1.19318
1.22477
-2.29897
-0.198715
0.446802
0.0768603
0.697794
1.27447
1.38268
0.86753
3.75934
1.07456
1.7133
-4.38332
0.328361
3.3145
-0.0990178
0.206014
0.756095
2.25452
-3.00518
1.94949
0.765045
-0.402168
0.122163
1.9776
0.98404
3.76196
1.7891
-1.26673
-0.364152
-3.44901
0.038587
-1.98235
1.30666
-0.809466
-2.29124
-3.60907
2.09592
-2.22642
-3.3344
3.65169
0.546665
-0.861512
0.714139
0.909003
-0.759292
-3.42911
3.2523
-0.333459
1.06452
-0.655559
0.148378
-0.16366
-0.884318
1.37041
0.510169
1.6721
-0.646827
2.37541
0.894257
-2.35306
-3.94317
3.08926
-0.995271
1.51523
-1.85986
-1.79632
3.45159
-0.102537
-1.61149
-0.0343024
-0.112662
0.908026
-0.229309
1.1949
-3.26482
-1.28835
0.747353
3.59589
-0.291127
0.68899
2.68149
-0.0998266
-2.30469
-2.93343
-0.964145
0.227905
-1.3961
-0.938604
1.72478
-1.65851
1.57083
3.34894
0.912511
-4.01417
-4.76614
-8.34793
-0.296114
0.172486
-0.656957
0.284114
1.8039
1.33192
0.485819
-0.510451
1.03838
4.54565
-5.88294
0.744954
-0.298227
-0.599338
-1.32756
0.331928
-3.74547
1.08535
-0.0792384
-2.51469
0.596825
3.26637
-1.13476
4.14246
-0.0938368
-4.55316
1.22848
0.145095
-3.26937
0.559277
-0.933674
-5.34545
0.77643
-2.36482
-1.68616
3.54125
2.1054
1.46729
0.400164
3.2895
0.618173
-0.0251148
-0.00403188
0.0495134
0.227698
-1.66572
2.44926
0.901049
-4.00233
0.90983
-3.32329
0.791715
1.62508
4.03896
-2.1091
1.10204
1.1886
-0.255793
0.162082
1.53388
-0.116073
-2.05523
2.22771
0.732288
2.85587
0.783216
4.17348
0.842411
0.718999
2.6076
-1.7934
1.97731
1.40061
-1.92266
-1.29396
0.860563
3.18986
0.877297
1.91063
1.46221
-0.907292
3.08812
1.55045
3.68927
1.31752
-1.32084
-3.64661
0.895832
1.74172
0.476582
-0.872956
-1.04198
-0.649314
1.39303
-2.18565
-0.599199
-4.48236
-1.32466
-4.16086
-6.32691
5.15087
0.36337
1.38235
-3.47089
0.225052
1.24081
2.14049
-2.04243
0.967659
2.37001
-0.956784
3.56099
-0.311113
1.35022
-0.0999185
-1.5774
2.08463
3.19383
-2.17739
2.5348
-0.479123
3.93836
-0.855948
-1.51926
-0.849357
-1.73106
-1.95237
0.135704
1.12659
0.634192
2.65678
0.777689
3.64584
0.438791
-2.73613
-4.91908
-2.08596
-0.178894
-0.0409976
-3.54132
-5.27326
1.4737
1.03265
-3.91255
-0.767921
-0.0317648
-0.314053
-2.0548
1.09102
-2.16549
7.4807
-1.03514
0.977656
-0.10787
-0.0767584
2.28428
-1.90134
0.347797
4.51053
2.29847
0.672844
7.45208
1.64453
1.25321
2.50257
1.10028
1.6354
-0.823242
-0.868248
0.428241
-0.744517
0.049384
-2.89629
5.86918
-0.325561
0.254915
-1.74671
1.71286
-4.38603
1.07583
0.834567
-3.46437
4.96965
0.00267949
0.724298
-0.929761
0.645819
0.393674
-0.00194519
5.41228
-2.27278
1.53873
0.826125
0.12493
-1.2134
0.984284
-2.91525
-1.34922
-3.40946
-1.53922
-1.8086
2.26377
0.465785
0.851031
1.04824
-3.67892
0.303386
1.52636
4.77693
1.9761
-1.19378
1.19881
-0.569152
2.40399
2.53147
-1.7065
-1.57183
0.281209
-0.372912
-0.0173812
-1.73982
0.298181
-0.752895
-0.682899
-1.99505
-3.40959
-4.71284
-1.91741
-2.1571
2.0088
-2.68073
1.28916
-1.37786
0.920169
1.72812
-3.52655
0.0635022
2.7686
-1.08162
0.124486
-2.28786
-1.72514
-0.867666
2.65774
4.88242
-2.10585
-3.46852
-1.03928
1.74573
-2.38762
0.742641
0.802551
-2.07396
-1.77907
3.39463
-0.120452
-8.28795
-1.84747
-3.04591
-1.97332
-1.43908
1.88051
1.05079
-2.142
-1.43099
1.61985
-5.64983
2.66432
2.69865
0.866723
0.783351
-2.22918
-0.607962
1.46565
2.57734
0.985914
1.62989
-0.0435034
-0.19011
0.341234
1.18712
1.11954
-1.20727
1.15177
0.17402
-0.4355
-0.290937
-3.34687
-1.2242
-2.18112
-2.01392
-1.65032
-0.630306
-2.76466
0.844058
0.63818
3.3654
0.541097
-3.96202
0.134768
1.65952
-0.870434
0.860334
1.17962
2.3804
1.4175
-1.93249
0.51171
0.231317
1.83059
-2.6749
-3.04657
3.239
-0.894672
-1.72171
8.34245
-3.20078
-0.167712
-0.730927
-1.40482
1.08847
2.36511
-1.36184
-3.19895
-0.179923
-3.08432
-4.35459
-1.55796
-1.67118
-1.95911
1.44457
-0.00641068
-0.278476
-0.099682
-1.56361
-1.90508
-0.416688
0.39457
-0.847684
0.652314
0.618346
-0.989273
4.5403
2.05489
-2.37239
-2.80599
-0.975981
-0.461173
0.80099
0.402657
0.890449
-0.966373
1.96269
1.64139
1.35424
0.347806
4.50872
-0.430551
4.71885
2.20952
-1.91805
5.73659
-2.69725
-0.253228
-1.81426
2.10629
2.03686
-0.213273
2.81843
-0.200081
3.28191
-1.46368
2.48448
-4.48449
0.112175
-1.63451
-1.27841
-0.0864403
0.138192
-1.84789
4.94014
4.01123
0.27394
0.457087
3.30481
-0.558953
-1.53625
-0.244345
2.05055
1.88858
1.63199
1.00475
-1.32719
0.461808
-3.81322
2.32812
2.9805
-3.11517
-2.02293
3.97019
-0.776743
-0.261438
1.46445
-2.99485
0.193658
3.09096
-2.89741
1.29911
-0.0907777
1.04185
-2.21869
-0.349723
0.343357
-0.920306
0.92555
-1.2605
-5.07789
2.04125
4.72721
0.159899
2.23034
-0.44788
-1.94837
-2.44878
4.30063
-0.334467
1.60427
0.933462
-0.685735
2.15209
-1.12149
1.0117
0.169561
2.01435
-2.06203
0.150521
-1.92671
-1.41164
-3.09175
5.38198
2.27538
2.51181
0.673268
1.10713
-1.51876
1.93384
1.28413
0.844888
1.34932
2.37822
2.62177
1.47331
7.16484
-3.16884
0.968317
0.00134097
2.33673
0.810616
-2.09464
-0.230463
4.80584
4.7018
4.5777
2.08805
3.27445
1.80282
0.645631
-1.1872
0.873575
1.72138
1.30068
7.1393
-1.73833
-1.15933
-2.45648
-3.48392
1.39491
0.685669
-1.43044
-1.14822
-0.710735
-0.267979
-6.71354
1.93365
3.96882
0.695562
-0.465784
-2.8372
1.04561
-0.3755
2.19972
-1.03513
0.760876
0.315913
-2.42015
-2.58131
0.422378
2.55376
0.602467
6.92908
1.52173
1.44771
-1.42876
-0.253919
2.90786
-2.97384
1.22966
1.03758
-1.81143
-0.154499
2.33128
-0.249366
4.51211
3.70418
-1.13412
6.96871
0.32742
-2.7062
2.51121
4.86382
4.09737
-0.300368
1.85683
-1.86813
-0.505741
-1.33857
-0.632039
3.38417
-3.4476
0.959178
0.0278333
-0.708518
-1.29667
-2.46442
-0.0467566
4.43414
-3.27864
-0.583362
-0.794803
1.71909
-1.68777
-2.15249
-2.30861
-1.29872
-2.33669
0.868118
2.66905
0.275419
2.71971
3.71754
-4.0011
-2.52728
0.66478
-1.50341
-1.26468
3.47488
0.128254
-5.15645
-0.377219
-1.41507
0.527423
0.215342
-1.3174
3.41418
0.213377
-1.37494
3.04809
0.303938
3.1526
1.93264
-0.52684
3.46867
-2.21984
-1.91722
-0.564173
-0.54713
1.49118
0.442919
1.26641
-0.746083
0.105176
-0.820301
-3.92897
1.85112
-2.95672
1.8133
-4.09709
-0.493506
-2.00981
-2.91085
0.770381
-0.662919
-3.97751
1.90173
0.541767
4.00023
1.87396
-3.78749
-2.24345
-0.727657
-0.904104
6.30026
8.59599
-0.322975
0.939081
-0.56009
2.38254
-1.2149
0.986285
-0.112178
-2.14899
0.0431908
-0.133672
-1.50823
-2.12911
-1.87066
0.974179
6.73376
-0.118567
-0.338557
-0.231597
-3.20357
-3.04412
0.345366
-1.19341
-1.47819
2.76217
-3.21731
0.347446
-0.0312878
-1.72541
2.49624
-1.32425
-5.06721
2.17899
0.200646
-3.3769
-2.58227
-0.851927
-0.186951
0.0316702
0.4591
2.46858
1.10011
2.44031
-2.67309
-2.16533
-0.0131927
-0.184738
3.20688
0.965319
1.91829
0.303907
0.1947
2.10907
1.97324
-1.74222
-1.2172
-3.95325
0.387382
-0.0363714
0.652779
1.94472
-2.62757
3.2827
-0.498665
1.57567
0.775583
-1.87863
-0.0384578
1.64197
2.90927
-5.13718
0.716242
-7.13287
-0.118677
-0.0444345
-1.02825
0.369847
1.69815
-0.945963
2.39651
2.54147
-1.77357
0.82445
4.0528
-4.5989
-6.78384
-0.849687
-0.217566
1.7096
3.76919
3.78706
0.978072
-1.71059
1.63037
-0.325853
-0.159683
0.044635
2.09674
3.36074
2.10193
1.8484
0.839082
-0.485778
1.04852
-0.322128
0.521465
1.13128
1.11086
7.32104
-2.13403
0.428435
1.75354
2.02027
-0.17344
0.757799
-4.18382
2.68691
-2.82798
0.946684
0.394558
1.33804
2.00355
-0.482427
-3.20682
1.14763
-0.72288
1.16815
0.0548006
3.39194
-1.96647
0.737605
0.581484
-1.20082
2.19605
-1.5767
0.0150442
1.77203
-0.145748
0.723869
-5.45002
-0.329626
1.68809
-2.41848
0.424341
0.120376
-0.973764
-0.31329
1.0702
3.81852
3.46565
-2.16202
-0.728614
1.69689
-1.15937
-0.645661
1.50422
-4.1536
-1.86643
-1.81264
2.96778
-3.87104
-0.0403671
-2.21471
3.52795
-3.13175
-0.00353431
2.21497
5.84487
-0.556778
-4.43011
1.04831
-0.19078
-1.27265
0.123691
-1.27595
7.59166
-4.99602
1.34117
0.934733
-0.740209
-2.72089
-1.77669
0.844097
-0.610443
2.25535
2.3894
0.128892
-2.8902
0.299169
2.22458
0.131101
-3.23959
0.970316
0.789177
-7.46117
-2.24167
2.69779
-0.795446
-0.190403
3.66453
1.43725
-1.49358
1.4011
1.10904
-7.31612
-2.37583
-0.330707
0.541798
-1.09571
3.31919
3.8627
-6.5975
-0.435343
0.0737681
1.15322
-2.29548
1.06137
-0.474687
2.61998
-3.39561
-3.57218
1.11522
-0.182423
-0.317763
-0.595264
-0.91102
5.1826
-3.97875
-2.33171
1.25428
0.314285
-0.740057
0.589563
1.42985
-0.843087
-0.0780158
1.38905
1.75475
0.82468
-0.675765
0.273595
-1.58987
1.70453
4.40426
2.62389
1.05752
-4.1534
1.13023
-1.20522
-1.73631
-0.768497
-1.47044
0.182717
1.81601
-2.70318
-4.55888
-5.61536
4.24645
0.511653
2.53552
-0.874977
-1.95924
1.59523
0.779004
-1.15991
1.67646
1.7125
-1.03764
-1.00013
-1.48815
0.497892
-1.63582
-0.872528
2.37328
5.83119
2.48774
-6.05824
-0.424777
-1.25256
1.43216
-2.23178
2.14511
0.225933
1.53636
0.928095
-4.46823
-0.884628
-1.42662
0.58725
1.40273
2.94445
0.361923
-1.46212
-4.48222
1.82433
-5.20417
2.03574
2.22568
6.24091
-5.04183
-0.315755
-2.21573
1.50406
0.149277
2.76537
-0.467534
-4.35294
-0.119388
-3.32045
-0.933577
-5.58336
0.318793
0.970955
0.557111
0.30282
3.76843
2.01174
5.55542
-0.700565
-2.72152
-0.699599
1.61957
-0.371692
-2.31348
3.13704
0.668959
-4.08434
1.07696
-2.79842
-0.435769
-0.0731985
2.87663
1.47494
0.493993
-1.18334
3.17636
0.188044
-0.158992
-1.67648
0.861699
1.61377
2.57639
-0.941281
0.271261
-1.19232
1.80318
-0.759144
1.09124
-1.65052
-2.40791
-2.34016
3.58703
0.544828
-0.550104
-3.20925
2.26451
3.1747
-1.42588
0.884727
2.50005
-0.271196
1.79495
0.11009
-0.0704357
-2.18403
-7.83449
-1.46524
0.787474
-2.40004
8.40979
-2.29275
2.90881
1.66264
-1.36718
1.80887
2.49576
3.98003
-0.506186
-0.81951
-2.89171
-0.123149
0.930071
3.74034
0.642352
-0.268966
-2.76277
0.121495
0.884117
-2.29869
0.551545
2.92698
0.85218
6.74214
-1.34599
3.18627
1.04239
-0.0562734
-0.469809
-1.44848
-1.20339
3.71382
2.30724
-2.12033
2.133
-1.41258
-2.0068
-0.359817
2.05961
3.80812
-1.86306
1.92944
4.00763
0.941629
5.93819
0.434068
-2.68443
3.19711
3.81018
0.753279
0.208401
-0.518334
-1.99936
5.08624
-4.3858
0.553656
1.25515
-1.48581
3.60671
5.65543
0.950675
-3.58841
-1.30856
1.64421
0.705573
1.00192
3.36667
-1.42504
-3.32743
-1.55194
-1.43783
3.42348
-4.18662
-1.06198
-1.13381
1.63507
0.648236
2.52133
0.644233
-1.0849
-2.07053
1.36586
1.73471
3.02693
-6.08287
-0.474373
-1.69729
0.663134
-0.721909
-1.39367
0.699505
-3.06621
-0.703889
-0.539535
1.50749
-0.527577
-0.242509
0.673754
0.126743
3.20072
0.399549
-0.212343
1.43203
-0.162568
0.448989
0.0687459
1.97032
-2.8964
2.74482
-5.64181
5.51312
1.93177
-0.382116
4.16624
3.55966
3.04415
0.201113
-0.691927
4.04038
3.53955
2.14374
-0.17484
-3.83656
-3.56912
2.13199
3.76167
2.09109
-2.71622
1.10015
-4.8146
1.60285
2.85606
-0.526576
1.32476
0.473875
1.68831
0.340544
0.2563
1.36045
4.216
-2.57942
-1.74148
-3.5817
-1.99615
-0.307661
-3.21303
-0.900538
-1.34616
-7.07586
-1.09242
-1.84012
2.63753
-0.806991
-0.623826
1.31595
-1.26348
-1.83288
-1.21921
1.06002
-2.73349
1.94911
-0.626005
0.705492
-0.0953795
0.363942
2.46981
5.35611
0.394675
0.361251
1.94949
0.522126
8.83464
-1.06292
0.762029
-1.81712
-1.85568
-3.13616
0.531527
0.115734
-0.696524
-0.586967
0.375978
0.41619
-0.993467
-2.25583
1.87812
0.930368
-0.894782
-0.375902
1.72946
3.55708
0.95399
-0.579447
-0.881768
0.00708166
-1.02537
0.990311
1.48054
-3.72289
-0.553913
-1.33883
4.12296
0.982077
-0.893544
2.53564
2.39884
-2.34652
-3.78989
-1.7534
-0.603374
0.715727
3.01453
1.18846
2.15674
-4.80094
-1.18294
-0.315611
-1.56973
-2.31582
-5.07831
4.05562
-0.195311
2.58687
-1.64062
4.04974
-5.5515
-1.42752
0.852923
-1.0895
1.17387
-3.24983
-0.830845
-3.23139
-0.292573
4.1046
-9.038
2.31554
-0.626701
0.062654
-1.08042
2.33754
-2.03432
0.020573
-0.339497
0.267593
-0.390159
-1.81891
0.738366
-6.87843
1.25312
-0.88734
0.758255
-1.77096
-1.75954
-2.58886
-2.90349
1.44948
2.00526
2.95977
-0.213965
3.95469
-0.823732
0.0518225
0.321635
1.12135
2.59253
-0.0242124
-5.01278
1.26342
4.71579
4.91402
-2.74049
-0.589383
-3.40023
-0.834835
7.12213
-0.672485
2.81656
-0.467475
1.96193
-2.90735
-1.6096
4.71053
-1.06581
1.75558
0.463055
-4.38311
2.95168
-0.878856
0.350113
0.120716
2.03038
-2.59962
-6.50378
-1.22473
-1.91369
-2.56943
1.67647
-0.115841
0.470336
0.06406
-3.84892
-2.15785
-0.434643
-4.79743
1.92546
0.189236
-0.961002
-0.123684
-6.59296
0.693521
-3.45922
1.3918
2.31013
-2.10108
1.29313
-2.03665
0.53102
-0.404913
0.591111
-1.63326
-6.1835
-1.86978
0.563797
1.80474
-1.84087
3.62099
-5.11726
-4.06591
-3.85032
-1.57868
5.50204
0.285901
-1.37208
-1.01701
-1.42229
0.572702
-1.22069
-0.7634
-1.57451
0.572397
-2.17584
-1.27252
0.0656271
0.104093
5.18509
0.252262
0.378578
-3.66125
-0.108474
-11.7544
1.03635
-3.9633
-1.58225
3.34383
-0.00673683
1.14606
1.15
-0.106711
1.37084
2.59887
0.754619
5.59938
-2.55388
2.43263
-2.28674
0.534542
0.295261
-4.84289
6.46223
-2.41709
-6.19368
1.50374
3.49876
1.15837
-1.85463
-11.9459
-1.8962
2.35371
-1.17734
-0.589243
3.99612
-1.86141
-0.325781
-1.28218
1.73295
-4.93417
1.24413
0.568206
1.47929
2.04106
0.196834
-1.76169
5.58373
-0.541835
-0.771904
0.0577639
1.26215
-0.244256
-0.317388
-3.90813
-0.132859
-1.54994
-0.123938
2.35688
4.31786
-1.12893
0.795169
-1.52088
1.28615
3.94063
-2.53207
1.69856
-1.29252
0.131521
-0.568864
-1.51547
4.02416
0.0267577
-0.908941
-3.13697
-1.66654
-1.34318
-0.398262
0.90295
-3.40807
-2.5547
-2.00917
-1.26612
-0.286832
0.365245
-2.09759
-1.15269
3.73265
-0.405783
1.45426
-5.6823
3.141
1.34182
-0.367635
-3.98996
-1.23523
-0.905452
-1.93523
1.74248
0.119907
0.731828
-0.33043
-1.69801
-4.08053
0.349323
-5.45037
3.18898
-1.63774
-0.619788
1.91409
0.347296
0.148242
3.18439
0.587586
-2.69976
1.40026
-4.22579
-3.79976
-0.706372
1.092
-0.503226
0.0270359
1.54508
-0.213187
1.88595
3.50408
0.359927
-1.59043
-1.45077
-5.59668
0.617508
-0.106142
1.48182
-4.52422
-0.133655
0.141182
-5.73884
-3.69308
-0.000644631
0.546705
0.169999
-3.42001
0.986885
1.66601
-4.75738
2.66508
-5.26674
-0.346332
-2.38683
-0.301564
4.19252
-2.4343
0.440098
1.90941
-2.40638
-0.663457
2.63957
2.61344
0.882429
4.2859
-2.80164
3.31236
-2.56183
0.872403
-4.3608
-0.759797
-3.87636
2.48853
2.96751
1.97944
-0.0130068
-2.66886
1.96008
-2.46338
-2.07636
1.38649
4.33393
1.16947
-5.04206
-0.158171
0.0371569
4.3677
-0.264069
1.08219
-1.90865
1.92165
-0.815122
1.09244
3.40995
-1.01547
0.650986
-4.45793
1.32123
1.93922
2.26438
0.466919
-1.99525
-0.450318
1.97244
-1.36523
2.7629
2.51343
-1.17674
-0.120282
1.50389
-2.20211
-1.50721
-7.73523
-0.641129
1.88594
2.44971
1.76336
1.9995
0.10446
-2.63294
0.252521
0.787702
0.379169
7.79055
0.285863
1.46049
-3.72438
1.68949
4.49119
0.943744
0.65796
0.567549
-4.37148
-0.815054
-0.0539589
3.31838
-0.933233
-0.629222
0.665466
-1.58723
1.4526
-2.01528
-2.38661
-0.544307
-2.33305
1.03879
0.937239
-4.51196
0.130731
-0.597739
2.08567
-1.76312
3.52369
1.92782
1.41886
-1.3702
-2.30457
-3.51083
-3.168
-2.9928
2.02645
-0.864646
-0.832375
1.29234
-1.27092
-1.18974
-6.54985
1.22307
-1.51108
-5.69139
-1.06507
-1.82701
0.470457
1.27358
1.78149
0.802832
-0.417615
0.569684
-2.11816
0.188942
-1.74814
-2.86109
-0.0863097
-0.305548
-0.578283
1.72251
4.07711
3.00273
-0.385016
2.44953
1.08054
-1.74598
0.692265
-0.334338
2.08783
0.15719
1.13934
-0.326181
-0.623638
2.87093
2.82018
-2.5189
-2.75462
-3.10228
3.97094
-1.60558
0.422944
1.39954
-3.16892
-2.2106
-1.84598
1.52972
0.292772
-1.94259
0.257094
-5.61625
-2.02455
-5.95102
-2.02782
0.0863909
-0.842822
-0.0875084
-0.755806
-0.447314
-1.98399
-4.72709
2.63999
-0.650629
-0.416795
-1.34103
0.143821
1.95573
1.02538
-1.08513
-1.31138
0.136255
1.29345
-2.06621
2.49953
1.85189
-3.13283
-2.44843
1.88482
5.86176
0.810621
-0.665561
-4.18189
0.0603137
0.233709
-3.17683
2.3357
0.716764
-1.42246
-2.8649
4.15975
-1.01407
-0.37226
0.758649
6.38167
0.143784
-0.497403
-2.76951
-0.0938348
0.152361
1.752
1.25941
-0.55835
3.07366
0.565305
1.48471
0.842689
-0.58457
9.06718
-5.91245
-3.84568
2.41108
1.40718
2.90991
-1.11411
1.39474
-1.49448
2.86041
0.985134
-0.994605
-2.92842
-0.946148
1.12643
6.37306
2.44221
2.22467
3.9065
-1.92711
2.70471
2.13224
-1.06737
0.507877
-0.420792
7.43701
0.285195
2.0549
-3.91033
1.05202
0.933915
-1.86018
0.631965
-0.856199
7.30457
-2.85568
0.485495
2.30363
-5.7748
-1.42271
-1.70962
0.646289
1.55697
1.31057
-4.132
-0.0344451
0.469039
2.73328
-1.58259
-2.32991
-0.267719
-2.91029
1.30023
0.60966
-0.953177
0.631791
-0.971292
4.00698
0.0190978
0.418737
-0.361537
4.38378
-4.30992
-0.621352
-0.707533
-1.02617
4.9898
-2.15192
0.0136223
0.503069
-1.96412
3.91887
-1.53702
1.09642
-2.2338
-1.11502
-2.25526
-1.00533
-5.39153
1.44585
1.90432
-0.536996
1.7839
-0.787273
-1.18394
-1.68242
-0.931901
-0.289262
-0.528943
3.27411
1.1165
-2.53812
2.78193
0.440142
-1.41363
-1.23861
-0.138831
-0.515145
-2.37795
2.06751
-0.327523
0.748259
-4.91955
1.21337
-1.11701
-6.81007
5.89792
0.190362
1.85098
1.39564
-0.410589
0.924847
-1.12801
-3.11779
2.20403
-1.16732
1.55518
-2.77741
3.03492
-0.4534
-2.18104
0.57474
0.344047
-0.843435
1.07126
0.779664
-1.7334
3.02739
0.574252
1.54578
1.65147
1.24234
1.53719
-2.74885
-0.831866
0.973374
0.731757
2.23779
2.53709
-2.88975
-8.95842
2.028
-3.35179
-4.02143
-0.925957
0.289247
4.32794
-1.65063
0.639866
0.911462
-0.748624
-2.7939
-1.73251
-3.30111
-2.11076
-1.05406
-7.56903
-1.64876
0.418166
1.61762
0.626693
-5.14923
-1.79741
-2.49996
1.05955
-2.34488
0.103004
-4.21501
-0.905358
1.63349
-0.79503
1.60988
0.834645
2.9268
2.37665
-0.871584
3.64838
-1.50553
1.75137
1.42633
0.887385
-0.964328
-3.21711
3.14005
0.00991752
0.258637
-5.48099
-1.01688
-2.75411
-0.521702
0.537194
-0.224587
1.87359
0.342183
-2.10517
2.0469
3.01918
2.26341
-2.2389
0.0260401
-0.993706
4.4878
0.537145
1.47762
0.317255
2.33082
0.440811
4.21824
-2.31186
-1.42836
3.97078
1.71801
0.0718608
4.51574
-3.52459
-2.71447
0.554974
-1.46647
2.02879
-1.78383
-1.05831
-4.36341
1.72163
6.40567
0.136176
-0.950387
-1.73645
2.83734
-1.04566
7.00113
-2.85658
0.44041
-1.38291
-0.513741
1.36697
0.6912
-1.4859
1.92176
0.619111
3.41393
-0.0790602
1.75645
-0.867209
0.564077
-6.64835
0.687425
0.59112
-2.46955
-2.91476
-1.4699
1.513
-3.49559
4.11979
0.302384
2.23632
0.515089
-7.15305
-2.15681
3.78164
-1.90006
4.12797
-1.43362
-1.77545
0.94089
-2.4964
3.38613
-2.0984
4.77328
-0.752522
0.350196
4.0092
1.89261
-0.153422
-4.49583
0.76123
-2.87371
-1.70607
-2.25509
-1.59328
-2.7398
-0.845373
-3.00186
-0.16709
-0.844613
1.25672
2.50893
2.13626
3.87682
-0.0238683
-3.55997
-0.430618
1.22767
0.00374562
-4.89551
-2.03118
-2.44786
1.34012
-0.165521
-3.21561
-0.309899
-0.289193
0.80503
-2.69389
0.615843
-1.50884
0.1724
1.74639
0.507592
3.0756
-0.307471
-0.709276
-2.26233
2.45476
-0.348057
0.0427871
0.64729
1.63459
-1.57074
1.74645
0.0165026
1.95838
0.215095
-4.24853
0.663861
-3.75695
0.0256809
-1.9341
-4.54013
-0.753318
-1.19757
4.62966
2.14906
-4.16167
-1.7668
-4.49724
1.08091
3.79509
3.97854
-2.84453
-1.72497
-4.02246
-0.0408956
2.0008
-1.57475
0.710078
-0.0945234
0.171519
0.00581781
3.51799
2.29174
2.23641
2.04062
0.459907
-0.567681
1.29977
0.796537
0.394095
0.185022
-2.37152
0.574048
-0.616979
0.631256
1.55974
-2.0632
-1.69656
-1.09485
-0.785693
0.144318
0.87588
-0.822807
2.17425
0.328456
2.87168
-2.3182
0.211688
3.71844
-1.95596
0.400504
-3.68535
-0.662203
-0.581204
2.73996
1.54864
-5.11078
1.41972
-0.724585
-5.67057
1.98412
0.610468
-3.18201
-0.51531
-1.96453
4.38652
2.57084
-0.609388
-2.04219
1.43655
-0.480426
2.03686
1.71978
-3.42051
-0.592062
-2.49147
2.7878
-1.77427
2.09593
0.0605136
-0.809335
0.449092
-3.24107
-0.974248
1.00138
-1.54624
2.02048
0.825222
-1.51491
0.549034
-0.282981
3.9581
0.253665
-1.58338
1.98027
1.48139
-4.27124
0.122932
3.88449
-0.603106
-3.8125
2.76983
0.389025
1.2871
-1.08331
2.40903
-0.110639
1.50402
0.00778815
-3.72507
1.81852
3.28658
0.726608
1.18313
0.789971
-1.82774
3.05927
-4.79558
-1.00747
-4.70662
0.329347
1.69706
-2.10439
-0.391456
-2.19703
5.72365
2.97036
-1.37324
0.23828
3.6623
-0.914979
3.1265
1.32537
0.709055
3.37584
-0.754369
0.807388
1.04531
1.53221
-0.584587
2.01391
-3.17966
-3.28856
-1.28766
2.71365
-0.852982
-2.35281
-2.17311
-1.39265
2.45051
3.20146
1.04378
-2.3288
-0.270887
1.06641
-4.116
-2.38123
0.0266854
-1.02668
-1.68593
1.55277
-2.57763
-0.104301
-0.231294
1.45519
1.0268
0.868809
0.0386811
-4.1702
0.95811
-4.10316
-0.966491
-4.74307
-1.62954
1.43783
4.60048
-1.34231
1.7107
1.79001
-0.147324
0.692955
-2.72887
2.65733
3.98236
-0.33048
2.52614
-0.365138
-0.685236
-1.92829
-0.487779
-1.70984
0.75996
-1.53839
-5.07247
-0.109456
-2.34147
3.47073
-0.311584
3.41965
-4.0127
-0.355351
-2.50637
-1.71435
-1.37045
-4.81157
-1.26138
3.7606
3.2543
2.65104
1.84563
-1.70427
3.07312
-4.78253
-0.279212
-3.98297
-3.67823
-2.91664
2.85103
-1.89016
-2.92412
2.24959
1.1763
0.570977
-2.03607
3.81571
1.77109
-0.404741
-2.04987
-0.263975
-0.337171
-0.37184
-2.63378
6.96269
-5.2231
-0.418277
-1.40947
3.50488
3.16596
-5.07861
-0.234382
-2.12297
1.78737
0.51367
0.476623
1.1725
0.316677
0.695824
3.94719
0.0733948
-0.662721
-6.26491
3.12641
4.84477
-3.4246
-0.894134
1.2344
0.983789
-2.98249
1.09167
0.725953
1.05989
1.00961
2.6091
2.15686
2.05595
1.16992
2.92331
-0.523283
3.13608
2.6576
2.34585
-1.30781
3.58476
0.649185
2.17925
-0.174879
-0.647446
-3.47152
-4.78617
2.07015
-0.657842
2.51212
1.25688
3.41954
0.993419
1.25537
1.77748
1.04728
-1.32941
-0.295369
3.12776
-0.0890414
-0.716929
2.44274
3.93889
-2.72261
-1.03845
1.03983
7.13747
0.227863
0.440242
3.12286
0.545243
-5.21723
-3.35824
-0.836898
0.356805
2.56663
0.130012
2.96346
-0.11911
-3.06308
-0.223238
-0.179917
5.08855
-1.10094
-1.92947
1.19415
0.340046
-0.893099
-0.421092
-1.5289
-1.80158
-2.58521
0.260717
-2.49274
-3.29122
0.887829
-1.18471
-3.29595
1.47847
-1.36255
-1.44515
-1.42058
-0.70373
-1.64021
4.03288
1.70184
-0.927324
0.384019
2.98867
-0.306713
4.06522
-0.385447
3.59293
-0.864643
3.83676
0.160669
-2.76379
4.77348
-3.13183
-0.201087
-0.0464446
4.47448
1.43905
1.77754
-1.2758
-0.291913
5.39699
-2.38405
2.54134
3.64308
1.29462
2.12561
-1.14677
-1.60582
-1.02942
-0.264053
-1.27721
-0.00078589
0.916884
3.46784
-2.06449
0.624056
-0.375721
1.54676
-5.70552
-0.269031
4.36961
2.17777
-2.42596
-3.17791
0.64731
6.07346
2.50532
-0.171308
0.537508
-2.8572
-1.30195
1.53796
1.17863
-2.17223
1.63006
-2.62685
-2.43399
2.29258
0.610881
-1.5474
0.445443
-8.04085
2.0489
-0.498537
1.21384
-3.47706
6.35099
0.299927
-0.298023
-3.14928
0.437659
-0.385229
-5.90391
1.07797
-0.0789192
-2.55141
-2.39215
2.46341
-2.71411
1.32254
4.67054
-0.813283
0.308188
5.48673
5.56664
2.02459
-0.624451
-3.39373
1.52274
-0.624309
1.0708
-6.02692
1.23493
-0.206477
0.485101
0.613807
-2.22377
0.278043
2.93573
0.697713
-0.322052
-0.964852
-1.5601
-4.86961
2.8701
-2.93748
-4.79923
-2.39617
-2.40029
-3.47029
-0.896766
-0.630897
0.323612
0.695746
-1.10667
1.29365
-2.0956
-1.1731
0.658476
1.3269
-3.61681
0.0874768
-2.51461
1.71311
-1.24578
1.61267
1.84897
-0.964713
-2.03182
-1.98068
-3.08704
0.210512
0.295761
3.16026
2.36292
0.125152
3.98314
0.721786
-4.1447
-1.39516
-1.06388
-2.24744
-2.43481
-4.3305
1.3675
3.38383
0.177643
-1.0262
3.11321
-1.12336
-2.71866
-0.921727
-0.943981
4.55857
1.95262
3.13106
-3.94547
-2.94473
2.8454
0.344051
3.54256
2.21244
2.23865
0.307257
5.16801
0.169502
6.56514
0.963801
0.238425
3.76817
0.703079
-1.15913
5.64095
0.723402
-0.570882
-1.67554
1.46695
0.00186699
-0.354114
-1.81049
-0.113946
0.15772
1.86145
-1.63785
1.04731
-1.70061
0.468017
-1.82702
2.2639
2.47106
5.34213
-0.201601
0.990049
-0.869717
-1.29056
0.667339
-1.03394
-0.407169
-0.200984
1.1395
-0.693931
-2.63752
3.25816
1.26826
2.11721
3.54336
2.45535
-0.63856
-0.0568891
-2.11635
1.50172
-4.33822
-0.579756
-2.89894
-2.07413
-0.241089
-0.485407
-2.06224
-2.44415
-1.84044
-1.61372
4.31168
3.19081
4.71037
-2.80664
0.658541
3.01663
0.926817
1.98238
2.30553
6.83675
-1.76201
-1.14472
1.75326
-0.649063
-0.320732
-0.051269
-0.975272
6.27005
3.42058
0.0821451
-1.50034
1.49001
-0.369138
2.21745
-0.522378
-1.0983
-0.234469
-0.843754
-3.61289
1.55208
0.459178
-0.812
-3.78907
0.77498
2.78031
1.07076
1.97768
-4.64125
-0.673048
-3.58546
6.41991
2.67004
0.423215
1.09769
3.92238
0.946799
0.440047
0.98454
3.63434
-3.5011
0.132349
0.333325
-2.64216
-0.392259
2.88799
-3.48453
-1.93872
-2.4035
2.80259
0.0432644
1.19736
-0.91367
1.27159
0.925764
1.07579
1.52142
1.39263
-3.89708
-5.10918
0.923145
1.36437
-2.04009
2.27968
0.057476
-0.145383
1.13939
2.49659
-1.95972
-3.04498
-0.204444
0.547265
0.162605
-1.55085
-1.36635
2.57192
-2.50078
-1.78962
-7.39798
6.19434
3.67947
-0.0791477
-1.18166
-0.442443
-1.92748
0.0859073
-1.85389
-1.70987
2.27958
0.175863
-1.18185
0.582984
0.00383717
0.793951
2.06289
2.13771
1.50642
2.69812
2.21801
-2.3809
2.60281
-0.675306
3.7676
-0.995272
0.336019
4.01498
1.43506
-3.08925
-1.49376
3.20005
-3.162
-0.294463
0.755045
-0.866112
5.11764
2.97198
-4.98082
0.362977
-2.01162
-2.37206
-1.17242
-0.944999
-3.33262
2.73922
2.25913
-0.86785
1.02949
-1.47807
1.97384
1.02979
1.18903
-3.66717
4.17368
2.48141
-0.846808
3.01028
1.97155
-0.0356601
2.16275
1.79713
2.14429
0.338
0.994893
0.232947
2.26995
1.08361
0.283478
2.14319
-2.86527
2.39072
3.00069
2.52298
2.81871
0.807233
-0.707743
-0.277813
-0.354674
1.19448
0.598631
-0.750087
-1.79385
1.12783
-2.4335
-0.390724
-1.09563
-3.27669
-1.6344
7.36414
-1.52561
-2.19547
3.89745
-0.38223
-0.989277
-0.0205457
-1.23994
1.17105
3.64513
3.39474
0.852869
0.170792
-1.71118
2.6881
-2.21368
1.98777
-0.558557
-1.13486
-4.17251
-3.0388
-0.970739
6.80654
4.71011
2.68044
1.93558
0.827799
-0.390413
0.493215
-3.59407
1.69822
-1.56759
1.6791
-6.57888
6.50905
-1.00035
3.90854
-0.183051
3.22452
-0.730702
0.21808
-3.32279
-0.183833
4.2386
0.0443929
-2.33978
0.273615
1.21013
1.04706
-0.726319
1.16436
-4.4884
0.756545
-0.784609
-1.33428
-2.4284
-0.288087
-0.99006
1.03115
3.25496
1.4201
-0.230442
1.72876
3.88801
-2.42796
0.953646
-0.333413
2.57303
-0.45121
-3.17021
4.31922
-1.11703
-3.57603
0.675449
2.24089
-0.854613
-0.908675
0.266361
-0.0666638
-4.03928
-0.544509
-0.418365
0.915737
2.23957
-0.15176
3.51713
2.82431
-2.45844
0.863674
0.865933
-1.49467
1.84861
-0.0571435
-0.861516
-0.254399
3.29471
-2.18531
2.35588
3.8978
-0.434965
-4.78256
1.48176
5.77247
-1.61782
-0.475696
-0.774163
-0.432034
3.08783
-3.29411
-3.77011
-2.09272
-2.48685
4.25641
-3.09077
-6.24473
-2.7323
1.70319
3.77315
1.15582
0.592739
1.08602
-1.16338
-0.330275
0.145205
-0.259478
-2.98885
0.236175
1.42745
3.00969
1.45529
-2.13634
0.357192
0.0965147
-0.786902
-2.72586
0.68018
0.748801
-4.43093
2.56844
0.163271
0.75531
-0.735281
1.19721
3.71893
-3.03529
0.553002
1.74211
-0.926482
1.32048
-0.670474
1.00459
-2.15784
0.426895
0.749201
-0.102945
-1.31197
2.87813
0.199886
0.978598
-4.87773
-0.409003
0.936126
2.70582
0.580543
3.81987
-2.09098
0.583977
-0.970594
-7.56053
-0.193306
1.20574
0.574137
-2.60392
0.666388
2.33049
0.216548
0.480852
1.884
4.47088
-2.10304
1.44322
0.734587
1.95812
-0.627823
0.130288
-0.73574
-2.31187
1.20034
1.02396
4.55194
2.51884
-1.88493
1.44748
-1.46571
-2.32981
1.46403
1.44649
-0.207035
-3.75462
-2.38867
-2.52154
0.726635
1.21682
-0.0793107
0.592421
1.47986
-3.52697
-1.01467
4.59021
-2.23328
-2.88558
-2.16248
3.95645
-1.99868
3.35682
-1.41317
1.49552
0.539713
6.69785
3.55847
0.449179
0.345742
3.70636
-0.010885
3.31865
-8.25742
3.50294
2.20189
-1.43556
-0.359522
2.60514
1.63804
0.0718502
-3.7962
1.82382
1.20678
1.08783
-1.11739
1.80591
5.23152
-0.157077
2.75979
1.4991
2.08008
-3.49556
-1.03776
3.03715
1.22429
-3.14298
1.74272
0.060842
0.233477
2.20539
1.31043
-2.22121
-3.33951
-0.3679
4.08981
-0.444045
-0.335431
2.6365
0.0359057
1.44888
1.16794
1.97744
1.98787
-0.0301503
2.9486
0.677989
0.458661
-11.1706
-0.476026
0.00737934
-0.575695
0.234844
2.05453
2.32015
-0.725956
0.344272
2.12728
0.0411559
-2.04893
-2.07454
0.225884
-0.105249
-2.30589
-3.24942
2.97786
-4.70668
-1.78925
2.06749
0.304375
-0.564491
-2.71584
-0.0232257
-0.391801
2.48586
0.772104
3.08963
-2.15843
-1.10692
4.7229
-1.19564
0.427028
0.829909
4.4039
2.45102
-2.04486
2.34307
-0.399963
2.23047
-1.49863
-2.05047
-0.289534
-1.91
3.05007
1.19673
-5.35535
-2.59234
-4.11447
3.03496
3.47894
0.829484
1.5538
-2.08417
-0.897431
1.74244
2.03744
-0.469873
0.960067
3.39187
-1.16596
0.0543964
-0.278598
3.89776
-3.8783
0.113561
1.54711
4.21266
-1.43877
1.13046
-2.33651
1.0396
-0.919877
0.0660712
4.36211
4.92791
0.59342
-2.44852
-1.15602
2.41302
-4.15789
1.9487
1.27305
0.935454
1.33301
-0.305316
2.70928
1.09259
0.0715259
1.50714
2.70434
0.312537
-1.0832
1.3069
1.39575
0.368441
-1.98667
0.500529
-1.83954
0.726239
2.26905
-1.3614
-2.01497
-2.36883
2.93486
-2.91231
-0.181876
0.0935066
0.577436
-2.02923
-3.89055
-1.42751
0.160348
5.46665
0.235137
-2.89621
1.28241
0.330896
1.21499
-0.578206
3.01592
3.10243
0.814101
-0.680212
0.876183
-4.46109
-0.612554
1.845
5.3232
4.0678
-3.88243
0.212135
-5.47968
-0.477615
3.3331
0.141115
-1.23743
0.592146
-4.58671
-2.47232
-2.02884
0.976143
-1.96963
2.7279
7.20887
-0.466757
-2.0905
1.90662
1.28267
2.0321
-1.92993
1.84078
5.12581
-0.778851
0.0783512
3.3567
-2.44345
-3.11956
1.04465
-3.43372
-0.463603
2.22842
2.88305
-0.995996
-5.46193
-5.00708
3.93954
-1.62519
4.60162
4.03302
-1.98539
0.349041
0.0168972
-2.44088
2.03456
0.0958313
-2.81108
3.23998
0.714564
-0.258201
-3.07134
0.48267
2.20576
-0.759626
-1.22432
-0.985135
-0.10926
-1.07815
4.18695
0.195314
1.17203
1.23706
-1.52957
5.92456
0.0494842
-1.3548
-1.40453
-1.89153
-1.41611
0.110737
1.06293
0.528702
2.85862
-1.90012
4.01294
1.91767
-2.67355
-2.73738
2.51129
1.18462
-0.18179
-4.08218
0.450494
0.237502
1.13702
2.93212
-2.1376
-2.59751
0.558388
-1.22173
1.60091
-0.151823
-0.128454
-0.865375
-0.292441
-0.971613
-3.53392
5.06404
-0.657574
-3.02051
-4.14028
3.61078
2.71673
5.83593
-1.56743
2.79143
0.797211
6.04851
-0.909053
1.38677
0.604235
-1.34978
0.504495
-0.909329
-1.06752
4.56378
1.29967
-1.37518
1.62983
1.18389
-1.24128
3.52037
0.602271
5.37429
1.43133
-1.20801
-2.35241
-2.15341
0.523424
1.65983
-0.514166
-0.847228
0.885625
-2.5244
2.37042
-0.834824
1.25427
0.0494272
1.26572
-1.79563
0.472693
-0.0503146
1.08221
-3.54221
-0.034629
3.30149
-2.59882
2.08394
-2.1628
-0.291738
-2.27408
-0.946034
-0.878088
-2.431
1.31976
-2.21544
-2.39417
-0.485254
1.0092
-0.822708
0.278458
4.90345
-1.08083
0.346814
0.0790267
-0.681812
-1.11821
-4.03317
-2.72346
2.61133
-0.980771
3.76979
-0.109259
-0.125779
0.808966
-0.817858
-1.18542
1.34204
-0.750019
1.37457
-1.29261
-0.501378
1.06313
-0.200406
-0.314035
-2.51131
-0.133581
2.0053
-0.463793
1.01109
4.24393
-1.13019
-0.0168492
6.56905
3.07131
-2.99834
-0.966436
-1.67605
-4.06114
1.49366
2.20373
0.740376
-2.51713
-0.275712
1.13415
1.03066
0.981549
-1.68885
0.566843
0.694479
0.728514
-1.22362
-4.14239
2.47303
-1.1868
-0.820356
-1.22523
1.48078
-1.27989
0.294587
-2.74426
-1.40918
1.44401
1.71813
3.32486
8.87821
-0.357698
5.25008
-3.33274
3.52499
0.810907
0.650406
1.386
0.528413
1.33043
-0.911614
-0.815407
-1.34556
1.53164
0.447255
0.792287
-5.14751
3.35399
-1.92831
0.0274329
-7.77478
0.544154
-0.990745
3.44679
-0.83878
-1.20795
-4.2194
0.444858
0.473124
-2.80272
4.62207
1.65586
-1.62273
1.04724
-4.41001
0.817477
1.57903
-1.6319
-0.885243
1.3385
1.40753
-1.72523
-1.558
-1.44261
1.5746
-0.380868
0.296124
-3.21047
-0.0572162
-4.6746
1.60383
0.692893
-1.33437
-0.564558
-0.448386
-0.533916
2.65736
0.874104
-0.398292
-1.15994
2.14247
-1.9198
0.912653
1.8156
1.0378
1.4697
-3.81938
-3.13385
-2.10807
1.78204
-1.88814
1.21249
-1.15811
-0.246851
0.239236
0.215192
-1.69084
0.0780488
-0.55632
1.04038
1.70524
-2.12356
-1.20548
0.0777111
-1.64835
-1.54921
-1.03291
-0.0079
-0.706948
3.60691
-0.0835993
1.79526
4.41077
-0.368536
-0.937736
0.569583
-0.17478
-1.15472
-0.593353
-1.09129
-2.93199
1.0079
-8.64484
2.05051
-0.0862699
0.894222
-1.28539
-2.03031
3.26798
-1.53307
-0.684363
4.02799
0.371344
-1.31677
0.749355
-0.849984
3.13424
4.9075
-4.74983
2.49353
0.730744
-1.06564
3.58665
1.76009
3.89652
1.72261
6.79543
0.625776
-6.10517
-13.4518
5.23937
-1.87784
0.460869
-3.33856
0.0615407
1.50997
-1.7526
1.17483
-1.18753
0.256194
-0.683218
0.185744
3.85432
-1.13921
-3.52145
2.77353
2.04551
-0.578908
-0.931257
1.32065
3.24388
1.48326
1.20408
1.95927
1.00412
2.71365
-7.59067
0.975626
-3.60198
2.99334
1.276
0.0280635
2.90913
0.0257689
-1.29514
2.3984
2.48991
0.500886
-3.59505
1.0288
0.323285
0.483441
1.26358
0.784498
-3.16799
-0.637194
2.03092
0.163185
1.42906
0.00575245
-1.57084
-2.92902
-8.763
-3.43861
1.03873
-3.20753
-1.18362
0.915139
-1.20977
-1.15838
0.000245335
3.0679
2.04103
-5.82788
3.02199
-2.60554
1.2738
2.73701
1.5684
2.63364
3.22144
2.00155
5.12073
0.88594
-3.57197
-0.271044
-1.51096
1.35672
0.763271
-4.94997
1.22979
1.45318
-2.14162
0.192354
1.10588
4.36336
-0.698253
-2.13369
-0.958263
3.64067
-0.389509
2.1574
0.132872
4.12824
0.658779
6.05243
-2.72281
0.348277
-1.39221
2.63376
0.849545
0.168856
2.91782
0.123852
0.605011
-3.38364
-2.03534
-1.28975
0.221774
-0.313974
-0.717987
5.63378
-3.82714
0.87403
0.225722
3.69609
7.10743
-0.602261
-1.94105
1.81319
-2.85176
2.88047
-1.35632
0.0260916
-0.920147
-0.484657
1.48612
2.39015
1.16624
4.90338
-1.39755
0.965915
7.25314
-0.892033
-0.647384
0.978849
2.62359
-0.457317
-5.20972
0.835607
-0.379485
0.95562
-4.22902
0.61083
-2.588
2.55611
3.91977
-1.58259
1.97731
-0.185908
-2.93388
-0.350257
-0.342097
2.49124
0.48024
0.852462
-0.12549
-0.805623
-0.940969
-0.672708
-4.02866
-1.49251
-2.12938
0.846674
4.43958
1.45902
-0.409332
0.766609
-3.74433
-6.07184
1.61216
0.882486
6.65849
-1.45185
0.832201
1.69108
1.73556
3.43134
4.43255
-3.50726
-1.37948
1.82789
-4.80832
2.60225
3.73881
2.44774
-2.3752
-0.033727
1.85277
1.81077
1.63562
-0.469628
1.95092
0.723335
-4.42307
1.28805
-4.76932
-0.248556
-0.500392
-2.16355
-3.80545
0.822235
-0.4527
5.60256
-0.754018
0.196404
-0.150741
-0.691792
-1.35504
0.623911
1.63801
1.38613
-1.4796
-2.30066
1.74673
1.05926
2.60949
-0.0891619
3.69763
1.18707
-0.873241
0.222659
1.60079
0.134195
0.29748
-0.801323
-1.32391
-0.578638
-0.148861
2.29789
-1.38488
-0.833941
1.14688
-2.45645
-6.36639
-1.82902
-5.60509
-0.764972
3.51997
1.32074
-2.09496
-1.32163
3.9598
4.01954
-0.472902
-1.46469
1.09909
4.83003
0.311959
0.964182
2.58595
-1.6636
0.00873626
0.955318
4.74787
-1.02668
1.40426
1.37409
1.8043
1.37212
-4.78388
0.521169
-2.42265
0.661512
0.144288
0.730579
-0.733876
-0.408367
-2.19031
-1.9225
-1.21659
-3.03649
0.33542
1.64679
-1.29726
0.745942
0.940301
2.53964
-2.38147
0.025921
0.894032
-3.03879
-1.91094
-2.86721
-0.0136299
-3.08571
-5.73259
-0.00448678
0.0945337
-1.60942
-2.29999
-2.92478
0.216669
3.26029
-0.302443
1.2975
-2.72294
2.21749
-0.287218
-1.25505
2.89246
-0.867603
4.819
-0.121276
-3.04641
2.21441
0.125613
0.913649
6.74029
-1.1906
2.39677
-1.87171
-2.87606
1.78718
-2.92895
-2.50241
3.63253
-0.258325
1.15928
2.00049
-3.67192
3.70686
1.05391
1.52946
-4.10165
2.6417
2.94394
0.423799
-0.131877
-1.56221
-0.937868
-0.725007
-1.87279
4.08098
0.682625
1.2652
6.54788
1.10788
-3.84089
1.48077
1.54794
-4.04272
0.790894
1.86105
-0.612032
1.14818
2.06419
1.50588
0.13882
0.376987
-0.809804
1.66213
-0.919247
0.813137
0.471909
-1.60072
1.76493
-3.16131
-2.1678
6.02882
-1.08004
-2.29644
-0.912716
-0.749931
0.06446
-2.26891
-2.0695
-0.259952
0.225969
-1.38689
2.7933
0.599095
-0.15143
-1.02806
1.35306
-2.97334
3.485
1.2648
-0.317168
-4.85048
5.08992
0.498395
-0.737186
2.74485
0.406894
-4.36692
-0.770631
1.16241
-0.198285
1.27155
0.00140887
0.547313
1.44962
-0.945263
0.26777
-1.68721
0.0319078
0.0768773
0.402037
3.27281
-3.34348
-5.31427
-2.30137
0.682824
0.978808
0.305702
1.0718
3.20844
-0.804611
-3.10315
1.80743
-2.04395
0.999794
4.1004
4.88421
-1.1986
-1.95401
5.68018
-5.17183
-1.07943
0.884015
1.24316
-2.40979
-8.26046
2.81433
-3.22149
0.775083
-1.68574
-2.69336
0.709389
-0.793216
-0.892946
0.721194
0.366983
1.95962
-1.21568
-1.15543
3.41281
-1.48583
-4.78962
-1.75511
2.51201
-3.48116
-1.47005
0.650384
-0.79864
-1.84424
-0.0918503
0.360889
-3.1613
2.35399
-2.78671
4.42318
0.11988
-2.04926
-0.405881
2.02969
0.175731
1.27622
-1.57153
-1.69753
1.78201
-4.49884
2.17801
-5.98437
-3.36805
0.946505
-0.327637
6.65948
-3.03097
6.96004
2.89386
0.24135
3.14625
-3.86098
-1.7835
0.707729
1.12772
-1.97623
1.59401
-5.5489
-1.14656
-4.10919
-3.3381
0.773274
1.27838
-0.310181
1.48013
2.31386
-0.0393865
1.2981
1.93389
-2.5708
3.22179
-0.881128
2.19479
0.225564
0.97073
2.35763
-1.4978
2.26037
2.0722
1.85851
-1.04077
0.414107
2.61222
1.02942
0.830221
3.45084
0.81056
0.0174897
-0.35829
-1.68556
-1.29548
-2.55159
0.351706
0.528252
1.53158
-4.23759
1.00644
-2.11242
-0.804609
-0.135612
-1.06436
0.898451
5.01319
-0.322864
-1.14441
-2.06925
-0.204352
4.28344
-1.01966
-1.859
0.356476
-0.308786
-0.765022
3.04384
2.02796
-2.19401
0.744706
2.23409
2.29281
0.297085
7.69935
-0.315767
-0.502011
-2.22597
1.88704
-7.07895
-2.97193
1.21631
2.08471
-1.27397
-2.28791
-0.515183
-1.48679
0.0567473
-2.81391
-1.23427
-2.52994
-1.58298
-1.89701
2.11961
2.72222
-0.237133
2.65314
-1.17796
-0.298273
-4.45823
0.219047
-2.4082
-1.46062
0.52478
-1.93715
-4.04996
2.31351
0.930873
-1.50754
-3.08591
-4.06903
-0.326874
4.47971
0.534842
0.171469
-0.876884
0.767851
1.82927
-5.17429
2.67467
1.51645
2.12889
0.128022
-1.52348
-5.79736
2.65026
-0.79438
-1.74237
-0.0816042
1.3267
-0.975608
5.53456
0.452797
6.64933
-5.04512
-0.736032
-2.08881
-1.14398
-3.50343
-0.259249
2.73554
1.41418
-2.1415
-2.51069
-1.39179
-0.372713
-1.01742
-6.90442
-1.36689
0.127494
-1.65013
-1.28561
1.28901
0.743796
-2.26231
0.746193
2.38225
-0.39094
1.06868
-0.307399
-0.354448
-3.19575
3.93183
-2.10183
-0.619249
-3.10943
-1.26085
-1.56377
-2.75199
3.86071
-3.24554
1.85991
0.224627
0.56953
2.70439
-0.905381
1.81612
-4.42778
0.536517
-0.0774126
2.74175
1.80648
-2.60255
-2.53833
-1.98202
1.0513
-3.89204
2.14413
-0.939161
-2.58366
-0.721988
-3.11782
0.272094
5.01936
-4.26182
5.27291
2.40802
0.294812
-1.76441
-0.0828657
-0.288207
1.74819
8.50533
-1.30864
0.296421
0.109059
-0.98176
0.510466
-1.56214
2.40076
-0.618177
-2.49455
1.55362
4.10985
2.78918
-0.566549
-0.773138
1.04431
5.56099
-1.05115
0.506861
-1.62831
-0.476561
2.42756
5.03959
5.52644
-2.24746
-2.34692
-0.22765
-4.74762
-2.09031
0.0626636
-0.256174
-1.50989
0.753834
2.08492
-0.908685
1.94458
-0.558391
-0.851143
7.12987
2.64187
0.420822
-5.82362
0.793475
-2.80073
-0.547339
-0.567302
4.01255
1.22796
6.07154
1.46565
2.67145
-4.93586
-1.14609
-1.27266
-0.191948
-4.53133
1.0398
-0.636184
-5.17587
0.340197
1.38608
0.00229572
1.93726
1.03671
1.96172
3.31235
-3.06437
4.146
5.56783
5.23437
2.73284
-1.15288
0.390692
-2.4435
0.57901
-3.37378
-1.44389
1.70285
-5.69192
-0.903963
3.89779
-0.461307
-0.834042
-0.35294
-0.672328
-2.93244
-2.4876
-0.207623
-1.17676
-1.96653
-1.53312
1.60666
4.15678
0.136314
2.83635
5.05334
0.129462
1.47999
-3.96298
3.20852
4.25128
-0.169208
-2.76989
-5.33396
0.199895
-3.20433
-1.15478
-1.62586
1.87003
1.80691
0.397125
0.236772
-3.58815
0.775897
-2.65256
0.758207
2.39381
3.26117
0.549917
-0.378736
-4.16506
-1.20809
1.87689
-4.8807
-4.0131
-6.07155
6.92113
-2.0623
-3.06381
-0.889469
0.226159
-3.35592
-0.630963
6.11181
-1.08781
-2.0244
1.58416
0.587443
7.67814
0.74173
-0.359169
-1.48374
3.06767
0.353275
4.38619
-0.741615
0.785342
0.738648
0.485102
9.33348
-0.0716863
-1.57535
-2.5307
2.51153
2.28624
-1.03284
-5.24334
1.08889
-4.85087
2.30456
-1.27839
0.510747
0.20503
-0.575367
-1.84712
2.74958
-0.353716
-0.523619
-2.33118
-2.65378
-3.0863
-1.08857
-1.1359
-2.29837
-2.99539
0.37234
-6.29966
2.03577
-1.06797
0.260997
-2.25676
-0.859347
-0.160969
-2.6022
2.63522
0.17148
3.77831
4.56064
1.23885
-1.06201
2.49235
-2.86779
0.384769
-1.71346
-0.490737
0.868209
1.5167
-0.832185
1.40138
-1.60079
-1.78769
-1.5739
2.32033
-3.62479
1.35127
2.77616
-5.25492
2.11119
-1.90457
-1.10107
-1.75614
-0.222003
-2.11898
2.22561
-1.23841
1.07362
1.7862
1.30989
2.21976
0.661538
-1.50139
1.29616
-2.89387
-1.36642
4.00926
-0.55648
4.29574
-1.84968
2.75121
0.58063
7.63059
-0.523148
1.33592
-0.834895
-2.70457
4.16756
-0.304705
-1.17331
3.80053
-0.695646
-1.31987
-3.89785
-1.75631
-0.895762
1.51553
0.036432
-0.222326
-2.26277
0.24749
3.27992
0.804145
1.42674
0.356875
0.678184
-0.45978
2.28621
-0.549776
-1.83616
0.71897
-0.572624
-3.90321
-0.468329
0.173045
-1.03705
-3.0868
0.760023
-3.52955
-7.27024
2.34441
-2.59904
0.199246
0.778738
-4.51896
-3.03571
0.65176
-0.611444
-2.83916
0.793113
2.86297
-1.90053
5.68483
-0.438906
2.80973
1.73557
-2.60566
11.2678
-3.43856
1.18475
-1.64485
-4.11005
3.36529
-3.67093
-1.36387
-2.24255
-1.18251
-7.91087
-0.372426
1.218
1.21166
-0.351772
-0.000661421
5.60494
-3.46614
-4.86917
2.55826
-0.701313
1.43741
0.2428
-1.21918
6.56396
3.03106
-3.419
-0.591389
0.277524
0.114867
0.69851
2.41483
0.575917
-1.18471
-1.97381
0.642839
0.979838
-0.236454
-0.24198
0.819395
0.544514
1.38192
4.1471
-2.12706
1.89795
-2.63278
-2.04425
-0.414629
1.71616
2.39464
1.49281
-2.1291
1.35029
-0.557752
-7.65145
-2.86316
-1.97734
0.237668
0.451416
-0.443422
-3.56552
0.579543
-3.5404
-2.13543
-2.53164
-0.30858
3.65123
3.58508
0.592682
-1.83667
1.65147
3.2915
4.80201
1.94775
-2.98267
-1.91668
-0.634452
0.528269
-3.54403
0.449651
-3.04148
0.982192
-0.0344913
0.829166
-0.982328
-0.759709
-0.533351
1.63506
3.13573
1.41979
-0.191164
-0.993884
-4.34353
-0.379638
-0.0215153
2.61603
3.19543
4.65593
1.70531
0.0718858
-4.62851
0.358456
0.430484
1.2059
0.653956
1.25086
-0.114304
-0.575981
-0.739021
0.0868205
0.173715
5.46477
0.909952
-4.40759
-1.09597
0.404418
1.92352
0.841222
-1.75867
-3.3894
-1.80532
1.52697
-0.873768
4.4876
0.86748
-1.19819
-0.41733
1.93766
0.13609
0.782838
1.87315
4.70638
1.49656
-3.19179
-0.19213
-2.10186
-1.30463
-0.333013
2.01351
1.30093
-0.364249
-2.4855
-1.97232
-1.10439
2.72404
-0.744766
-2.62017
-0.495359
1.58567
0.735371
-1.17161
-1.61627
-3.18609
-1.21697
-1.55242
0.571185
0.701175
0.13534
-0.204685
-1.0599
-0.292188
-2.14541
-6.30669
-0.382853
-0.846032
1.36777
3.03047
-4.48265
-1.05253
1.54912
0.682305
-0.0822071
1.4945
0.665333
2.76154
-1.58125
-0.199826
0.176111
-0.767053
-0.592231
-4.38026
1.5747
1.43809
-6.69628
-1.38484
1.07884
-1.87957
-0.963118
4.23777
-0.101548
-0.0209181
0.59759
5.96481
0.432239
0.440534
-5.33262
0.121509
-2.15369
-3.93599
0.921303
-0.823516
-0.0608644
-7.24005
1.41009
0.637486
2.28892
1.21158
-1.8229
5.57593
2.98184
1.57338
1.18375
1.66649
1.31149
2.4372
-0.00884859
-5.35113
-3.44685
1.41282
1.07904
-6.43603
3.88088
-1.5502
4.76882
-2.07885
1.7452
0.888335
-1.8166
1.18566
3.3425
0.880503
1.19491
-1.76548
0.7047
0.992058
-2.4708
-0.175573
2.35176
-2.11125
3.00137
0.133648
2.42576
-2.20571
-2.05457
-1.25423
0.225726
-0.872884
-0.876716
-3.64573
6.27963
2.71575
-0.809476
2.31749
-0.220608
1.52077
-0.984634
1.41413
-1.26813
-1.70631
0.379344
2.2387
-3.66549
0.798551
-0.0663137
-0.482582
-0.0931079
3.25592
-0.721438
0.0319691
-5.02291
0.872652
-0.882718
-2.11927
1.23462
-0.910101
-0.981662
0.250351
-1.28216
-0.867528
-1.49814
0.948592
-1.59429
0.509341
-2.69376
-0.76513
0.212735
0.04359
0.771696
1.49492
1.13628
-3.32994
-0.837317
2.6428
-1.21037
1.03392
-5.37528
2.42808
-3.52172
4.23494
-1.05545
-3.01245
-1.68277
-0.240117
-3.67967
-3.20521
0.754364
0.354786
0.844167
-4.51554
-0.822413
1.91555
-2.83783
4.77913
4.43133
-6.72783
1.86805
1.36889
-1.31389
1.70775
1.13389
0.0206348
1.59509
-2.15749
0.0597399
-0.179843
1.69319
-4.54988
0.15759
-4.39398
-1.73712
-0.0444647
2.57189
-0.130579
-0.724754
0.561511
-4.66421
1.79248
-1.97979
3.68817
-3.54295
0.124213
2.17591
-3.69511
-1.75255
-0.306708
-2.18004
-0.37482
-0.632252
-1.72044
0.229448
-1.44459
-2.63364
0.163091
0.955138
-5.79622
-1.39553
2.54683
-2.98905
1.08396
0.823927
3.53815
-0.737471
1.16037
-1.77689
1.09709
0.685074
0.948989
2.65656
6.89365
-3.0835
-0.462767
-2.94035
2.44937
-1.53876
2.72265
-4.09389
4.35123
2.91781
-0.305156
-2.49237
-1.75081
0.134211
1.21896
1.83756
0.505792
-2.52814
0.763107
3.30259
-2.41075
-0.381395
0.569137
2.74308
2.51116
-3.39005
-1.75596
0.25162
0.787603
-0.221981
1.92293
-0.563669
3.078
3.95261
5.6426
-0.866547
3.47746
-1.19936
0.509414
-2.09117
0.403585
2.38965
7.85515
-0.867755
-1.37765
1.57699
-4.13494
4.65435
1.59573
1.21551
-0.128575
1.21821
0.108676
-0.425731
3.22616
-1.57047
-1.58112
-2.44369
2.35017
0.356043
0.798986
-3.21926
-3.03665
0.786741
1.7556
0.421894
0.775527
-0.235428
-2.74591
-0.640243
5.26775
1.1708
0.103486
1.76508
-5.7052
6.30923
-0.72623
3.49576
-3.88475
-0.818485
1.72031
-4.28779
0.117428
-3.10847
-2.11852
-4.79147
0.327261
0.0489574
0.285313
-1.46253
0.141495
1.05263
-4.44916
-1.14542
-1.00351
0.937322
-4.11225
0.999422
1.72495
1.67329
3.34754
-1.16996
-0.274558
-0.411726
4.7263
0.570996
3.92097
2.371
0.345173
3.59229
0.0322826
-0.526226
2.16076
-0.299214
3.64903
-1.83008
5.11865
1.03217
0.53176
-0.577353
-0.25187
-0.147503
-0.2103
-0.812412
-0.482232
-2.03446
-2.3804
-6.39287
4.95128
-1.66332
4.13086
-0.816451
-2.18103
1.38662
-0.725725
-1.38291
2.23448
-3.61559
-0.386734
-0.739649
-1.45491
0.583442
2.51093
1.59569
-2.75001
0.387313
-2.39019
4.66418
0.938149
-1.43128
-4.89046
-0.848329
1.59638
0.987546
-4.08844
-2.85724
3.22619
-1.51837
-7.26597
0.422907
0.155025
-0.89917
1.59042
0.504725
-7.70723
2.61849
3.42615
-0.879034
1.96254
1.88978
0.72027
4.96095
-5.14717
-1.04666
-1.2057
0.378522
2.74878
2.50035
-1.6997
0.127413
-8.28627
0.244727
-1.20361
1.45527
2.35186
-3.05712
-1.79242
0.0986218
-2.48857
-1.77145
-2.67633
-4.21432
4.58634
-0.841402
0.11284
-4.70832
-0.430772
2.08883
-7.57275
4.02553
0.135903
-1.33457
-3.1634
-1.93594
1.48207
-0.487406
3.00623
1.89951
3.92623
0.617815
-1.71268
-2.56762
0.811249
0.582398
0.343246
2.5909
-0.266463
-3.70279
-2.0063
-1.2833
2.83608
1.27701
0.39815
0.450492
-2.03495
3.62914
4.67512
-4.22227
-1.14876
5.05693
-0.150515
-0.728464
-2.8411
2.19086
2.28225
0.75465
-0.641295
3.27493
-3.03151
-0.389763
0.580326
-0.781825
0.421617
0.607193
-2.31678
2.01207
-0.358288
-0.545748
-5.83277
1.92249
-1.09919
-0.0295282
-2.53732
3.20441
2.09495
1.30713
-0.948187
3.34245
1.65462
-0.291682
-2.61989
2.29578
2.02682
-3.12713
-3.11537
-0.781359
-3.88533
-1.62032
-0.0591609
-0.495321
-2.0638
0.0589612
-0.225294
-0.43992
1.97652
-7.13603
-6.22269
0.33433
3.42872
1.80971
2.5755
-5.04749
-1.22917
-3.01733
-2.38837
0.0224738
3.08295
1.01514
1.78065
-1.785
0.0401455
-2.04051
-0.215345
1.16749
1.79048
2.14212
3.50494
-5.49016
-4.27946
-1.48889
-4.92103
2.68888
-2.89482
0.148411
-1.33261
-5.92131
0.633382
-2.95313
0.231974
-2.11066
1.77083
2.6962
-3.51564
-0.705604
1.97101
-0.229012
0.496561
1.34452
1.87275
3.9766
-0.662659
0.233229
-0.923395
-2.35371
3.70864
4.04714
0.858185
1.77295
-1.44274
-2.31001
-0.996141
4.28955
-0.401364
-1.04129
1.3573
-1.50893
-1.86407
-1.77088
-2.82802
-0.868956
0.36786
-0.824716
2.08848
3.33739
0.088799
1.09525
-0.231178
-3.13489
1.332
4.93729
-0.531553
2.18496
-3.4208
1.84898
-1.57643
0.0294367
3.10794
-0.155754
1.09736
0.911807
0.275692
-0.725629
0.677039
0.29399
2.93926
-3.1085
0.715793
-3.25363
-1.98941
1.22957
-2.05455
-0.0727522
0.468354
0.453866
4.37846
-0.190976
1.87265
-0.335916
-1.11803
1.11827
-0.175871
2.27195
0.920291
0.769772
-0.311349
1.89967
-2.62024
0.423244
1.17242
2.75548
4.96661
-5.59062
0.472961
-0.534571
-2.63895
4.25734
-0.514197
-3.52561
3.54219
-0.692717
-4.87471
-1.3928
5.35107
-0.337462
2.57302
0.775015
1.87033
1.39504
4.58338
0.865504
3.5768
-2.25149
-0.637875
-1.86805
-7.62598
-0.291417
1.94519
-2.02952
-1.36502
3.24596
1.75956
0.0832012
-1.05668
-0.929873
5.73624
2.3014
-0.491602
-0.701525
-5.46859
1.62556
-0.659136
0.968456
1.85095
0.629194
-1.07589
0.627084
4.30697
4.84319
-0.217537
3.46336
0.424806
-2.98102
1.433
0.746133
0.991394
3.08823
5.67584
2.22789
1.64316
5.02503
-0.529377
2.00674
0.0040999
1.87391
2.28354
1.80658
-0.355246
0.213436
-0.310402
-1.23981
0.588611
-1.95385
-1.98655
0.324077
0.0766417
-0.865898
-3.00357
0.621088
3.68794
-3.07313
-1.61198
-2.36702
-0.0943545
2.29175
-0.523363
2.70162
0.0524207
-3.00371
-0.793808
1.14879
0.767374
-0.288677
2.10517
0.652357
6.33562
-1.28585
-2.16598
2.6445
0.158728
-1.73611
-1.09411
2.37287
0.569963
2.14132
0.734452
0.338741
-0.758285
-1.30369
0.6201
0.397142
2.57988
1.49844
-3.11698
-1.90956
-0.500392
2.33795
1.17772
-1.3836
-3.56446
2.69099
-1.27606
0.420851
0.467623
-0.297827
1.78668
-0.713823
1.37443
-1.54794
-1.08207
-1.13476
2.86524
-1.96044
-0.385291
1.15136
1.45333
-1.24632
-0.256766
1.78129
4.24447
1.03496
-1.18648
-5.94361
-1.44794
-2.05616
-1.77703
1.41275
-0.514186
-0.740604
1.58191
0.45213
-1.77146
-0.27541
0.478261
-0.944863
0.762882
1.52701
1.76877
-0.63369
0.861975
1.43989
-0.842419
1.49373
-2.27372
2.5489
-0.553455
2.0922
0.307143
0.149875
1.27653
-0.943982
-2.1162
-1.20621
-1.96296
-0.458643
-3.15975
-0.72702
-2.66521
2.12816
0.733474
-3.65844
-0.43174
1.58397
-3.02499
-2.85484
-2.40246
-0.178063
1.88936
-0.548392
-1.99086
1.51965
1.68076
-0.681432
-6.78679
-1.78688
1.08693
1.44845
0.665251
0.0379227
0.0413273
-1.8498
3.32714
-6.23276
-0.912068
-2.58706
-1.91862
-2.83909
2.80163
-1.44751
-1.57627
-0.941664
-2.67877
-1.32405
-2.96279
4.41103
1.30821
-1.63153
-1.86227
-2.90768
3.20289
-0.939847
-1.27397
1.89729
-1.1963
1.2649
-1.35158
0.779149
-0.994008
-4.85903
-0.0813344
4.43672
5.45949
-1.39738
0.307872
-2.30467
-0.918182
-0.447412
5.59321
2.68028
3.36446
2.00053
-2.13292
-3.70361
-1.60799
1.06414
-0.596895
-2.01014
-2.32993
2.72626
-3.4117
1.52724
0.6716
4.53242
-8.89249
1.04958
1.77611
0.444966
1.36399
-2.4203
3.86901
1.19746
0.307747
6.62973
-0.778102
-0.153827
0.94626
6.04507
-2.99152
0.60532
0.691275
-4.28534
-0.205936
1.93304
-0.226536
0.953354
4.84432
-0.505419
-0.468719
-2.67487
0.345662
0.665941
6.18843
-6.83586
-4.83434
0.299684
-1.47426
2.73896
2.97968
1.08088
0.388911
3.70313
-0.76569
-1.41584
-2.32436
0.0344099
4.73491
0.122514
0.445988
-3.15585
2.12693
0.960175
2.65074
-0.489543
0.601342
2.78058
-1.00346
-0.0637594
0.159617
-0.875376
1.18144
0.748661
4.8219
-2.41151
-3.29211
-0.986199
1.68871
0.637882
1.66879
-0.762307
4.5592
1.19748
0.597764
-1.10233
1.18932
-2.81092
-1.96677
-0.399551
5.23998
0.32386
0.328919
2.1652
1.83121
-2.26195
-1.8961
-2.8965
-2.70732
-3.64562
-3.61535
0.597878
-2.66274
-1.19557
-0.77618
-4.59424
-7.93312
-2.5949
0.325116
-0.695749
0.755854
-1.94569
-0.856803
0.495821
-0.353311
1.53047
-1.78219
-2.44412
-0.801675
-0.239333
-5.95838
0.900022
-5.63231
-1.97159
-1.15055
4.4072
-1.56314
3.3223
0.06125
3.11297
-1.44016
0.0640847
-4.72806
-3.14994
-2.76887
5.14613
2.08155
-5.64
4.10727
-0.54838
-2.72323
-2.88963
0.515329
2.20546
1.19143
1.28993
1.66818
1.05744
-1.07875
0.803611
-1.87294
-1.01045
-0.0209411
1.84908
-0.0992708
-1.47431
1.31957
1.87492
2.61081
0.52292
-0.670554
0.846626
5.11239
1.06675
-0.132542
-6.36759
-3.58558
5.43641
1.52549
3.10708
-3.90551
1.70207
2.32517
0.856872
-0.680684
1.80245
0.440156
-2.40876
-0.891711
-1.77906
3.91913
3.1103
1.77839
-5.57915
-0.434647
-2.10032
1.12664
2.30494
0.65277
0.920974
0.527811
-0.631925
0.375499
-1.20231
-0.00522158
-0.0154419
-0.63789
-1.01241
5.40358
1.2558
1.22776
-1.5865
0.30353
0.00899272
-4.16942
-0.661146
0.126842
3.0249
0.536034
-3.99272
-2.33875
-5.03183
0.912149
-0.49523
5.27017
-1.38222
1.75707
5.28985
0.116017
-3.09244
1.76938
-0.836561
-6.26109
-1.41617
0.824563
0.556838
-0.715717
2.03697
-0.602532
-2.75515
0.150983
-0.391256
-0.905414
-3.0356
1.34454
-4.39593
-2.55528
-0.151593
-0.0242875
-3.11613
1.71991
-1.14485
-0.143964
-0.635367
-2.87062
1.96003
0.0359917
8.82784
-0.534849
1.3029
2.92354
-0.64647
-1.40855
0.85925
1.12671
-2.56462
-1.58897
-5.3548
1.20988
3.19465
1.37154
-1.50842
1.6381
-1.53479
-2.36116
1.4171
-0.0396242
1.7777
0.654716
1.88408
2.46628
-2.1626
-4.36397
3.09253
0.408343
-3.16392
1.28476
0.969683
0.111851
0.599479
0.429137
-3.08352
-0.937465
-1.40169
-0.018127
6.06201
-0.782644
-3.61247
2.10238
3.35169
3.15518
6.53673
-3.39707
-0.469811
-0.660554
1.32172
-1.50306
0.154921
0.11563
-0.91404
5.81745
-1.68566
-0.64914
-1.50897
-0.393953
-1.58601
-0.260314
0.0801434
-0.70383
1.68321
-0.259337
2.03382
-0.531454
1.39686
0.85276
-4.61819
1.84608
4.67219
0.949559
-1.06957
-0.00390005
-0.469919
-1.6344
2.97872
0.659031
-0.74149
-2.52215
-0.571799
0.94522
2.16761
0.181446
0.356246
-1.74323
-3.50944
-1.67342
2.47074
3.9383
-1.70793
-1.82984
1.55336
5.42463
2.04922
1.24865
4.20544
2.54365
-2.77589
-1.19811
-2.52676
1.36563
1.12852
1.34843
-0.0247477
0.171456
-1.86285
1.58845
-2.86041
0.864157
2.18378
6.28009
0.432019
5.38786
3.34868
-0.976789
-7.00242
1.73256
3.7857
0.289984
3.03442
3.9102
0.560318
-3.34433
-3.35959
0.950713
-1.67701
1.34829
0.193858
2.75507
0.149645
1.98254
0.0750261
-1.32673
-3.5567
-3.32926
0.435977
-1.84409
-4.19511
-3.06465
-1.47935
1.28246
-3.61025
3.30899
1.69011
0.793239
-0.12974
-0.683461
0.689179
-1.3194
3.15802
-2.76653
1.86898
-0.181741
5.83082
0.677285
-3.89997
-1.50168
1.28741
0.0483575
2.93642
1.15476
-4.41945
1.29441
0.582235
-1.4981
0.00575031
-0.702011
-3.93247
3.30037
6.94999
-5.2999
-0.414971
1.95199
2.82453
-0.990422
3.92318
0.0787477
0.981734
-0.273097
3.1473
-1.03442
1.903
-3.64113
-3.71079
0.124822
0.795341
2.88215
-1.84228
-2.63266
1.57335
-0.418075
0.613629
-2.63524
-2.07583
2.25367
0.448875
0.334723
-1.05752
0.678312
2.58866
0.47592
1.85997
2.87292
-0.614728
1.63113
1.45477
0.61898
3.67432
0.925373
-1.55755
3.07501
0.376697
-1.50912
0.310305
0.676441
0.128433
-0.659543
-1.85733
1.29729
0.407128
-4.11567
-2.97952
-1.24306
1.8805
0.676093
1.24702
10.0087
1.22362
0.176074
0.634343
-3.37511
3.24471
5.00064
-3.14052
-3.73599
6.8293
2.08839
-1.4078
-3.59206
-3.06801
0.915791
-0.0834815
1.23491
1.46519
2.02943
-2.09058
-1.6458
-1.96222
1.56491
1.39701
0.675263
1.50836
-1.13508
-2.76857
-1.45698
-4.43175
-1.13165
1.1642
-0.811051
5.47253
-2.41381
3.53788
0.290703
0.72953
-0.0247722
0.61149
3.79699
1.79919
-0.81704
-1.02653
1.62357
-2.02153
-3.64988
1.78628
0.0292567
-3.3957
1.56185
-0.962941
2.06094
-0.903922
-2.32204
-0.673111
3.62834
-2.8393
1.21872
0.270189
-1.41402
0.641245
-5.12334
-2.06599
3.64001
-3.40787
2.00633
1.43014
0.29326
0.743221
-1.41825
-0.576787
-2.59542
-1.41218
0.348158
-0.952725
-0.989365
1.55195
0.734218
3.97779
-2.21955
1.35853
1.43192
-2.9826
-3.90103
0.507823
-2.54925
-3.36905
-1.19278
-1.1543
3.05582
-0.089922
2.9325
-3.09838
1.08051
0.940448
1.27208
8.02422
-1.54829
-4.43655
1.23099
0.523926
-0.823944
-0.360805
-5.20199
-0.0219459
1.87442
-4.88712
-5.56107
1.14346
-3.17088
-0.245155
2.03891
4.04081
0.113357
-0.386175
1.65381
-0.64333
0.898259
4.55094
-1.47135
0.571746
-3.11318
-1.07197
1.44108
-3.4301
-1.53795
-3.3593
-0.0538811
-0.477126
-0.710594
0.0245464
1.24259
2.13029
2.37778
2.23972
-0.382899
6.15569
-0.669289
3.8605
2.49328
-4.82816
1.41795
-0.911046
1.67061
1.22743
0.0811419
0.913773
-0.559817
4.78598
-2.05321
1.56974
0.453123
-0.759809
0.71346
2.28377
-1.87777
3.5555
2.38209
2.86071
-2.89652
-1.53024
2.51799
-3.25581
-1.77479
-0.523037
-0.561288
-2.19278
-2.69132
-0.725769
0.153527
0.881666
4.00685
1.41626
3.496
0.764385
1.57045
-6.72465
1.8025
-4.40246
1.22293
-3.61518
-3.01792
-0.318676
-0.43432
0.886492
2.14633
-3.10045
2.62471
0.0413414
1.25577
-1.20186
-3.78698
-2.62965
-1.40245
1.72627
-3.8316
2.10433
3.50963
-1.88076
0.219561
-4.62485
1.9038
2.39869
-4.00552
-1.64205
0.933455
-1.03666
5.65697
-1.46981
0.249033
0.767606
0.848837
0.300659
-1.59115
2.22927
-1.00824
6.87665
2.50556
-1.66799
-0.641428
-0.609054
0.876639
-1.53814
0.0334773
-1.2214
-2.97893
0.0665346
1.2031
1.15209
1.93203
-2.13777
-3.25564
1.34494
-2.86209
-1.33721
-0.611526
-0.29168
-0.00345334
-0.0197032
-0.482895
1.57541
-4.26214
-0.477396
-0.601341
-1.2918
-2.29244
1.40171
-3.31486
1.60145
-0.163754
-3.60514
0.679567
0.9308
-1.4099
2.98562
-1.06911
1.76843
1.84137
-2.39187
-2.68381
-3.22583
-4.42153
-0.234351
1.60378
-3.00245
0.912616
-0.228018
1.16004
3.6486
-4.82974
0.146947
0.360101
-4.49784
0.709786
-3.65887
-3.54462
3.55793
1.51947
3.78384
-2.14122
-2.48011
0.927066
-1.44205
-1.022
0.933744
1.0043
1.94054
4.38492
-2.63595
1.48081
0.722097
-0.231005
2.21972
-0.0933937
4.04787
-1.81145
1.23188
-1.32888
6.84478
-1.87979
-0.619602
-2.9569
-6.11685
3.71639
-0.829977
1.13879
-4.49933
0.721801
0.0232384
1.39498
0.749015
-3.89075
-1.76178
4.04328
-0.496768
-0.94413
1.38631
0.108654
-3.19999
0.178776
-3.783
-2.5227
0.161683
-4.2901
0.903532
-1.2923
0.591893
-2.79834
3.58098
-0.353165
-3.10107
-0.914874
0.501547
-0.0649218
0.538702
-0.144194
-2.42967
-0.87656
0.816461
-0.166772
0.0850777
1.69431
-0.176594
-1.03726
-3.30678
0.357795
-1.13901
0.19528
-0.490574
-0.730963
1.25403
-3.20843
-2.3511
5.0443
-0.918809
-0.831719
2.71371
-1.84229
-1.23499
-1.11945
-0.768231
-0.477934
3.09884
1.7589
0.845142
-0.895533
0.0539468
1.94491
-4.29769
2.52458
3.0237
-5.07097
-2.16408
-2.96918
1.99056
2.76227
-2.99847
0.400709
0.184371
-0.842247
1.16382
3.91653
-4.02063
4.67131
-1.37805
4.35534
1.29972
0.717724
-5.30287
1.02453
-1.0333
-1.98224
1.66651
-1.73072
1.41772
1.40163
0.516241
-3.4653
1.77746
-1.65638
-1.62782
0.0209413
1.92168
-1.31036
-0.277221
-1.86243
0.528848
0.902309
-0.148054
-3.60365
-1.383
-3.1064
-2.22541
-0.258878
-4.50063
-0.416921
0.781245
-3.21361
-1.96479
0.138288
-5.09389
1.03094
-5.34307
-2.3183
1.06526
1.32468
4.45598
2.99042
3.39418
-0.616302
-1.56598
-2.11569
-1.59903
-2.26845
-3.66025
-2.27964
4.76404
-0.392671
-4.31517
-1.29559
-2.33562
0.226617
1.23905
0.197771
3.83071
-0.322368
0.57797
0.312457
-1.99119
-0.979469
-0.969126
-0.791851
-0.160528
-1.14286
1.72411
2.44135
-0.785183
3.79773
-2.0454
-5.09561
1.17106
-0.0988139
-3.49325
-4.49931
-4.20116
1.61025
-2.7815
-3.89603
-0.284562
0.311774
0.795158
-0.919655
1.92025
-4.15281
-1.82621
0.107531
2.12652
-2.27416
-0.391439
0.652857
-1.88435
-0.0681257
-6.09061
-3.13713
-2.3639
0.921052
-2.26525
-5.90243
-1.63993
-0.973062
0.421258
-4.40785
0.00476908
-5.28589
-5.78499
0.0445087
-0.281018
4.2204
-4.75977
5.51616
0.928569
-0.0572401
1.53379
0.303939
4.46937
0.199464
5.28045
1.68274
-0.0973683
1.75246
-0.472375
1.79185
-4.58287
-0.605746
0.663699
-2.05052
-0.627922
1.20481
-0.737914
-1.2963
5.37661
-1.65045
-1.3325
0.756561
0.407099
0.843082
-1.80606
-1.92444
2.95294
2.23121
5.9145
-0.7151
1.98608
3.68594
-3.13364
-1.99986
-0.608262
-1.51308
-1.97607
-5.10141
-1.03754
0.884614
-1.40655
0.25647
-1.33884
-1.33306
0.817169
4.0741
-4.05186
0.0917619
-1.15089
-0.916896
-0.904094
-0.982242
-0.830361
2.69786
0.848943
-4.52005
0.13914
0.131058
-3.4909
-0.593961
0.145828
1.7505
-0.0274931
0.143251
0.281734
0.607239
-0.815893
-1.02506
3.10256
-2.07929
1.21759
5.81359
4.09624
-1.16109
5.29163
-1.31127
-2.08772
2.37298
0.0984391
0.33105
-4.24542
0.946167
-1.82501
-1.17325
0.440625
-3.16787
-0.0504483
0.921118
0.276664
4.08685
0.983416
1.76913
-2.05578
-0.659609
-0.4685
-1.24556
8.2406
4.65617
5.21957
2.1717
-2.9145
0.0749864
-2.26704
2.51189
0.403606
1.45113
2.07721
1.7644
2.95825
-0.385073
-0.33828
1.26004
-0.335918
0.359196
5.64961
2.23233
-0.824848
-1.65118
2.11521
0.53438
3.14413
1.08299
2.88891
-1.64656
-0.0310799
-0.852905
2.62086
0.23452
-0.912333
4.47295
-1.9623
-3.21024
2.87576
1.37217
0.96646
-0.705073
3.58043
0.157869
4.46666
-0.900884
1.97617
0.355767
-0.0806989
0.813557
-4.24271
0.359414
-0.312572
1.55416
2.2925
0.959253
0.551268
1.12187
0.167039
-3.11153
-2.76808
-1.40253
-3.49143
1.38116
-2.9845
1.34269
-3.66227
-3.95429
-1.95499
-5.29299
0.656087
3.89201
0.977093
-0.781488
0.025219
1.46067
2.94518
-0.40671
-2.83151
-0.0517242
0.701329
-1.73369
-1.90151
-1.85297
-0.215737
1.74287
-1.65394
2.06312
1.50293
5.26537
0.287646
0.028896
-0.68055
-3.39108
-2.93787
-0.487437
0.181189
0.676647
-5.75157
6.74204
-4.00758
3.00309
-4.2828
-2.75722
4.98981
-0.260054
1.63531
2.55672
-0.773203
-1.56009
3.08104
1.4428
-0.334402
0.0414823
-0.680855
-0.832552
-0.175962
-0.490264
-1.4746
-0.554811
-1.83305
-2.35924
-1.28742
-9.55966
3.66523
-0.0208964
-0.883461
0.962607
-0.498902
2.99839
1.0631
2.52975
2.31615
5.47662
3.06568
-0.19154
-0.435554
4.57378
0.470424
3.30213
2.94995
-4.56549
-4.64743
0.996148
-1.4354
0.997494
-1.43304
-1.09613
-1.41698
4.2075
-3.02204
-2.06142
-1.34054
-2.33377
-3.47191
-1.00179
-0.210106
1.33782
-1.26071
-2.47884
-0.42774
-3.12316
-4.29606
-0.276795
3.00247
-0.372953
-2.56164
0.0882097
-1.81417
0.0274898
-1.39976
0.434321
0.224128
2.6435
-0.152232
-2.01592
-2.54072
3.50038
1.16307
6.99733
-0.594528
1.37966
-1.01991
-1.47573
2.93331
-1.26639
-6.88531
1.91455
3.92044
-1.80765
1.39789
-2.92638
-2.69954
1.32631
-0.664609
4.70105
-0.0276494
-1.94436
1.584
-0.700514
-4.0552
-2.19911
-3.87147
-2.95954
0.199488
1.21287
-5.20837
1.71652
-5.38816
-2.51204
1.48678
0.00163556
-1.33939
-0.978685
-2.23935
4.4368
-6.82375
1.22091
0.20808
-4.47236
-4.33948
-1.27006
7.41971
0.0740329
-0.301985
0.42916
3.87865
1.54446
-3.18162
-0.787643
0.961521
-0.419948
-0.662257
0.451222
0.453664
-2.25242
-3.58225
-1.82369
-3.3668
-1.37369
0.40337
-0.198684
1.72267
1.00279
3.20569
3.38177
-0.316819
-1.67275
-0.821893
0.480444
2.93722
-2.80115
-1.21201
-3.01438
-0.287876
-3.25481
-0.43795
-1.20797
0.556086
1.76554
2.46812
2.86259
2.90152
-3.78238
3.3811
-0.520724
0.205206
0.769827
2.22641
0.820752
2.57267
0.399613
1.65475
3.94838
1.88289
-1.64275
-1.61684
-4.63054
-6.38827
-2.53269
2.1472
0.125739
0.766811
1.23067
-1.43263
-7.24723
0.508257
-4.30422
-4.33762
1.60192
2.66516
1.66814
-0.411583
3.40254
-1.36449
-1.22116
1.43537
0.730313
0.740369
-2.02356
0.111585
0.323663
-0.830293
1.99078
-2.23826
0.242304
-1.52355
-0.818585
-0.990512
0.704622
2.81186
-1.94635
-1.93589
-0.580923
0.797189
5.23905
0.237966
-2.06715
-1.47372
1.39551
0.13176
-1.05078
6.98576
0.570134
0.112771
0.965941
0.0348924
-2.5191
-0.884127
-0.195766
1.14432
-0.628522
1.75678
-0.769158
1.11355
-0.138407
-1.20994
1.19882
-1.5868
1.87789
2.19677
1.25516
0.335514
0.825572
-0.689057
7.73649
-3.8966
-0.24608
0.850593
1.34049
0.978315
-4.3135
1.6353
-1.23098
1.31714
-2.98232
1.39358
-5.81509
-1.7006
2.06945
-0.454646
-0.345491
-0.352803
2.01501
-3.33332
-1.65247
-2.06866
0.502536
-0.844281
-0.768449
0.725469
-0.557578
-0.0538728
1.7059
0.0509733
-1.57167
1.35621
0.418912
1.40752
-2.51163
4.1957
0.872137
0.831707
-0.867015
-1.11165
0.980057
1.09875
-2.44819
-1.24746
1.72597
-1.36675
-2.43773
0.63757
0.249302
-0.549344
-2.13454
-3.64497
-0.385608
3.20802
1.90476
0.135412
-1.69944
1.25226
-2.4056
0.992215
0.243125
6.13999
0.716083
4.87419
-0.0350747
2.29402
-1.57417
1.73119
3.00502
-1.74635
0.633998
0.375743
-0.591646
1.32933
1.90206
-2.996
4.73212
-1.58793
-3.62432
-4.10737
-1.85086
-3.6853
-0.0470895
1.32329
1.14257
0.0029824
-1.68755
0.984986
-1.73898
3.49753
-2.81524
-0.859471
-1.18497
-1.24326
-3.10928
3.04203
-1.02528
-4.33035
0.222234
3.13115
2.99629
0.4486
-0.438717
-1.35997
-0.559639
2.86848
-4.06853
2.84563
2.0171
2.13519
3.14843
-4.2938
-2.92971
2.85892
-0.473758
0.637482
0.792782
-3.58705
1.6258
0.741051
-0.131474
0.0844133
6.73328
-1.07702
0.836184
-1.19486
0.196398
-3.0229
-0.36314
-2.62199
3.36638
2.17084
3.19155
-1.02152
2.72725
1.03537
-2.17634
-2.2956
2.12176
0.129593
-0.551878
1.70358
-0.385739
-4.05089
0.180076
1.08164
2.21836
1.95347
-0.581204
-0.0770064
0.617419
-1.23334
-1.65947
0.626284
3.15771
2.00637
-1.7323
3.89638
-1.13431
-0.847075
0.311224
-0.246743
3.01521
0.996386
1.06385
-0.962336
1.98278
-5.89989
1.36199
-2.7849
2.51252
2.65526
-1.0309
2.62863
2.53977
-6.34428
1.41076
0.787548
-4.19348
-2.15407
2.82077
-0.541436
-1.81848
0.725839
-2.04519
-5.59593
-3.71179
-0.367926
-0.368135
1.69971
-4.43568
0.0950989
8.08446
-1.89155
-2.23058
-0.15594
0.155302
-0.0754173
3.22581
-4.12024
7.26999
2.07723
1.00864
0.366124
3.60941
-0.869693
3.4107
-2.64727
1.04229
-2.25447
0.730079
0.720883
1.35584
-2.2164
0.233159
-1.22208
-1.48493
3.68165
-1.09753
-0.0941637
0.348737
-1.43236
-2.66262
-3.51278
0.707928
0.510743
3.09234
-1.52809
-3.34321
0.140361
-3.27739
-0.960822
-1.15152
-2.25378
-0.433682
-3.98189
0.246866
0.718203
-0.447475
-5.23378
-1.52222
0.352848
-2.20278
1.70794
1.81944
3.84786
0.94964
-1.76647
1.50577
-0.0463252
1.00811
0.528864
0.516612
-4.48593
2.32832
4.69787
0.489305
2.21536
3.65213
0.403771
-3.85188
-0.281593
-1.63834
0.223753
1.76786
-1.56253
-0.0260461
-1.53916
1.21109
-4.39267
3.62519
-0.227364
-0.573663
2.56715
1.00286
-0.209801
2.07569
0.634282
2.954
-2.19231
-1.08021
2.03212
-0.406783
-0.291222
-0.479195
0.571507
-2.07976
-0.838511
-3.43954
0.762846
3.83155
0.0303472
1.50113
-2.32953
4.04435
0.953121
-2.37123
-1.05752
-1.04126
1.838
-0.0946316
0.268672
-5.18666
4.55867
1.53094
-2.09081
1.47352
-4.6667
-0.236218
1.34009
-0.540389
-4.26828
-1.01647
5.63477
2.20078
0.550596
-0.533042
-3.28264
2.0293
2.41229
3.13031
0.50025
-1.66295
-0.30691
2.73409
1.14222
-0.269034
0.442883
-1.7046
7.07053
-1.28021
0.655255
1.80993
-0.941329
-0.0480061
1.34643
5.48112
-2.20427
-0.309627
3.85493
-0.635643
-0.995651
-2.83401
-1.14988
3.57638
1.31746
-4.73715
-0.521418
-1.63159
-2.51888
-3.43722
-3.47077
0.277147
-1.95896
-2.15744
-0.459877
-1.93956
-0.897883
-3.88811
-1.06595
-1.0053
0.602121
0.585702
0.17128
1.39867
-0.735737
2.28149
-1.05782
-0.45246
-0.481707
-2.14143
-0.597187
3.13477
0.233353
3.70785
2.30179
0.00419795
3.10288
0.506377
-2.86835
0.0164751
4.18539
-0.60015
-1.81737
-0.0835648
2.31451
-0.491523
-0.509284
0.043255
2.88582
-2.07698
-1.76376
-2.17341
0.551417
-7.21079
-3.48811
0.598203
0.459109
-0.3948
-3.16659
-2.18734
-3.35005
-1.79382
0.737906
3.51177
-0.411291
-2.12889
0.625325
2.82644
1.50351
-1.98819
-4.09159
2.51314
-0.116667
-0.016746
0.930264
-2.0008
-1.57199
9.15342
-0.767088
-2.05919
0.747308
-1.96134
-0.242291
-2.16736
-2.44351
3.40654
-0.393562
-0.911481
-4.52971
-1.87276
-2.14271
0.76038
1.40812
2.24096
0.464533
-0.625696
0.566448
2.55909
-1.26611
-1.50487
2.89177
0.779459
0.324639
-1.47563
-1.86362
-2.72257
1.61452
4.10589
2.76378
3.48099
2.54593
6.00277
0.733722
-2.58302
-2.58617
0.924659
0.894429
-0.916242
10.5586
-7.02678
-3.79571
-0.484063
4.84707
-1.14033
1.38343
-1.01332
3.21572
-1.94555
-0.325418
1.05661
1.62403
-0.0486837
-1.24294
-0.171018
-0.585019
1.14656
2.38679
-1.66801
0.488496
-0.877452
-1.82741
2.23972
0.946551
0.160636
0.710802
0.289978
-1.6807
0.752557
-1.09962
0.793497
-1.21979
-0.827877
-2.25899
1.56817
3.20129
0.0058554
2.74799
2.02229
-2.96529
-3.05601
0.349367
0.598053
0.723269
-2.34719
-1.85291
-2.4536
3.36204
-4.52976
0.269063
-2.96102
3.50127
0.973433
-0.886558
-4.41579
-1.18218
3.07758
-1.10804
0.829145
-2.63094
-1.5734
-0.460764
-3.32657
-0.839242
-0.40127
1.09408
-0.0995306
0.511076
-0.908585
-4.93279
-1.76044
-0.314711
3.25965
3.26185
1.36546
0.782778
-1.90179
-2.40193
2.84485
1.11828
-0.0515564
1.66394
0.0324784
-4.02516
0.563908
3.54944
0.498666
-1.31666
2.06121
2.66814
-2.3748
-2.35663
-2.68359
-6.01622
1.325
-2.43414
-4.19459
-2.63439
-3.23797
-1.75433
2.76181
-0.502577
-0.553378
-4.8154
0.0499415
2.08033
1.56246
2.27161
3.87908
-0.457236
-1.88082
2.60527
-2.60041
-1.0805
-3.61581
3.00702
0.412188
-2.536
-2.62923
-1.24473
-0.680282
0.360461
7.68542
0.0394338
1.10416
4.91816
4.85538
-3.33868
-1.99679
-1.57437
-0.812666
-3.16066
-1.10107
-1.86849
0.217487
-0.978877
-1.62255
-1.31662
1.68802
-1.24299
1.70408
-2.26803
1.69169
0.192949
-3.49921
-1.40163
2.88767
-3.19964
-4.73104
-5.67719
2.4881
0.705789
0.470884
1.52054
0.164091
-1.81311
-1.84794
0.728831
1.71359
-2.63014
0.57893
2.04482
1.6931
-2.32072
2.1207
0.240448
-2.00398
3.51034
-1.97628
-1.65223
-0.735312
-0.901872
3.59454
0.638942
-4.28527
2.42423
1.09763
0.96252
3.62574
0.505697
-0.648529
0.00266746
3.00324
0.133729
-0.616648
1.29536
3.05171
2.11931
-0.277355
3.70845
6.33356
2.29028
-1.00111
-5.56255
-0.608836
1.6198
1.63591
-3.44604
5.69386
4.35254
-1.05459
-0.719265
-0.123056
-0.553416
1.86959
2.67038
-2.30661
-0.0522379
2.13238
1.50646
1.05227
-0.276306
-1.48271
-3.64303
-1.91736
1.32462
-0.889896
1.85113
2.53807
-0.781358
-1.34634
0.985364
-0.674811
-1.48793
-0.442682
3.16295
0.235498
3.30248
1.16438
-2.21757
-0.359471
0.276131
1.11652
1.30365
1.02911
3.51247
2.60579
0.137691
0.824706
-0.0160401
-2.57619
-0.000349179
2.00227
-0.627146
-0.879732
-6.0454
0.701798
3.33719
-3.91219
3.83872
-0.323908
0.024198
-2.29532
-1.60829
1.91619
-1.29877
1.07184
-2.67031
1.43254
-4.16205
-1.80322
-1.29562
-2.57723
-0.0287352
-0.00421457
-0.0928127
0.72144
-1.82122
-5.27884
1.89394
2.93496
0.675068
5.47436
0.680761
-0.203303
2.94139
2.32382
0.0707548
5.49282
-0.974097
-1.69385
-1.50514
1.94157
2.56077
0.0803468
4.87393
-1.39391
0.388523
-1.13097
0.587433
-1.78305
-2.8885
-3.85228
2.76364
-3.18626
-1.0872
1.574
1.21597
2.63847
-1.21657
-1.53759
2.33392
1.28967
2.96296
-5.43752
-1.2898
-3.03178
0.116299
-0.0529556
1.99559
-0.312889
3.891
-3.83712
1.6388
-1.77523
0.788552
3.35413
-0.665167
4.79957
0.0533906
-1.47726
-0.524501
-1.24203
-0.0381576
1.30094
-2.09828
0.521106
2.36
1.0255
0.85377
-0.841868
2.38425
0.194577
0.654579
7.37279
-1.25249
-1.49498
-0.353008
8.88091
1.54242
0.724869
-2.43263
0.353126
-0.482057
-2.76986
-2.37675
-3.3049
1.46326
-1.18803
2.44935
-1.25069
-0.263793
-0.619461
-2.24649
-0.170008
-0.912607
-0.922646
2.93969
5.64718
-5.51019
-0.38804
-1.24343
3.66137
0.734349
4.54827
-0.587098
0.702485
2.37488
0.0521443
1.16984
-3.38254
-1.48154
1.4931
-4.68368
-1.31596
-1.47685
3.89137
1.31428
2.93052
-2.23603
2.27993
0.0918997
0.132119
-1.89336
0.166617
0.00909117
-2.63611
-0.253979
-1.17444
-0.132336
0.606223
-1.17708
0.134287
6.0318
5.58656
-2.82499
-2.38887
0.523036
-1.61648
-2.2906
0.194926
-3.43825
2.20138
-1.48736
0.494898
0.142749
-0.523336
1.2565
1.84439
0.425474
-1.41773
0.93089
-0.0957434
0.492899
2.29484
0.195644
0.275351
-1.17196
-1.21864
-1.02628
1.45812
3.52875
-2.24439
-1.66209
-5.60401
0.2053
-0.0743848
3.34009
-6.18339
2.56975
3.25016
-2.39372
1.13185
-1.29697
2.19801
-1.07411
-1.3084
-1.22323
-2.99374
1.33434
0.875372
0.592233
1.24129
-4.05769
1.41994
-1.8135
1.63553
0.54188
-4.85529
-2.37701
-0.36499
-2.62988
3.30021
-0.454466
-1.70533
2.2193
-8.20578
2.71749
-1.47666
3.70279
2.15348
2.58469
-1.46873
0.349428
2.82922
-0.0351941
-3.02985
0.208577
0.506263
1.93847
6.23643
1.11975
1.41164
0.00668632
-1.28665
0.315486
0.0489341
-3.43056
0.539647
-0.267451
-2.40353
-1.33131
-3.30498
1.70988
-1.36627
-0.751447
0.046177
0.944398
-0.385765
0.160581
-3.22616
0.587268
-0.581047
0.719154
-0.467944
-0.545619
-3.69636
0.724015
2.99113
1.40138
0.775446
0.628474
-2.25857
-0.686029
2.12989
-2.46176
2.03457
-1.6151
-1.05701
2.15505
2.57116
-4.14019
0.312174
4.28497
0.526003
4.4875
0.467683
-0.668337
-1.20274
-3.19244
1.0894
5.6004
-1.05016
2.97392
-0.587338
2.24328
-5.55249
-0.91966
-1.3809
3.1266
0.841073
-0.415345
-0.260793
0.363301
-0.91247
0.0420484
-3.1184
4.8609
0.806787
4.73725
1.43955
2.40461
3.04586
-4.54587
-1.96618
1.42325
1.96464
3.98913
-0.665693
0.986013
-0.125975
1.58127
-0.407694
-0.238729
-1.54394
2.19902
-1.83813
2.30187
1.13752
2.794
1.45445
2.43639
-0.870638
4.21957
-0.831171
0.150348
-0.511597
-0.588949
-1.37252
-0.198512
-2.40469
3.42788
0.924593
0.0180493
-0.483666
1.78997
-1.67289
1.32687
4.52743
0.145895
-2.03699
-5.09257
0.424802
1.40807
-0.174788
-1.7774
0.978683
3.66279
1.52497
2.6204
-3.29248
1.09502
-0.29678
-1.09721
0.60944
-0.20879
2.43989
-0.00969279
2.15241
-1.16147
-0.848008
-7.34071
1.302
-0.356592
-6.57938
2.44053
0.607979
-0.0446746
5.70463
-0.821722
-0.186459
2.23553
-3.92932
-0.5219
-1.3969
-3.17241
1.22632
-0.477954
-6.63348
-0.195601
0.28119
-1.30446
-3.80135
-2.01375
-0.622544
3.39354
1.43277
-2.85068
-2.58354
-1.60108
3.29243
-2.35772
2.32794
-2.12081
-1.68404
0.713123
0.879991
2.07995
2.43154
-0.0476544
-0.853861
-0.882725
-0.617325
0.727106
1.81051
-1.41143
2.7132
2.95364
-1.73858
-0.15548
-0.255259
2.63927
-0.0649926
5.7083
1.00025
1.06676
-0.704739
0.215924
-5.36347
1.76323
1.21361
0.076291
0.345634
0.583747
-1.27252
1.84884
-1.71275
-0.648406
-2.10139
2.58247
-2.02301
1.07117
1.30209
1.32889
-2.78466
-0.0681303
0.936026
-0.422296
0.989834
0.918038
1.08391
1.73028
1.72757
0.981527
1.87315
3.05243
1.28428
5.55807
-2.82359
5.59981
-1.39591
0.0912451
3.10717
2.48577
-3.15489
-1.80984
0.929403
-1.35892
0.564126
-0.307243
1.40497
-1.89995
-3.0851
0.0682616
-0.540028
-3.98212
0.9936
-3.1782
0.428626
-1.87534
1.7002
-0.324772
0.38653
-0.533869
2.74036
-1.16867
-2.53585
0.270742
3.45917
-1.62276
0.430283
4.56142
-1.94053
-0.754916
0.356843
-1.33716
1.83435
0.369705
3.27526
-1.14521
-0.429355
-0.486084
1.25718
-1.00834
0.877402
-1.41679
-1.8111
1.25382
-1.19879
-4.40717
-1.61208
-1.28784
0.308996
-4.56034
0.620195
-2.20002
-2.76715
-1.59183
1.18007
2.55245
-1.25615
0.000163972
-0.426623
0.617196
2.80424
-6.49368
1.39445
2.55148
2.19325
-0.50278
-2.71582
0.792968
2.4402
0.285369
2.92058
-1.57271
4.23333
-4.61269
0.593499
-1.23057
2.02855
-0.24829
-0.213543
-3.77487
2.88664
2.2818
1.74576
5.52421
1.28507
2.78342
2.51553
-0.848768
-3.66713
1.83595
1.54137
-1.59471
-2.02646
1.88391
-4.27636
0.451459
0.431986
-0.75699
-1.3462
0.412675
4.59374
0.0633862
3.45086
0.840787
-1.55219
-1.13945
1.59675
-2.79779
-0.312668
0.992686
-1.46113
-1.04924
3.51805
2.7905
0.0394828
-1.38507
-0.176253
-1.13828
0.911611
-1.10572
-3.60127
-6.46518
-1.11209
1.12704
-0.226818
-2.53635
-0.656338
0.992062
0.603548
-3.7078
1.94925
1.159
-0.653814
-3.63338
-3.65981
0.620509
0.84022
-4.78475
1.45608
-0.193031
-2.02581
-3.64508
-2.04316
-2.0615
1.22506
0.127343
2.20317
-4.3562
2.61917
-0.837634
-0.969604
3.63493
0.571547
0.856521
-3.34708
2.9357
1.62151
-3.6312
-1.431
-1.52843
-2.77005
0.283072
-1.68532
0.00413205
0.0373659
-2.94948
0.720954
1.57834
2.09328
0.63298
0.948503
-0.449738
-2.28866
-0.865307
-1.64775
-3.3626
-1.4018
-3.36621
2.52148
-1.42711
0.595106
-6.38835
-3.40358
0.970766
-1.0468
-0.98229
0.205862
-6.86342
0.402312
-1.12538
-2.46056
-2.76421
-0.987655
3.94088
-2.21546
-0.00890527
-0.151344
0.639239
-5.1631
3.58396
0.82119
3.32973
0.856773
-2.08608
-0.224662
-3.86926
0.682356
-0.129139
-2.70404
4.85266
-0.395491
2.93594
-1.24329
-1.7414
2.9147
2.84757
-0.471425
-0.316435
1.00682
-0.0145535
-1.20521
5.23575
0.930974
-1.95613
-0.614729
-1.84561
-1.17825
1.17758
-0.821336
3.45152
-0.315905
1.20482
-0.64999
-1.96535
-3.90095
1.06267
-3.33016
5.89877
-1.68614
-0.640267
2.83541
-3.99914
1.37968
-0.436794
-1.88606
5.35362
2.15705
-1.98991
0.887475
-4.2231
0.834402
-0.366272
-1.0256
-4.12427
-0.194197
-6.67385
4.64977
1.20728
-0.475979
-1.04723
0.578606
1.95943
-1.07836
3.58839
-0.919758
0.146689
-2.39133
6.64779
2.66488
0.848251
-2.80341
-4.05404
7.09543
-9.72359
1.43011
1.89114
0.212622
-0.251894
-3.69384
-3.39803
0.999002
-1.41871
-0.197681
0.740786
-0.105678
-1.00897
-5.52008
-1.57747
1.8059
0.493945
2.37046
-3.72963
-0.893085
2.76853
0.234524
1.85812
-2.58094
3.61862
-1.08195
-1.26418
-2.94054
-0.267563
6.13656
-0.353802
0.894229
5.12457
0.0980713
0.218755
-1.17201
-2.20817
1.46718
0.79275
1.37528
-2.50292
-1.25414
0.937522
0.0997142
-2.79966
-1.90193
1.11011
-4.08871
-2.45633
1.31217
-0.644212
0.541937
-1.88434
-1.86893
4.70264
-0.287795
0.398035
-4.58345
-4.2987
0.457365
-0.708684
-1.03453
1.18051
0.871437
-2.62458
2.52401
1.25082
-0.873603
1.82675
3.96711
-2.41448
-5.28412
-1.14776
-0.252674
-3.3679
0.181724
1.95548
-0.0832601
-0.560613
0.585367
-0.934037
-0.293758
1.84365
-0.0848514
3.41474
-0.986324
-1.75879
-0.718339
-2.26847
0.926655
-0.603782
1.16619
7.28211
-7.35353
0.027191
-2.25479
-0.538195
-1.21616
-3.54899
-1.21343
-3.61592
3.38112
1.10871
1.09085
-0.678414
2.38405
0.511258
-2.71073
1.72912
-3.70096
2.38711
7.17949
1.09357
1.76038
-1.61598
-1.64552
1.21874
3.68021
-3.19842
-0.236201
-3.46113
0.607871
-0.19406
-1.12728
0.241905
-5.0199
3.36664
-1.5874
-3.24896
1.27385
-0.117027
-0.500343
-0.656067
-0.41034
0.016973
-0.723737
-0.379765
-0.955357
2.48978
2.32332
-1.99463
-3.00072
1.64522
-7.9
1.20782
2.38812
-0.0792853
-1.5165
-2.83721
0.953097
2.52598
-6.50708
4.60037
-0.342692
-8.45178
-2.99501
-1.75086
-0.239019
0.647749
-1.50219
-7.11704
-8.70508
-1.62989
-0.490608
1.23935
2.57338
0.143081
1.87133
-4.12787
1.76141
0.494477
4.42379
2.12626
0.939718
-3.69377
4.05945
0.237104
2.596
2.2969
0.21224
3.75978
1.08963
4.15371
-0.254645
-2.50204
4.79423
-1.37544
-0.972667
-10.8756
2.67853
-3.29629
1.5389
0.041362
-2.82107
-3.00904
-2.84941
2.07114
0.48647
-1.05215
-0.44393
2.91891
-0.51835
-0.52629
-7.5147
1.80926
2.15765
0.266617
-2.90238
-0.280105
1.87538
-2.89697
-4.43646
-1.74899
-3.03637
0.554004
-0.414898
0.787549
-4.96084
-0.728973
-1.83252
-4.32319
-0.203192
0.369835
1.63337
0.10507
1.35391
0.96781
1.41722
0.746103
-0.563326
0.354401
0.612867
2.54918
5.87432
0.160295
1.12431
-3.24193
2.5285
0.806299
-0.189777
0.823247
-3.62479
-0.278549
0.769505
1.62038
3.43478
3.32902
-3.87006
-3.92011
-2.28293
-2.0255
2.10689
-4.39502
0.731671
5.06698
-0.68738
3.38446
-2.55555
4.96409
-1.08073
-2.60341
-0.88156
-0.199919
1.43823
5.07313
0.523163
-1.1645
-3.32281
-1.54483
1.2343
-1.12466
0.489176
0.808832
4.50901
2.2032
0.425114
3.34423
0.440879
-0.145839
0.270719
-0.999189
0.341527
-0.502327
-2.64318
0.498432
-2.05804
1.86877
0.0120272
-2.38438
-1.64929
2.09401
-0.345996
-0.936282
0.708932
0.530563
4.8224
-2.51866
-0.57356
-3.35992
0.722578
0.664996
3.05258
3.39068
-0.86021
-0.422755
1.24405
0.994704
-0.381521
-1.21826
-3.44639
-0.0682331
1.52689
-1.68225
0.893315
1.13321
0.41374
4.9446
0.878199
-0.306107
0.221826
-0.889586
-1.25933
-1.71277
-0.14506
-4.12789
5.04978
1.65835
2.25013
-1.17126
-4.13031
1.63535
2.32556
-0.320292
-0.287318
1.75164
3.34894
-5.43008
0.678761
1.71044
-2.76434
-0.0380965
0.302879
-0.513848
1.48404
-0.0497824
-0.0763984
2.012
-0.00660016
1.88391
0.444066
-0.64649
3.80343
2.19023
0.62663
0.251109
0.434884
-7.29244
-0.904568
-0.562477
0.577164
0.837795
0.162165
0.482907
-1.60428
-0.847311
-1.63324
-1.59791
-0.913545
3.35442
0.69235
2.32632
1.83085
-1.40658
-4.1833
1.43943
-1.34313
0.627329
2.52509
2.06702
-0.360604
1.34527
0.0799068
-0.0139444
-1.89558
-1.01103
1.77942
3.73673
-4.49216
0.801966
-0.977482
1.11271
0.954453
-0.637015
0.26878
-0.103145
2.63346
-1.70329
0.636454
-2.32237
-2.74303
-1.71731
-0.766005
-1.56756
-0.772227
0.119168
5.15053
1.75857
-1.41942
4.79094
1.33376
-1.07282
-6.01165
-0.0505935
-1.28471
2.48195
-2.05261
-0.942007
1.72778
-1.76836
-6.68565
3.37949
0.465641
1.73053
1.26045
0.759695
-0.451134
1.01364
1.09025
3.17077
-1.03337
-0.452798
-1.73117
-1.37907
3.48056
1.81161
2.16597
2.56116
-3.27296
0.852067
-2.85739
2.75431
1.59948
-3.38798
-0.820049
0.443345
4.20055
3.07537
2.16963
4.89624
-2.10509
-0.643502
2.74987
1.1273
-1.40034
-0.892521
0.196883
-0.210179
-0.738597
-3.05593
0.135633
-7.16051
1.05588
-0.515348
-1.66174
1.11393
2.26853
-0.741081
-1.72187
-0.8843
-5.97257
-2.63642
3.21028
2.11731
1.6818
-0.787294
1.88709
-4.39842
0.0906203
1.32208
0.336584
1.62724
0.416304
-0.254805
-1.17596
-2.73822
4.15005
3.56965
1.08082
-0.0584038
2.24818
-0.13546
-0.0532607
1.38427
-4.81975
3.09898
5.00224
-0.76689
-2.51029
-0.610759
4.24111
1.74209
1.22991
-0.729438
-1.54562
-0.045
1.84338
-1.30679
-1.50222
3.13118
3.70721
0.572123
-1.49398
0.305133
-1.48255
-1.73601
1.76647
-0.796035
0.731623
-0.749996
-3.86043
-0.701918
3.85398
0.82802
2.66802
-1.99181
-3.11011
-3.28771
2.78569
3.97072
-1.07666
3.1367
-0.0961154
0.244529
-0.497301
-3.47887
1.5937
-0.284152
-2.00948
-2.03632
1.82978
-1.69777
-1.15677
3.4968
0.290419
-0.266237
-3.17717
2.49218
-3.17422
2.52525
-0.552596
2.59391
-0.385451
2.75586
-3.16078
0.664559
-0.78782
0.092634
1.24421
0.126616
0.483758
-4.49029
0.696718
-1.08193
-0.671461
1.55612
-1.13753
-1.17665
-0.672993
0.84367
1.18918
2.03766
-1.76692
-1.12799
0.427447
-1.33574
1.59058
-0.518117
-4.79647
-2.70108
3.88458
-0.818094
1.47759
-1.19296
0.11798
-1.01424
0.645419
-3.62952
-6.04141
0.105311
-2.4557
2.21201
2.57933
5.27351
2.35664
1.58887
1.06485
-3.95358
0.758442
2.72964
-0.389241
0.818029
2.11159
0.874643
2.64299
1.47748
0.914941
1.41824
-1.21787
1.83214
1.16983
2.61962
-1.42858
0.845348
3.25225
3.94346
-0.143626
-3.58733
-2.62478
-5.68799
-4.4827
-0.202702
-0.832725
5.14676
-0.0732116
0.0455346
3.30468
-1.06112
-0.277735
0.115837
0.938601
-5.93905
-2.57768
-4.10166
-3.7355
-6.34368
1.21982
-0.860323
0.996844
-1.03605
-0.0974154
2.96153
3.41701
4.37762
2.92422
-1.1733
-2.1924
-0.227622
4.1633
1.50921
1.5005
-0.840642
-2.03838
-0.315822
1.2576
-0.129507
2.63801
-2.3408
-0.0559064
3.12521
-0.603773
-1.62655
-4.20823
-0.806267
-1.85585
-1.04071
-2.02739
3.62666
-0.0277439
-1.22644
-4.44516
1.75285
0.407592
-4.76283
-1.15046
0.984532
1.55496
0.167333
3.0823
-8.15862
-1.44421
6.01398
-1.70074
-0.272643
-1.76207
0.641022
-2.49919
-0.510372
4.90496
-0.317695
5.7318
-1.1929
2.67716
-2.97457
-0.379538
-3.62028
2.17596
-2.74068
-0.358561
-4.02851
1.37165
1.31759
3.96329
2.74326
-4.47144
0.584391
0.00180597
0.904078
2.1828
5.3957
1.12084
-0.224751
-2.32539
0.286985
-0.674848
-0.404075
2.49252
1.44884
0.505885
-5.99917
-0.993175
2.09507
0.548204
-2.53968
2.75727
0.19207
-2.96735
2.76576
-1.47097
0.101963
-1.26855
2.16122
1.34722
-1.04499
-1.91349
1.58918
-6.01701
0.600139
0.198942
0.285383
-0.157461
1.04078
2.31682
2.85571
-3.01472
0.113517
3.47881
-5.98271
-2.5249
-0.811445
-0.202926
-3.66188
2.13239
2.82425
-2.65268
0.231384
-0.629087
2.32591
-3.83631
3.41077
1.37334
-2.8001
1.22571
-1.81031
-0.30456
-0.85409
2.54585
6.18912
3.96747
-1.10276
0.668165
-0.295658
3.84666
-3.40458
3.02439
-1.88938
1.18764
-1.83044
0.941889
-3.71417
-0.307794
-2.03324
-2.95055
6.05649
0.0950008
3.50847
0.591647
2.60989
0.927113
-2.14816
2.75765
-0.83159
0.857001
-0.805782
-6.24794
5.44864
1.98288
-4.59115
0.33286
2.94685
6.4996
0.927197
1.92676
-0.201479
-2.85394
0.42493
-2.48981
2.90559
-1.92918
-2.15868
-1.44539
-0.224752
-1.50879
-2.38186
2.1112
2.19061
-1.22751
-1.14786
-0.107182
-5.12028
-0.0445968
4.36141
-1.27123
0.714017
-0.839604
-4.50089
2.70363
1.803
-5.38833
-1.26256
2.55309
5.02323
-4.14253
-1.27921
0.535433
-0.412965
-0.383187
3.13524
1.65775
-1.03352
1.03709
0.959551
-1.53382
2.30235
2.40309
-2.89911
0.541145
-5.32146
-0.299634
-1.11228
-2.792
2.01091
0.826262
-5.00601
0.283868
-1.63513
-1.23216
-0.579483
-0.854374
-0.493947
-4.56735
-0.447525
-0.213339
2.5382
1.73968
2.63679
-3.35752
-2.23641
-0.540366
-0.608904
4.1634
-0.585573
1.67418
6.59849
-1.10092
-0.18971
1.10603
1.08777
3.78607
1.15902
0.649442
0.380088
0.499531
-4.69109
5.87422
-1.24686
-5.161
-5.3981
0.530935
0.978048
-4.244
-0.185498
-0.11148
1.74803
-0.703506
1.23891
2.14331
-2.77502
7.92486
-0.1976
-5.58801
0.906541
5.37779
1.34962
-1.70794
1.68754
0.229254
-0.541578
-0.459781
1.57635
7.2485
-2.42957
2.26725
1.00737
-0.832948
-2.13014
-2.07693
-0.628519
-0.734377
0.811447
5.6433
7.17092
1.60106
-0.849649
0.331516
-0.608104
0.638674
4.36407
0.529534
0.921352
-1.52192
-1.72965
-2.05993
2.56203
-1.29986
-0.435182
3.92386
1.71205
-2.59324
0.618004
-0.724771
-0.947994
0.786691
0.267699
2.38407
0.547663
-3.51183
-0.58478
-7.49313
1.28449
5.61175
-5.641
-0.267772
-1.82626
-1.92138
3.00708
1.32384
2.91425
-3.95231
1.17114
2.26499
1.94004
3.81794
1.24143
-2.37759
-0.695178
-0.625294
-2.82264
1.9181
0.776453
1.99769
-0.418147
1.15317
-2.05679
0.0642332
2.06895
0.314936
1.94564
4.22411
-0.23221
-2.94037
-2.33168
1.19951
-1.42493
4.93811
1.17733
9.64052
2.9026
0.487108
0.533321
1.54281
0.276404
3.93768
1.55658
0.180571
0.87293
-0.638135
-1.74669
0.645596
0.636668
0.487992
-1.88651
-0.249598
0.945843
2.21337
2.01934
-0.195808
1.17557
-1.50617
-2.61948
-1.01736
-1.48017
3.49298
-0.595541
-0.431515
-1.77579
-0.935722
0.358394
-3.4175
-0.958378
-4.90438
6.62831
2.02259
-1.18419
-0.742136
3.97084
1.00179
1.0719
-3.52771
-1.82117
1.61956
4.42745
-0.231937
-1.14598
1.13588
-0.744354
-1.28598
-2.42197
1.14889
-1.0619
-3.2644
4.26381
0.971867
2.62338
1.80673
-1.69832
1.58797
1.20513
-7.08115
1.36698
0.799724
-1.05437
-1.92149
-0.44847
3.57691
-1.09218
-0.435879
1.27543
2.80961
-0.489856
1.30295
0.154826
0.127334
2.35708
-0.0472512
0.044497
-1.31551
-7.30736
0.477335
1.10767
2.32472
-3.15769
-4.09766
1.84232
0.258589
3.52308
0.871982
-1.78676
1.83054
0.700438
0.337023
0.462165
2.62376
-4.61301
-4.9299
-0.513014
3.0499
-1.59757
-1.87065
3.46108
-2.80474
-0.589147
-2.64822
-2.02871
0.498123
1.45638
6.02383
4.46681
-0.014016
0.92408
-1.21833
3.03339
1.72957
1.62574
0.747432
-1.01176
-6.53938
0.434774
-3.84025
-3.62446
1.38523
-1.68729
0.143977
2.4997
-0.641099
-0.899122
0.789977
-3.15647
0.165922
2.34232
2.05869
0.443865
-1.82027
-0.0121393
-0.810571
1.68769
0.115441
0.737391
0.0175332
-2.74949
2.48716
-6.51336
3.24693
-0.0735039
0.508318
3.58929
-4.99846
2.3686
-0.84901
2.32502
1.94652
-1.12585
-1.40174
-0.254526
0.82705
0.732341
-0.158217
1.2893
1.13885
-3.90685
-3.11213
1.89406
-7.13893
-3.3694
-0.679363
0.660901
-1.00871
0.251606
1.52712
-0.333228
0.637342
0.802785
2.26915
4.05043
-0.35756
2.76631
-0.0901389
-1.63723
1.10789
2.24833
0.340731
-1.10944
-0.662779
-5.64231
-3.69208
-1.50863
1.1312
-4.88683
1.55785
0.266443
0.238873
-2.06723
-1.51045
2.30509
-2.11708
2.37446
3.98611
3.65197
0.752867
1.77252
1.08413
11.0367
-2.4633
4.17682
3.17726
-5.22385
-4.3593
-3.88062
10.8961
3.0447
0.313072
-1.42123
-1.18145
0.821047
3.23956
1.61442
-2.96472
1.13156
1.39341
1.18841
-0.304262
-1.14537
1.58368
-0.602575
-0.766269
0.818532
-0.610259
-0.379935
1.75159
-1.07622
-0.233222
-1.09443
-3.59644
-1.90845
-0.745232
2.42583
-4.39388
-1.42378
-2.03983
-0.392254
-0.542751
3.48598
-0.620495
-3.46685
-0.557224
-2.0484
-0.0809382
-4.55187
-3.90842
3.46191
0.56266
-2.54579
2.77026
1.28836
-2.02041
2.80887
-4.35461
2.04743
-0.457789
1.32066
-2.81855
-2.42944
-0.899227
-2.02215
1.37245
-0.157739
-1.17392
-2.16305
-4.84166
-1.83238
-1.22516
-3.02861
2.58294
0.624997
1.22721
2.1459
1.93431
-1.09435
1.67132
5.02895
-2.29132
0.495032
3.83398
5.74876
-1.36136
-2.20563
0.23583
-1.07944
7.99454
-1.58236
3.85195
0.240839
-0.345194
0.967679
2.45896
-1.68388
2.37371
-2.76981
-0.894748
-1.34477
-0.266174
-0.0128947
-0.913102
-1.25858
1.77604
-0.258769
2.37059
1.22527
4.06532
0.672163
0.412192
-1.73676
3.05752
5.16043
0.477166
-0.624697
0.929621
-0.045838
-6.07904
-0.529659
0.316246
-0.256877
-0.506784
0.427545
-0.364108
-1.96069
0.07718
2.59714
-4.35693
4.29853
0.704507
-0.532017
1.69447
0.732632
0.375006
1.11982
-0.2989
-0.0839662
-0.589743
-0.525144
-1.73619
2.21737
0.709188
-0.735012
2.78937
0.725836
1.51724
0.979909
1.52233
0.3636
-5.82774
0.0413082
-0.0866305
-2.40463
-0.451007
-9.35467
-0.384934
-1.16725
-3.13381
1.58238
