-1.19825
4.98438
3.61215
-2.65789
6.56469
-0.910419
1.38273
1.59938
2.95805
-3.87097
-1.45078
-5.35352
4.49594
4.50742
-5.59825
1.25635
-6.16981
2.66629
4.29482
0.692338
-4.24649
-2.487
-2.9071
2.90654
-2.75857
4.8781
3.67821
-2.29359
-1.70591
2.98698
3.52319
4.92213
-2.66357
-3.80225
-4.49735
4.04683
0.724705
-3.34511
1.26111
4.04463
-9.57371
-1.61131
-3.22541
-0.870897
2.27338
2.83278
5.85572
1.31661
-3.29116
-3.00286
1.25656
-4.87976
3.91138
2.15454
2.19782
2.35948
3.90802
-2.55626
-0.552003
-4.6889
4.3945
-2.12347
3.72425
-2.37901
3.91193
-1.01511
8.17803
4.29805
3.31712
1.72353
3.44581
-5.83341
-2.55436
2.67142
-1.66361
2.55033
-2.37028
2.33639
4.17516
-1.35941
9.66644
9.36814
-3.18979
2.45433
4.87562
-2.20116
-5.43229
-2.74951
-10.6607
1.37633
5.75631
-3.84044
3.73961
6.51278
2.95406
5.2807
0.504778
0.89278
3.12915
2.30195
2.59689
-4.15719
-1.51195
-3.36245
-3.0509
-3.43045
-3.07026
-0.379057
-2.49559
-3.8171
-3.53854
-3.47122
-3.98891
-3.84779
-0.896886
3.73618
-4.3406
-4.98753
3.59448
-1.38107
3.72193
-5.12567
-3.20755
-2.55294
4.14145
-10.8354
5.5091
3.0638
5.17062
-4.56244
-5.03015
-3.7953
3.452
2.77392
-5.06835
2.87017
-5.58166
4.28574
2.39537
2.86942
5.23516
4.97246
4.1418
4.09204
3.80673
-3.14962
3.71143
1.75449
2.66159
-2.51479
-3.80308
-3.61777
-3.76127
3.59267
-3.99085
2.32559
3.93712
-6.0629
-2.59639
3.24506
-2.8969
-6.90322
-2.79838
-2.42101
7.70765
-4.40707
3.41372
-4.46357
-3.91159
-2.9802
2.66986
2.96763
1.62017
7.2805
6.77775
-5.05842
-4.22948
-7.16182
-2.37547
6.27882
1.45251
1.97381
-3.3135
-8.68739
-2.50022
-2.77967
4.08882
4.17959
-4.34156
-4.05614
-2.54005
-2.42184
0.238554
-7.68603
4.35273
5.87019
-5.53803
-1.12752
-5.52557
4.1008
3.3525
-1.17067
-4.58267
3.57402
-1.1347
-3.03963
-1.38153
-4.75597
-2.0865
7.3305
4.38957
2.89972
-4.12239
-1.31865
-3.8589
3.00856
3.15227
-2.43175
-4.29776
-4.94269
-2.77226
1.88826
-7.32906
2.43016
4.22757
-1.00856
3.54825
2.26771
4.08941
-2.08093
7.2533
5.88781
2.72391
6.23936
3.54109
4.69611
9.17513
2.81166
-1.67729
-6.70718
-3.51288
-1.894
-4.81131
4.63448
-5.43772
1.73759
-1.75004
-3.33992
3.59665
3.41963
-3.60808
3.23425
1.70655
6.62025
-3.34976
-0.738642
-4.37071
-2.72455
-1.37794
-5.76437
4.79943
3.50547
-4.42502
-6.84379
-1.34426
-6.78744
-2.31873
-6.69438
6.06383
4.26304
-4.39609
-3.59777
-0.798115
3.18195
-3.8185
1.49183
5.97184
1.72983
-0.601733
-2.39904
-2.35045
-5.02657
-7.29073
-4.99654
7.06016
-8.38759
-4.53137
-1.44014
-2.02925
4.38415
-6.9397
-5.65478
4.61781
-2.58973
-7.51954
-3.83092
4.87879
4.04064
3.0208
-2.5986
1.20498
7.58859
2.37555
-5.07632
-4.02077
-3.219
-10.4284
2.9025
3.42762
4.08712
3.59902
1.81163
4.61368
-2.48378
-1.93927
4.47374
-6.19127
-7.45766
1.41904
-4.18865
3.65308
-4.25839
-2.60239
0.94517
-1.96129
-1.12821
-2.59363
1.38575
1.18389
5.09973
-4.57372
-3.67132
2.09355
-4.70772
-2.30305
7.74287
-1.37496
-2.138
1.85899
3.79881
1.58035
4.67628
2.76748
-4.56865
-4.22524
-6.07259
-2.65453
1.53172
-3.54762
-7.19658
-1.9795
-1.06864
2.7701
-3.73719
-4.93526
-2.43306
2.41478
2.44482
5.8705
2.95472
5.70605
8.39643
0.709414
-2.5437
1.74121
-5.88914
-1.96396
4.60721
-3.43991
-3.29855
1.75701
1.74752
2.91462
-3.54549
-1.57953
4.17219
-3.10968
1.27972
3.80417
-5.99604
1.59913
-8.86456
4.81649
-2.28995
-3.54218
5.13023
-6.07453
2.21835
-2.81243
4.65008
-4.6633
4.40357
-2.41729
2.87738
4.62904
-2.76227
-5.5279
7.05537
-8.45448
-1.62338
-2.57332
-4.51296
-2.19873
2.61682
3.31656
-2.68946
-2.39368
4.28178
4.5162
3.32378
3.40098
-0.520967
2.05266
-3.18764
-10.7351
2.32716
-4.00254
-4.71229
-3.70696
-5.79377
4.73664
-3.51896
-4.89671
-2.97994
-5.6651
-1.39615
-1.00394
3.03194
1.22134
3.42071
4.21231
5.82301
2.23364
-2.02835
0.652124
5.40582
5.98065
3.18633
-4.19061
-6.17692
2.51317
4.58728
7.56566
1.07639
3.6119
-4.55605
2.31835
-3.47757
-3.11267
-1.72966
-7.40314
-7.30159
-2.01879
-1.74354
1.04458
-0.823828
6.51909
8.96356
-1.38393
2.87047
2.26578
3.30959
-2.63098
9.48751
-6.16013
-3.25761
-7.67202
-3.79616
-4.1988
-2.59552
-3.12138
-1.61748
-2.71641
-5.04774
9.60676
-2.63219
4.88666
1.30175
-3.1051
-2.37924
2.69647
4.7464
2.01771
7.26476
-4.44783
4.00583
-3.62508
2.839
2.52053
-1.608
-3.4874
2.98513
-6.55534
-2.3986
-1.42036
-3.4835
3.43476
-5.49868
-4.80857
-4.26984
3.73602
1.19911
-0.819894
-3.25328
-2.81993
-4.3722
-1.53876
-4.05074
1.4821
-5.6398
2.83831
1.31194
-1.56948
3.94109
-1.18467
2.24941
2.65978
4.93689
-5.98049
5.87759
8.1111
2.47947
-5.65145
1.84438
-2.27892
-3.68505
2.57263
-2.22475
-2.28152
-1.6694
-5.89611
2.6965
-3.93667
-5.66015
1.3735
-5.51867
-4.94667
6.60655
-3.69413
1.68928
2.1648
-2.54567
-1.91053
-2.63482
-3.79492
-2.14281
-0.964023
-6.19283
2.94032
-2.15639
8.47981
-6.44352
1.59018
-2.34781
3.75691
-2.24252
3.06
-1.29498
-2.90793
-4.76974
-3.2037
-2.61635
-3.72518
1.01861
-2.30723
3.55071
-2.30218
1.83786
2.27839
-2.19809
2.80872
6.9246
3.16038
-4.11216
-4.5038
2.29301
2.89022
1.91569
-2.21738
-4.86868
-4.37463
-3.9585
-3.38698
5.139
3.32355
-3.22395
3.09078
-2.47648
2.41746
-4.08167
-7.15931
3.44519
-2.44313
-1.82544
-4.37306
-5.20093
1.67783
4.33192
-2.39826
2.85349
9.12802
1.9688
-2.88909
-4.7138
5.7031
3.66925
-3.21954
-3.06214
1.39145
-3.85354
-4.44624
5.17785
2.18059
6.81895
-1.30707
-2.26643
3.55513
-1.71115
-1.02507
3.79448
-3.17712
-1.35797
2.62346
3.55273
-5.56753
1.70192
-3.02321
-3.78367
3.19181
-4.8215
2.87766
-1.99526
8.22003
2.92729
-5.10101
9.07514
3.8428
-1.28303
-6.34923
-1.3598
-4.31738
3.07318
1.2183
2.38757
-5.98736
-6.20467
2.92141
0.688535
-3.15542
-5.01033
1.58359
-2.38199
0.462615
-1.75261
1.06842
3.74007
6.80319
-2.45465
4.30088
-6.54999
-3.65215
-0.955224
6.12152
-1.84071
5.32203
8.59605
1.44338
-4.68267
-3.0946
3.20757
1.88453
-5.42185
-1.19853
9.83434
7.77838
-3.60344
-3.94207
-6.4857
-4.88006
-2.64884
6.98256
-2.11069
-6.30054
-1.43361
2.71862
-4.91257
-3.62706
4.22296
1.55223
-3.82557
-4.4828
2.64006
4.40978
1.42197
2.42559
4.56448
-4.03513
6.08728
3.04422
2.85626
4.27344
5.79416
1.57894
7.08069
-3.33811
-5.09298
2.95913
3.53672
-3.95184
3.75667
-7.97251
-4.94155
2.36981
2.19487
-2.22573
-1.16378
7.59815
-7.40245
2.52498
4.50841
2.08488
-2.33924
-1.52196
2.73025
-1.49582
-4.47742
-3.04478
-5.42727
4.06081
4.84835
-3.83378
4.00735
-7.0562
3.188
1.79796
3.11195
-2.98671
2.36288
-1.7457
4.97369
-4.9459
1.82881
2.02832
4.86661
-4.63856
-4.51679
-2.38963
1.81451
-4.92696
-7.98737
-2.62366
-3.67121
-10.7309
4.30886
3.22962
-1.08166
-2.89024
-4.19677
-1.43743
-6.64523
1.53026
-5.9862
2.34516
-4.29072
-5.94669
4.89207
-1.91436
4.29336
-3.40718
3.51502
-4.77663
-1.82215
-1.90773
4.16005
-4.3557
2.88102
-4.6485
-3.1801
1.01956
-1.05812
-6.60259
-2.77223
3.19935
-3.10214
-2.09926
-5.18317
4.21941
4.26806
3.48007
-2.78016
-2.88157
-4.27757
-1.96749
2.55201
5.71027
-4.79069
-1.83936
2.57358
0.578448
-5.50137
1.95483
1.60671
-3.30338
4.88537
5.86847
1.77155
-0.374115
6.26894
3.2957
1.62363
4.0759
-2.47813
3.22581
1.39059
-1.66378
-1.51917
-3.20435
-5.11534
5.14405
5.22382
4.48802
3.89923
-1.82394
-2.77726
3.64938
-3.24313
-4.13143
-1.00292
-6.00712
-2.65967
3.97987
-1.89054
2.74967
-8.29212
1.66379
-2.19893
-1.07423
2.29524
-3.06834
-11.6051
5.73567
5.76867
2.43884
1.03962
2.15387
1.0672
-1.56359
-5.94128
-4.48384
-8.48481
-4.37688
-4.82626
-3.34861
-3.89326
2.89699
-4.01513
2.35375
-3.94332
2.27102
-3.86162
3.78928
-2.26349
-3.07385
-1.29919
4.20908
-5.86003
-3.76383
-3.20304
-2.38053
4.91992
-4.47354
1.77911
6.41287
2.63902
1.7929
-3.47678
2.45527
-4.17029
7.24054
-3.24513
1.94823
6.11217
-7.22198
-1.56985
0.894786
-4.76424
-6.43056
5.18784
3.77649
-5.96786
-1.56914
7.34636
3.08549
3.4797
-1.02584
2.18243
3.64285
-6.91751
5.59982
-3.32506
2.9848
-2.00907
-1.88827
-8.21962
-7.08604
-4.57207
4.06444
-3.13218
-8.98966
1.25979
-3.20625
-11.4193
-4.41044
4.40678
6.15489
-3.74726
-0.66252
-1.70463
-1.84534
6.47957
4.20982
3.32249
2.39433
-2.78167
4.05283
4.12273
-2.49429
2.18952
2.24286
-2.31741
-8.55069
2.31119
1.18984
-4.20466
-1.50434
-9.49474
-6.16269
2.5871
4.24745
1.47815
4.25844
2.01214
-6.10422
-3.67686
-5.64017
-3.01807
-4.61135
2.00469
5.31957
-3.21188
-7.68228
-5.06078
3.28845
7.36551
-9.48956
-3.30894
1.35221
5.08356
-1.80367
3.28007
-4.85066
-1.69506
-3.08871
5.01048
0.649145
5.06969
4.90752
-4.42059
4.99471
4.73287
2.04451
3.21462
-6.36176
-3.24471
3.84818
3.18445
-2.05075
-1.56467
6.59755
3.50515
-1.51586
-3.15764
-2.73992
-3.59582
-1.67647
-8.70229
4.28029
-3.35231
-7.19194
3.66068
-1.43022
5.8485
4.02434
8.03207
0.940184
1.46974
-3.39169
-1.47113
-6.34545
10.2869
-5.76686
-4.9056
1.31419
-3.43566
-1.35768
-3.44945
1.01904
2.27917
4.13785
4.53645
-4.20104
-5.36206
8.84653
-2.85406
-3.45478
-3.11973
6.24332
1.488
5.05124
-2.90428
3.54028
-4.8479
-4.65602
4.4104
7.67024
2.48795
-3.66117
1.53648
-0.382824
4.02577
1.2011
-4.5484
-10.0273
1.88632
-9.15656
-3.58789
-3.50309
4.29912
3.46307
-5.24028
-3.30344
4.69304
5.96979
-2.15988
-3.2017
-2.99616
-1.46263
-3.35772
1.94856
-2.00157
-3.86387
4.46037
1.06061
-1.44155
-3.18201
2.83346
2.10802
2.70684
-4.79443
-2.8827
2.09844
-2.10762
-5.76519
-4.44555
-5.79681
3.03955
-4.0417
-2.97122
-4.76412
-2.89338
-3.56976
-5.47917
-3.74113
2.42201
-1.3315
4.19577
3.17666
-3.7349
7.81178
-4.12567
-5.09633
-4.5011
2.10819
-4.1217
-2.36056
-1.83313
5.12717
-1.00564
-3.28321
-1.53397
-6.1397
-3.85306
-0.940754
-3.62288
3.90858
2.98276
2.19528
3.19004
-2.01646
6.99827
-6.09755
3.16151
-2.91622
-2.97217
3.41861
-2.34486
-1.60072
-2.96341
1.94392
-5.71499
-2.34091
-3.33196
5.95139
-2.17329
-2.13067
-5.15219
4.19939
-3.00256
-1.75088
2.36285
-4.0873
-7.66193
4.85045
-2.37286
2.22245
1.99279
3.82754
5.43596
2.62583
3.59537
5.60531
1.79439
3.22589
-5.02167
2.73099
1.34099
5.58221
-2.7513
-3.88519
-3.26561
-4.92675
5.15493
8.5377
6.08384
1.66038
-2.72885
3.34574
3.65924
-3.65604
2.49321
2.58313
6.14685
4.03255
-2.89771
-3.023
-2.68666
3.44991
-5.35232
-6.71747
0.854337
-1.73074
3.21775
-5.55847
-3.55483
-4.29485
-5.98688
-3.34185
1.83185
-2.13197
-4.19394
6.12179
4.94224
-3.05779
-3.51239
2.14395
-9.03521
3.43899
1.91561
4.08364
4.76069
2.23586
-4.46003
-2.19256
5.84063
3.96496
-4.3738
-2.24117
-1.09484
-6.09454
-5.54787
-2.27701
-4.33182
2.84726
1.34335
7.09464
2.78697
-5.47113
-7.87754
1.72033
-2.48676
-7.10303
3.68847
3.361
2.59344
1.99861
-3.03909
0.558861
-0.992737
1.50233
-2.07015
5.92846
-2.38944
-3.53601
-3.12863
1.05367
4.94862
9.32471
-2.23088
-8.75755
-1.81752
1.58588
2.13956
6.57139
4.91193
-2.88438
5.16188
-5.85835
-3.60886
3.97936
-3.11965
-3.86286
-4.61684
-5.87074
-5.3275
-3.05458
-3.84375
5.55678
-5.14755
2.79433
5.00261
-2.76325
3.61872
3.2364
1.21461
-5.33011
-7.33013
-2.34419
-2.10936
1.38464
3.57017
3.80875
-6.75881
7.14047
-2.9789
-3.62558
-2.6641
6.27466
2.55277
6.18003
-2.9782
8.27166
5.99496
5.64876
5.57163
-2.14802
-2.16878
4.00596
-1.53573
-4.03203
-5.07103
1.53469
2.32842
-3.4757
-2.1583
-3.80888
-1.27221
1.58716
3.49813
5.11172
0.567471
8.7686
2.23586
-4.1983
-3.14633
-3.15859
-0.905027
-1.39728
-3.10343
-6.43751
2.16336
5.70147
3.85807
-5.69334
-3.7604
-4.77452
-2.22295
3.94554
1.71601
-1.98177
-6.08119
-2.11592
3.7231
3.44476
2.23008
-5.27431
-2.41537
3.29074
-6.06622
-1.49099
-1.10427
-1.95876
-5.34736
7.83247
-2.47407
6.12426
-1.24552
3.82948
-2.80511
4.82955
6.11918
4.25259
-4.7965
1.52733
-1.82265
3.74054
1.61616
3.81169
3.05035
2.41259
-4.52246
4.75302
-1.69385
2.68968
4.20974
7.86839
-7.60694
3.73168
-6.90304
4.13505
2.68674
-2.76547
-0.283422
-6.01482
5.3101
5.62286
-4.75945
4.1518
-4.53534
-6.91894
1.70359
3.54383
3.72981
-6.6548
3.1544
-3.09939
9.2641
-3.93767
-1.99147
3.13965
-5.8498
-6.06029
4.82727
-1.68332
4.73841
5.10456
1.79625
-6.09342
7.02322
2.9353
-3.22877
2.84685
5.67155
-6.85501
5.867
4.633
-7.78601
-5.07536
6.0986
-1.43836
-3.31477
-2.7448
-0.952485
3.38484
8.55595
0.361366
-4.0237
2.60509
-6.24699
-2.31071
3.24843
-7.93432
-7.71177
2.63477
3.30967
-2.70604
-3.03841
-5.88408
-1.21049
-4.87503
3.28847
2.50022
3.94007
-4.18698
1.20352
4.71985
-8.23353
2.34806
2.61353
6.054
-2.17655
-3.25602
8.91394
1.37988
3.94362
-4.08037
2.15747
3.41052
-3.42973
-10.6374
5.06763
-2.1871
6.65061
-1.89536
8.03885
3.9899
-5.34908
1.34107
3.8352
-4.87236
-2.26956
5.38904
-1.15234
7.21946
-6.69612
-3.10691
3.64284
0.898509
7.00912
-10.1021
-4.47825
-5.38826
1.78917
-3.66059
-4.55261
5.47973
-4.46455
6.22623
6.17681
-2.89914
-3.52624
1.03084
4.75198
6.28477
6.3595
-8.91669
-2.77949
-2.33535
3.75058
-1.82182
5.25489
-5.68353
1.78371
2.13043
1.83737
6.22276
4.61105
4.31086
-1.65978
2.61058
-4.02333
-7.48334
-4.11971
-2.86101
-4.1938
-4.32374
-5.92312
2.26452
-3.70275
2.75248
-0.784039
-2.33041
1.74063
-2.59502
-2.72933
1.46853
4.22335
2.00703
3.45179
-3.25739
-11.1258
2.83633
-12.6085
1.77471
-1.77038
-1.65968
1.51646
3.78556
-5.30246
2.04709
-0.812154
2.25939
-5.45453
4.794
-10.6067
6.60297
-2.1326
-2.87228
-1.25229
-1.58788
-2.28928
2.1352
6.14633
2.57202
3.76951
3.26528
-3.02786
-2.09069
-1.75591
-3.81489
-2.58549
-4.89721
2.22906
-3.20615
5.62046
-2.08198
-1.49575
3.57502
-2.44811
-3.96695
-1.99919
2.2665
-5.87315
-9.31911
2.69881
-3.50033
2.41548
3.20347
6.07558
7.12423
3.49023
-7.24385
8.79176
4.55583
2.63719
-3.4073
-2.49965
4.21642
8.69084
-3.17147
4.26646
-2.2013
0.54961
-5.31066
-1.90605
-4.04006
5.08275
4.78619
-4.9042
-1.86951
-2.24108
6.01011
4.75909
-2.58252
-6.81427
3.58618
-3.60794
-2.49203
3.47588
-2.20794
-4.57842
7.47447
2.62257
5.42994
2.87131
-5.89491
-6.84162
3.0619
-2.71413
-3.20274
-6.27076
3.63854
1.72922
-4.99205
0.346222
-8.5753
3.6047
1.88661
-0.935281
-3.94866
-3.53552
-8.08733
3.50017
-3.03164
-2.81346
-1.52162
-2.32268
2.61752
-2.2805
-2.5801
-0.542154
1.99023
5.05869
5.40544
2.40136
-1.37272
-3.31124
-2.71616
-2.22542
-4.37677
-0.799605
-6.22468
-3.20338
1.91389
11.8965
3.13716
-1.59603
2.90748
-5.54773
-2.48973
1.57385
-1.8825
3.39758
-4.92935
-2.00599
-3.05205
2.86897
-6.17731
3.80482
5.68516
4.17701
5.05855
-5.46713
5.45926
-2.38093
-3.51084
3.57425
-2.8152
7.927
-1.76103
5.44244
1.09941
1.77257
-3.4181
-1.93261
-2.9643
3.79209
-3.98381
6.87527
-2.14633
3.4441
0.887442
0.851453
4.59363
-0.922257
2.043
2.59509
1.00428
-8.20524
1.54842
3.84247
2.0498
-2.52258
-4.1855
6.16711
-3.15826
5.15153
-6.94854
4.85518
-2.41398
-3.9177
-8.42402
5.364
5.54307
-1.62109
-1.70411
-2.53549
-3.65185
-0.930821
4.18966
3.61231
3.19181
-2.8123
5.19012
-1.05675
-3.45591
7.28171
-4.81221
-2.73242
-1.24587
-1.56417
4.11269
-2.83009
4.48261
-4.28881
-3.4158
-4.79905
3.51513
-2.57996
1.56462
-1.68288
1.09368
-2.47541
2.77711
3.18838
4.54804
1.39808
2.95883
-2.26189
-1.17287
3.89071
-1.46469
3.2397
9.03561
4.82266
1.75105
-1.19875
7.40264
7.63114
-4.22206
1.15425
-3.31411
-5.31707
1.99435
-3.01283
-1.88131
10.3899
3.15575
2.04878
4.82016
7.87787
-2.72884
-6.92012
1.60697
-6.10729
-1.63015
5.67914
4.89871
4.71101
-8.18761
-0.257709
4.96914
-1.69175
6.33081
-4.78517
3.91823
6.48565
-3.06423
-4.1204
-6.2117
-3.45327
-2.14218
1.33529
2.81685
2.84476
-1.82727
3.03298
3.01078
3.97961
3.04976
4.34566
2.50432
4.47528
4.95571
-1.79605
-5.24957
3.41
-1.80319
3.15461
5.52209
-2.45398
-7.68201
1.78812
-1.48825
-2.84705
3.6577
6.63784
-1.32075
-5.54107
2.40724
-1.83449
-1.79324
3.45735
7.18306
1.85883
-5.30305
3.24173
7.96929
4.93004
-3.38615
-4.60172
-3.78107
-1.65962
-1.03364
1.48116
2.89176
5.9719
4.90622
-3.29719
-1.90059
7.23239
4.97381
1.21628
-7.2194
1.47816
4.34876
-4.5757
-5.62656
-5.797
-4.21276
2.28855
7.78163
-0.85221
5.38112
7.44336
4.43372
-4.63418
1.95667
7.64274
1.37685
7.46826
4.74754
-4.86315
-4.48601
-8.07985
-2.53003
3.31289
4.51655
4.52699
2.19699
-3.14191
-4.90555
2.40255
-1.91505
6.03268
3.06253
1.55338
4.39905
6.46977
-5.6371
0.81564
1.9289
3.97064
2.20553
2.23262
3.1761
-5.31471
1.47154
-8.22655
-3.5322
-4.73185
-6.5034
-2.25258
7.74654
-6.68089
2.41636
4.46461
1.60895
1.56192
-4.99618
-2.58627
-3.59956
2.56964
-3.9854
3.08983
3.08585
8.55352
-4.32961
2.50458
-6.10904
4.24384
-5.78965
-6.17618
-11.219
-3.56567
0.800836
-2.71317
3.90539
3.94528
1.67876
-5.0934
4.54433
2.08074
-5.52515
-7.75341
4.15749
2.88843
-3.9881
-1.8164
4.45432
-4.00397
-3.40951
2.47291
-2.70061
7.47584
-1.80509
2.72304
4.18151
4.72002
2.43212
-2.72005
7.15645
6.40178
4.81818
-3.27353
1.52493
3.26695
0.885872
2.61108
2.06821
-4.56406
-6.00045
3.48013
-1.62518
-6.80482
-2.68297
2.79233
-2.6695
-1.79091
2.30582
-4.0479
-9.52855
2.37254
0.438652
5.82107
2.38889
-4.47619
-4.54251
-6.82848
4.25941
-4.94817
2.44102
1.66701
-1.8692
4.43637
1.76712
-1.29076
3.17545
3.38511
-4.78581
-8.90159
-3.60885
-7.39665
1.99035
2.62523
-6.86761
2.98975
-3.11684
-3.8136
-5.76405
-2.22898
-7.69685
-2.87885
3.80778
3.2928
-9.43241
-5.39861
-3.09429
-5.09453
2.95441
-1.64442
-5.15155
5.39942
-4.19822
-2.57752
-2.94885
-2.46336
-3.77972
-1.04109
-0.361483
-1.6864
5.49581
8.15891
-6.19217
5.31795
4.01521
-2.36629
-4.61496
2.16316
-5.2394
-2.9811
-2.53496
-7.3564
-2.35068
-3.0461
-4.77872
-2.04474
0.898675
-4.10893
-1.71419
5.27637
4.63612
2.72735
5.09356
4.74486
-1.35503
2.02762
4.28232
5.20387
-5.03724
-2.19803
2.19894
-3.3772
-4.78089
-4.45874
-6.24436
-4.25051
-1.70596
3.56091
3.51294
1.58032
2.90319
4.60268
3.44788
-3.08988
2.6858
7.13524
3.17731
-3.30889
-2.35785
-2.33293
-1.65816
8.45877
2.8883
-5.5912
4.26383
-1.51083
-1.02934
4.46759
4.06208
-9.95709
-7.32786
-7.31406
-4.42115
2.02876
-3.06532
1.07276
-8.72198
-4.40546
1.56022
6.09543
-0.880711
3.32315
-4.9703
-4.60261
4.02932
1.67449
1.33349
-2.92955
3.54992
6.32465
9.09073
-3.67106
-4.24233
-5.01052
5.73913
1.76075
2.16093
3.13384
3.92052
7.89908
-3.48786
-2.94833
1.27051
5.5038
-2.59345
-2.75868
3.47695
4.34114
4.63033
-2.44441
8.74633
7.67456
-6.24252
-2.95874
2.89118
-3.75445
-1.86599
6.38334
1.61394
-2.10871
-6.96976
-4.25569
4.80904
5.69151
-4.42816
3.95755
-3.65943
2.08917
4.9846
-1.5242
-4.50404
-5.71943
-2.20942
4.28655
1.25449
-5.73765
-3.84671
-4.10386
-2.4321
5.54441
2.09219
5.60064
-7.64701
-6.86217
-7.66886
-3.04298
3.69352
0.400261
-1.19936
-5.15527
-2.21262
-2.68451
2.23602
0.650979
3.45444
0.8328
5.03737
-3.61332
5.1078
-3.89326
-3.0655
-2.89544
4.97568
1.85887
-3.78958
-2.29747
1.02509
-4.4226
2.81811
5.51312
-3.86558
-2.91356
2.09087
5.30221
-3.89171
4.20684
-10.6495
-2.18764
7.8104
-1.34572
2.95838
-4.6904
-3.52815
-2.09854
-2.96791
5.76258
2.47418
2.20464
-1.48942
-3.94781
-6.27666
2.28005
4.32165
-1.79592
3.57632
6.70573
-2.3225
6.45941
2.7413
2.56917
9.45349
1.84901
2.42388
-1.85259
-2.74383
-2.22155
-6.82408
-1.50049
-5.68115
-6.0358
1.17644
1.85486
4.28672
3.10817
-4.92086
-5.62143
-2.11787
1.27952
4.46311
-1.22904
8.36145
-1.82677
-4.43793
-3.28403
6.21055
2.39476
3.79612
5.07182
4.13348
-3.63222
-0.893208
2.99861
7.11834
5.05491
-3.03672
3.17013
3.40321
5.53693
-1.33241
2.35827
10.1005
-2.06853
2.45709
-5.74517
-3.38487
-7.02824
-4.54935
3.38944
2.90753
-3.74663
-6.47648
-1.45043
-1.30874
-0.687011
-0.931233
2.14213
7.33033
3.91431
-3.99495
-1.20242
-7.00749
4.11725
4.46834
3.42342
3.10881
-3.20936
8.45646
-7.09307
-3.78278
-6.70656
-2.30113
3.31159
4.34137
-4.58346
1.12306
-6.37842
-8.07917
-1.92261
-3.1105
2.98948
-2.0779
-3.10071
-2.22578
-3.91665
1.59529
2.5867
-1.26875
5.7531
-2.45181
3.925
-5.80188
-1.08342
7.15265
-3.87077
-3.72498
6.135
5.00037
6.44742
-4.26088
-6.81501
-3.28748
-1.36374
-1.97755
5.92412
5.54025
-5.34591
-5.03767
-8.49052
2.94833
-2.00962
1.34627
-7.36178
3.53682
2.4907
5.66355
4.68387
-3.6778
-3.33036
-5.88395
-1.74385
-4.47898
5.72233
-2.48483
-2.67444
1.70248
-2.66085
-1.37106
-3.57632
-7.90164
-2.8986
-5.5775
-3.84234
-3.85305
2.40194
3.76733
5.15192
-3.04125
4.53027
4.05083
3.95038
-2.41154
1.56807
2.94157
-1.13159
-3.31546
-3.6749
-3.44561
-4.08247
-5.81035
1.20751
3.71728
7.2153
3.84134
1.99321
-4.07886
-1.61062
-4.8322
1.40341
3.43886
5.92166
-2.28048
4.15824
3.50191
-1.86888
3.9892
2.26863
2.45314
-3.09658
-5.31958
-2.49265
-4.65708
0.879741
3.78114
2.97708
8.36258
4.25689
-3.72714
-2.44367
1.96268
2.75647
7.46087
-3.11842
6.44577
7.00066
7.83558
6.12382
-1.87697
4.5723
2.62741
-6.44531
-2.50444
-4.59331
-5.60166
-3.82716
2.27208
1.83646
2.01155
3.87853
5.17595
4.62075
-3.4333
-3.66533
-4.57552
-7.91554
-0.857428
3.37468
3.42998
-3.62944
1.65199
1.81361
-3.03507
-2.76259
0.418311
-6.17102
-1.06224
-5.72443
-4.24073
-1.04624
-3.74049
-4.59062
8.9977
8.69369
2.66943
4.64098
-1.36769
3.1525
-1.30647
7.20341
2.18441
-2.59435
1.3597
6.25045
-6.20087
2.8779
4.0642
2.14364
5.97178
4.36259
2.00821
3.87628
-2.9309
-4.03388
-3.53754
3.575
-3.03729
-3.32077
3.47915
-1.94547
-2.13654
-4.50555
2.33625
3.0674
-2.56456
4.47513
2.36852
2.19911
2.46251
-4.35703
-5.21491
5.3865
7.95012
-6.87056
4.46071
-1.39976
-1.41864
-5.34006
-2.71379
4.75077
-5.14676
3.55423
2.62982
5.06186
-6.62202
-6.40311
-2.33189
2.43048
4.0544
-2.15136
3.12731
5.22763
-2.51119
-3.81673
5.59713
-1.47632
-3.65458
3.66405
-4.85082
-3.07017
-3.66679
-3.81338
1.69068
-3.84118
-2.10735
2.56209
-2.17633
2.52641
-1.33902
-2.02635
1.7062
-1.23481
-5.36558
2.04355
-1.84647
2.53033
2.99183
1.27851
4.73437
-3.0928
-7.92781
2.22038
-6.01061
-5.8297
-4.72284
-2.77839
1.87942
-4.40737
2.54448
4.33304
6.25587
2.86714
3.4929
2.24057
-1.71364
6.80763
5.7175
2.05656
-7.57682
3.25713
-4.0913
-3.30362
1.7589
-4.87136
1.22219
2.58264
-1.83616
-9.17603
6.96619
-3.67316
3.87746
3.18109
-3.15526
3.11971
1.53087
-5.86296
-3.85183
3.18256
1.32451
6.92242
2.841
3.83673
-5.49502
6.87871
1.33181
1.42737
-2.16603
1.76089
2.68015
-3.70976
5.79235
-3.3826
-4.2904
-5.37652
3.05559
-3.41695
-1.57679
6.34922
0.963898
-4.33267
-3.23218
-7.1949
-8.38653
-3.72696
-4.72584
1.68835
1.75815
-5.82305
-3.94287
-1.5806
-1.79052
-3.02237
-4.65408
4.5342
-1.2242
5.75823
-2.73539
-4.7179
-4.32901
1.31939
-3.65528
-5.37629
1.61354
6.65964
5.04518
-1.94065
2.21508
-6.38407
-1.99405
6.64465
-3.64774
-2.7684
-5.34995
3.03046
-4.36722
-1.11265
-3.18338
5.87953
-6.82607
-1.31602
4.12999
-2.17648
5.0592
2.00218
-3.18321
1.06808
-0.882375
3.05887
5.51801
-3.96808
7.17827
-7.86632
-5.77396
4.5852
-4.15263
-8.13742
-2.92517
-0.695948
4.7758
-2.3919
1.83254
-3.17992
-0.648473
6.8017
-2.72677
1.18973
1.91515
2.95168
-2.48146
2.6834
4.02515
2.85395
4.22351
4.77108
4.49301
2.48565
-1.67356
-1.61095
1.02435
-4.12827
-1.05918
-3.2058
-6.83117
6.04394
-7.91579
5.44885
3.47036
-3.71944
6.40498
6.75612
1.19705
-2.53702
4.99751
2.86957
-1.95494
-3.99546
-6.89899
2.18008
-4.97395
-4.57765
-1.14666
-1.36796
-7.64441
-1.45396
-3.67552
1.63596
-3.46235
-3.94816
2.3164
4.30144
-4.56028
5.73248
3.87575
-2.33457
6.99344
3.05923
2.2184
-4.23768
-3.01196
-5.01645
5.0347
-4.1557
4.7456
-4.49235
3.10796
6.2909
4.05153
-1.85964
-2.64037
-0.672388
-1.71155
1.51461
3.10095
2.28466
3.37011
-3.73389
-0.738342
-2.09051
5.35793
-1.62151
-3.45998
4.77505
6.79929
-2.7346
-2.60528
-2.02002
4.4562
-3.1459
-6.34758
2.70823
-4.24629
-8.13473
-2.57797
-5.1279
-3.6816
3.52667
6.36502
3.63978
3.23997
2.95132
-5.74873
1.87492
4.21975
-7.7402
1.93868
-2.67772
-4.47985
-9.59499
-4.52184
-1.30901
-1.9845
-4.61017
-6.27704
4.22496
6.21281
6.22893
9.06106
7.06677
-8.59052
-4.80443
-6.43326
-1.10985
3.20698
2.54238
3.73029
-5.43382
-4.53972
5.00234
8.68435
-3.79741
-2.08048
2.48013
-6.90392
4.44978
-3.11645
2.77486
3.12143
5.66579
-7.0747
3.37744
-3.09004
-5.15321
-3.77021
-3.47127
-5.59589
2.11472
-1.90501
4.54501
3.81852
-4.96596
1.51209
-2.7546
-2.7074
3.17978
-6.73303
-4.65
1.80816
-3.77102
-3.00974
-3.59682
-3.04074
4.41091
6.55123
-8.60156
-4.31529
-6.44916
3.83632
-4.75526
3.45459
3.54432
-2.54187
3.13722
4.11632
-3.84221
-5.62663
2.58616
-4.10013
-0.597277
-3.02663
-4.74237
0.845948
2.83429
3.32509
4.15155
11.0679
-3.51289
5.19215
2.88716
4.25464
-5.46315
-3.68382
-3.42798
4.69308
4.26237
-3.69926
-5.92759
5.79811
2.1298
9.98649
3.16987
-3.31528
4.33721
-3.25147
-2.08575
4.7563
5.96727
2.54205
-2.49911
4.03496
0.54283
2.99306
-3.81885
2.68199
4.26824
-6.52462
-4.00315
2.01816
-1.67371
-3.76378
1.79021
-2.50956
5.53633
4.973
5.70688
-1.41791
1.03577
-3.81085
-5.7914
-0.665935
-3.0089
2.74624
-1.22444
6.03225
-3.12907
-4.41452
-6.64713
-3.97403
-4.94843
-3.04423
-2.70301
2.80826
2.50701
1.33746
5.70603
5.34481
-3.15513
-2.28913
2.89475
5.53529
0.378124
-1.23479
3.74989
-6.14135
1.95546
-0.440504
1.21474
-10.5017
-3.06417
5.15471
-3.61317
-2.74479
5.70166
-5.47799
6.62862
6.02084
3.15517
1.48604
-3.55454
-3.93556
1.34463
2.77884
1.97266
1.23771
1.65386
-2.72414
-4.25233
-2.35
2.56669
-2.40944
-3.1312
4.61782
-3.30098
-7.18111
3.76027
-1.40427
-1.63082
-1.06299
-3.22677
6.57587
1.7151
4.30821
4.0236
-1.81685
3.78934
-3.50775
-0.467959
4.37115
-1.7512
-3.66985
-1.25952
3.12068
1.73615
-8.10832
-4.54539
4.22483
-3.89316
-5.27498
2.80712
3.89682
-2.86477
-3.22177
3.68735
3.40818
2.95387
-4.31093
2.98717
2.9562
-1.01579
-2.28201
-1.79595
-4.95839
-1.90479
8.54702
-4.95904
-3.43188
-0.586046
-2.48854
-1.8933
5.31369
5.87605
1.02387
5.30993
-2.14932
-6.73378
-0.764098
6.14683
1.66755
4.20287
-4.31225
-5.04748
3.84249
2.18728
-0.968292
-2.82412
3.89544
1.76511
1.18167
-2.43929
-3.0491
-1.15026
4.57065
3.50329
1.8825
1.75283
1.3307
2.1206
5.21423
1.32535
-5.72612
4.40558
2.02329
4.13904
-8.88186
2.97308
11.0058
3.97248
1.24485
-3.62547
2.89923
4.24572
2.16298
-2.83746
1.52227
-1.69008
2.96059
-6.5843
-0.819218
-1.73179
-4.99464
-2.17565
-4.88321
3.33194
-1.87781
-2.57564
3.27707
-9.28957
-3.42767
-2.76714
3.92656
-5.52272
-2.90086
5.06821
1.94949
7.52823
0.635165
-2.70246
0.592218
2.49917
-2.97168
-1.1574
-1.10317
4.21636
-2.28114
-2.98909
-3.81515
1.79021
6.41957
-2.50732
-0.903828
2.31651
-2.6747
3.34549
-2.97263
-1.67164
2.74276
3.14762
5.08739
2.39738
-1.72191
-4.74004
4.83535
-3.18212
-6.09078
-1.74881
-10.4147
-7.33662
-5.73017
-2.12782
-2.95705
-3.25235
5.68004
2.28482
-6.8678
-2.55652
1.38795
-1.33611
-3.63113
4.79868
-1.97122
4.65464
5.88222
4.63499
3.73785
6.74703
3.02311
5.53583
8.90217
7.50284
1.84083
-3.33707
2.49504
-6.27073
1.15157
2.85615
-0.882897
-6.13859
-4.56507
-1.63894
-3.06633
5.41063
-8.40043
-6.07186
-4.98841
-9.96337
-1.13081
-2.24775
-5.01336
1.21216
-2.05665
4.63492
-3.31491
-4.44489
-7.69562
3.0047
1.28571
-6.61821
3.95928
2.98126
-8.72616
-3.87994
1.84944
-1.63046
-4.48647
-5.12267
2.71923
1.74098
-1.38205
3.46722
4.3555
-2.71881
-2.22238
-1.85327
-2.23123
4.36642
-2.78949
-1.43964
4.21751
-2.08497
2.17812
5.67466
-3.74399
-7.82443
3.24232
4.03449
-3.1408
-11.4064
-3.07138
3.3882
-4.06906
3.04198
-2.79124
2.48259
-5.49525
4.33697
2.55243
-1.1645
3.65861
0.937986
-3.48229
-2.31912
2.50709
2.46178
4.59713
-2.44308
-1.82779
4.04329
-5.49751
-0.871372
2.11302
-4.42274
-5.05133
-4.26443
-4.3909
1.77568
1.44245
5.61605
1.62451
-4.06866
-3.58967
-5.40075
4.68278
1.80035
1.59778
-4.94537
1.38504
1.75295
-2.94668
-10.0899
-4.78522
1.40649
-4.48787
-9.31059
4.1215
-6.63125
-3.12224
-9.46018
-5.91955
-1.72731
2.93717
3.45338
8.67019
-3.96341
3.96632
3.77727
7.75937
-4.80005
2.86953
-2.50654
2.93818
-4.06135
-2.35953
-1.79513
3.21226
0.888267
-5.45916
5.02694
-4.12597
-3.97845
2.07964
3.20911
3.26178
4.02021
0.469006
4.80932
3.17192
5.13236
3.95878
6.19181
-2.27721
-2.38658
4.98479
2.10247
-5.63523
1.45303
2.5053
-3.59951
3.85224
-7.79471
-1.93953
1.52582
-4.02653
-4.2578
2.74499
11.3881
-3.02988
-5.75724
-2.78537
-3.26792
1.35808
-3.58886
3.91142
3.20047
4.67052
-4.244
4.59303
2.97446
-7.50396
-7.10182
-4.63453
-3.40957
-5.18187
-4.22144
10.0635
-4.57893
-3.03975
-8.87302
6.19636
2.805
4.2544
-6.27614
-7.75816
2.54631
-3.91826
-4.19371
1.75269
1.84984
4.97285
2.93803
-8.28928
-2.8083
-7.60384
-3.92821
2.70031
1.8479
3.67561
0.962952
5.80445
-3.05729
-2.86389
4.28915
3.66956
4.01639
-4.01622
-4.55861
3.03189
-6.33445
-3.84959
1.37358
7.32593
-5.68302
4.25602
-1.13339
2.16576
5.2935
-2.9616
3.60304
-1.92945
1.86831
2.70097
-4.10886
-1.46236
3.22354
2.51917
1.24089
-4.31846
7.75522
-2.31529
-6.47006
6.25369
5.56547
-3.5235
-2.35463
3.12426
2.94893
2.55694
-4.5561
-5.07113
3.59821
4.00679
5.88241
1.63336
4.18503
1.0059
-3.54528
-0.849647
2.93994
-2.97077
1.50129
-1.67189
7.02454
-1.8954
1.56406
4.38219
2.57729
2.44575
2.88136
-5.75102
-1.73779
-3.92661
4.2597
-4.09382
-2.71676
-4.33628
-1.19035
2.63184
2.21614
4.06937
-5.85195
2.90342
2.64537
3.01421
3.30045
-3.89587
-4.61472
4.09093
-4.34811
3.87597
5.33298
1.32834
-2.59787
3.49725
-3.28089
0.899711
-3.91971
-1.48589
-0.782205
-4.2311
-8.9072
-2.76818
-2.74744
6.316
1.968
0.633496
2.59629
-2.21745
-5.48258
-4.67674
-10.609
2.99335
-3.50539
3.71039
4.94798
2.70015
2.84639
2.48755
-3.71301
-1.48409
-1.65096
-2.85059
5.81639
3.89384
4.61274
0.902827
5.47163
4.73598
-5.89259
3.63277
-4.00586
-4.68002
3.50018
-4.03058
-5.71199
-0.884102
3.73353
5.34711
8.74112
-2.74748
-3.71108
-0.488747
-7.19648
-1.4268
6.10565
-8.83314
-2.11691
1.52749
4.55108
-4.1509
4.71887
2.49764
4.3091
-2.61886
2.01048
-3.70615
3.3305
4.00229
-3.42793
3.22397
2.54283
6.81688
4.45945
3.49781
-8.15545
-4.36552
1.69246
-4.08542
-3.16157
-3.39683
2.99135
4.3573
3.73914
-1.94131
4.05508
1.7097
1.18017
-5.77671
-2.9549
-2.35778
1.11726
4.27727
4.00596
-1.73822
3.36826
-4.14406
-1.60129
-2.0904
1.47149
6.20203
-2.82773
-0.594295
3.41931
5.86865
-4.1138
0.916814
-2.81825
6.40903
1.49405
-5.3029
-5.85524
-6.65463
-3.25626
2.7222
-2.93351
-2.98176
-4.98382
-9.38698
4.46293
2.36611
-1.9816
-0.879559
-6.56253
-4.39483
6.56749
-5.09916
-5.66551
-4.89103
3.08236
5.3751
-4.52038
4.55526
5.38008
4.97814
-1.8809
-3.13096
-5.61634
6.20054
-3.16827
-2.81957
3.13195
2.64127
3.23065
2.49509
3.67323
-3.22117
-0.936993
4.0615
-3.59138
7.61199
-4.84716
3.6226
1.74054
5.30572
-1.7531
-2.38181
-6.80447
-1.79296
2.90745
-1.63193
-3.12862
2.00005
-2.9506
-0.922825
9.79595
-5.0274
3.85082
-4.49951
-2.55731
1.46855
6.74148
-2.49308
1.94102
5.24375
-4.55811
-3.59965
2.55204
1.71333
-5.56579
-8.14571
-5.31997
-3.25028
4.55762
-1.72197
-2.18032
5.96595
3.09848
-2.32216
5.45035
4.88364
2.60554
-1.21752
3.02387
-2.75851
2.42116
0.996165
3.43916
2.38471
4.33128
3.65634
3.36506
2.15202
-3.79039
-2.88451
-5.61827
-3.74306
3.38115
-2.76633
3.56896
3.26873
-2.0517
-2.28108
-2.74837
2.11044
-2.23958
2.23273
3.45817
-0.934726
-5.56997
-2.80988
-4.88568
4.53913
4.40224
-6.42182
-4.79457
2.36141
6.15462
8.4445
3.80637
-3.51787
-4.76675
3.10779
-1.23667
-3.00829
-3.29326
-3.93063
3.109
-5.16318
-1.91103
1.78878
-3.59389
-2.79913
2.72421
3.20903
3.19533
1.30218
3.72987
3.32115
4.15987
-4.38554
3.02199
3.26951
2.23714
-3.04619
-4.90666
-0.947439
4.13512
3.50158
-5.93608
-2.73505
-0.458053
-1.32748
-3.58341
-2.85906
8.26741
-3.34887
1.57145
5.33868
-6.48795
-4.89465
2.4487
6.62293
-5.29432
7.91124
2.63225
-3.54175
3.55213
-1.34007
-2.99594
0.779264
4.97975
-6.05598
-1.71009
-2.98033
-4.6517
6.37965
-3.68676
-2.14345
-4.0029
-1.8008
-2.6466
-5.73475
1.64576
6.46141
2.49557
1.93801
-4.03987
-3.47926
-1.80099
8.9253
1.48612
1.93385
4.01174
1.40055
-3.6916
4.53181
4.41878
-5.85193
4.10846
1.3301
-2.30808
-2.17243
1.98067
-3.38821
3.31828
2.90287
-4.35093
-1.67133
2.39049
-3.71094
-5.70465
-5.43446
-10.4506
1.65879
3.32866
2.34573
3.89506
-4.06929
-2.77843
-3.84451
-5.12224
3.46034
6.15127
6.43249
2.0747
-2.76281
-1.76037
3.98921
-4.75093
0.252843
2.3378
2.86779
-5.0088
5.9142
-4.8386
-2.97893
-3.83699
1.12676
-3.90959
2.65974
3.22525
-4.80636
-2.76607
-2.9739
-5.90431
-2.81185
-1.83688
5.92555
5.54719
-1.65033
6.06244
-5.64005
1.95789
1.09562
-3.11008
-3.45317
1.89841
-0.624419
4.42964
3.74064
6.10825
1.69595
-4.75206
3.3499
-1.48122
-7.08222
1.01494
4.74797
-1.73235
1.13661
1.86334
2.69747
4.14328
2.81063
-4.15738
-4.7994
1.00081
-3.08594
7.74143
2.97016
2.14009
5.74691
-3.15648
-3.29279
2.56012
-7.48008
5.21438
-4.02161
7.003
-4.49694
-2.1543
-3.92213
-3.65235
-1.3021
-1.46218
-3.94001
-6.20069
5.66519
-5.34568
0.897608
0.927589
4.48921
-3.21507
1.50051
-2.65325
8.9939
-3.6901
6.11532
1.50035
6.82594
-2.0985
1.39879
-2.74407
3.32335
1.31453
-4.36607
0.845431
8.97171
5.0201
-3.55509
2.48475
-5.03211
-1.26447
6.46693
-2.86033
-5.71671
4.74048
-4.2718
2.68154
-5.71176
-5.83183
-6.0354
4.49692
-7.86669
0.763587
-4.78788
2.64464
-1.96478
-4.23815
3.81733
-7.7637
-3.3913
10.9608
4.94457
6.29521
2.70013
5.37677
-5.81393
-3.5255
-4.68133
7.12623
5.77911
3.93805
-1.34107
-3.16418
-3.22783
2.13084
3.16894
3.95022
-3.46246
-6.60715
-4.44835
1.41077
1.62735
2.10917
3.37221
-4.61245
-3.10945
-3.60875
9.08574
5.8662
-2.02683
-4.15736
1.26177
-6.73388
-3.09341
-1.02315
-2.74256
-5.30553
3.47876
2.33398
3.70168
6.88683
-5.10641
-4.64913
-4.22755
4.49424
-5.46859
-6.42523
3.87051
-4.52445
4.73103
1.47011
-8.07926
-4.10598
4.03992
5.48713
-6.46334
6.40866
10.4527
3.18219
3.19154
-1.2829
-5.89056
3.95016
-7.04922
4.28165
-8.37266
-1.50161
2.56667
-2.52027
8.7898
-4.51973
-3.10802
-2.29229
-7.67867
9.10457
-0.590638
2.18612
2.15958
-2.63446
1.53724
4.24451
4.19313
-6.17832
2.1711
-2.84715
-3.31451
-1.53427
-2.85251
0.789763
-2.25464
-3.13677
-4.1199
2.76252
-1.11585
-3.96583
2.05176
5.44887
2.2537
2.55265
-2.63574
-5.59802
4.58079
5.68655
-2.84836
-1.37835
4.09223
-3.74397
-3.24589
-2.63072
-9.07889
2.46394
-4.48138
-4.85658
-3.90837
2.62801
-2.96729
3.53475
-2.93809
-7.32831
6.29865
-4.63535
1.47959
-0.916296
4.87256
-3.45468
3.45438
5.20473
2.56092
-5.29254
-9.40174
8.36369
-3.79854
9.31949
-2.05778
-5.04927
7.22835
5.19914
3.68829
4.34124
-1.67536
-2.41825
6.79252
1.35264
3.70302
-2.86046
1.79099
-0.516856
1.38589
-3.159
3.00399
3.21138
-4.26029
2.90206
-4.28906
2.07402
2.09925
6.91702
3.03427
-3.7627
-2.92102
4.41211
2.61153
-3.59654
1.48534
1.22308
-10.7185
5.96188
-4.84719
3.03416
-4.32686
1.39361
-1.0518
5.58867
4.82431
3.59284
2.6575
4.33821
6.83039
-1.36058
6.33575
-4.09003
-1.45428
-3.52632
4.46582
2.9729
4.65611
-3.22511
4.08908
5.43107
0.568804
8.77701
-2.67085
6.37224
-2.25739
-2.66151
-2.25696
-4.62826
-6.46703
-5.85027
-6.07111
-4.49806
1.59691
-3.52899
3.17687
-2.25526
-6.21491
-2.13052
-5.72091
4.64909
5.38076
-1.95888
1.97822
-2.82481
-3.14631
-0.808012
-3.88056
-3.39597
-2.5894
-8.82309
-5.94695
-4.55027
4.5111
-2.58531
1.75202
2.25262
5.75111
4.11384
2.30405
3.96162
3.23827
2.27731
5.70437
1.85602
-3.82703
-1.63203
0.204188
5.2001
-8.56164
-5.53011
-4.18769
5.44186
4.39489
8.47789
1.69541
-5.5218
3.88909
-4.12257
-2.78127
-0.694938
-3.75377
3.55802
3.07611
-5.33114
2.83338
1.13177
5.60921
3.73712
4.42886
-2.17332
-1.68047
-1.70854
2.34424
-3.36457
1.7239
-4.54333
3.00896
-3.39003
1.63731
-4.33461
-3.11739
-1.95852
1.51983
8.9476
2.76129
2.39126
3.55397
5.09008
-3.04518
0.741383
-4.29677
4.44159
-3.17221
6.19771
-2.21389
0.544111
5.95154
-6.29355
-2.8253
10.0246
-3.31495
-3.40549
3.63573
-5.13158
-1.29496
2.18613
2.57658
-2.87398
-3.3643
-2.76041
-5.40769
2.94374
-2.88749
-3.40559
-4.87483
4.40718
-2.69358
1.97355
-2.48275
-4.02099
-5.29711
-5.92648
3.02976
2.64498
4.88938
6.03822
-2.06317
-1.74822
-8.0564
1.25415
-2.36913
-3.206
3.43105
3.38744
3.92879
-4.01513
2.18221
2.01647
1.47071
5.04507
4.38879
-1.73221
3.63954
2.46114
3.89292
-2.76363
5.9251
2.74079
2.14584
3.97878
-2.9425
-5.40452
-3.28614
1.46211
6.35376
-4.18707
-1.15372
-3.3934
-3.62258
-3.71633
3.55688
4.86827
4.17773
3.53361
-3.96854
1.99661
-3.30386
2.02104
-1.69058
-4.21857
6.92583
-1.23647
3.36644
-7.03626
4.62284
-3.59537
0.807096
-4.98772
2.02687
4.2457
-2.44799
2.63843
-1.72997
2.38507
-3.70766
-0.900148
-4.56862
5.70947
6.32505
-3.61751
-5.33944
2.53867
-5.19345
-5.66807
5.64575
-3.0639
-4.95355
-1.97953
2.92333
3.81518
-1.82004
-4.17366
-2.45512
1.79763
1.55568
4.63991
-4.72068
-2.95457
-3.6043
-3.85865
2.11215
3.6462
7.46767
-1.945
5.8821
-1.47859
7.16873
-2.95165
-3.67961
-4.8846
4.54276
-3.7579
-4.03592
3.65421
1.36928
-2.43742
-8.70049
3.45265
-0.158772
-2.96528
1.47783
-3.13364
-6.48006
2.2996
2.17384
-0.899007
2.13356
-0.903184
-2.7629
2.64858
1.7368
2.31841
-5.4221
-5.22801
1.94431
-4.87536
-6.29902
-3.24873
-2.3082
-1.6275
3.44173
5.5362
-1.6175
-4.48208
1.65207
-1.7697
1.2519
2.06486
-4.33873
2.86181
2.26916
3.76444
3.96556
-7.39625
-3.35945
-3.71887
0.653472
-2.9223
2.16654
-4.01614
6.54949
3.55058
2.86085
2.80848
-6.01637
3.00613
-2.16153
1.61387
-1.71799
3.86355
4.14369
4.42395
5.26928
1.61565
5.52426
-3.77927
4.32244
-1.23554
-2.51312
-5.30726
3.36875
7.95696
1.88424
-2.97221
2.10413
-5.71997
-6.35604
3.79333
2.1779
3.50322
4.02621
3.93458
3.37553
-3.95933
-2.17901
-3.68565
-2.02575
1.19837
-3.93715
-1.52904
-2.13876
6.93107
-1.3317
5.7705
2.0223
-2.14746
3.07245
-7.7606
-5.38159
3.78141
-2.48041
4.6592
-2.89385
-0.929768
3.98882
2.58736
3.11986
8.45493
0.864943
1.0068
-2.96309
-3.07222
3.02914
3.46971
7.14716
-1.94248
0.371511
7.22008
2.8829
-3.56767
-1.21941
7.0206
6.196
6.50474
-6.94026
-4.79673
2.29885
-3.79512
4.70252
2.76681
2.05614
-2.49381
2.69269
3.53248
3.14653
-1.23935
-6.40481
2.0245
4.38551
12.7299
6.07106
3.87437
-8.64239
3.77141
-3.21558
5.25641
-4.8355
10.7576
-4.98035
-6.94415
-2.32401
-4.76268
-4.10341
4.40485
3.08409
-1.70164
2.07787
4.17063
3.39083
-1.61012
6.60746
-6.95867
3.8374
4.56771
-2.5
2.7064
2.52614
7.084
-2.32805
0.681548
-8.07044
-3.45302
4.24212
3.68246
-2.66532
5.49682
2.72096
3.5121
-3.79254
1.55263
-1.33091
-2.16774
-7.74859
1.75796
2.34988
3.46828
-3.13783
-5.30703
2.91415
6.34177
-2.66656
4.74805
5.68682
-1.99404
1.6661
3.77888
1.2957
6.23063
5.78637
-3.14846
-4.03101
-2.51165
2.68592
4.07331
6.81919
-5.39578
-4.2983
0.737733
1.90855
-3.31156
-2.83012
-2.8259
-6.05458
4.62765
3.38011
7.69602
-4.66271
-3.51979
-2.34981
-4.27006
-4.9803
3.78559
2.96215
2.66081
-3.68498
5.12539
3.12647
-1.7167
3.12883
2.6289
-4.82205
-8.98848
-1.18942
-2.18945
3.6878
2.24434
-1.88552
-4.20361
2.24423
2.44376
5.52147
5.22935
-3.61069
-2.78045
2.95065
1.1747
-3.47595
1.81255
2.94737
2.97261
4.44409
-3.22412
1.64846
-1.48017
-5.93688
0.885805
-7.2862
-3.72899
-2.85255
3.193
5.71953
-3.79155
-6.99755
-2.53024
3.43797
5.14182
-4.30311
-5.67982
5.104
2.75636
1.01125
6.75899
-1.13417
-6.53463
4.03018
2.77596
-8.08165
4.95097
-6.23199
-4.16506
3.62408
2.61579
-2.10484
3.52956
-1.70509
-2.62328
4.47113
2.72361
5.86103
1.55647
1.32205
-0.767541
3.27315
-3.73879
-7.63808
-3.66081
-4.98455
-3.88583
-1.16936
-3.88664
-1.85725
3.51898
-4.15312
5.6566
-3.71014
-4.50826
3.02513
-1.53729
4.1696
2.1005
4.29289
5.95036
6.22619
-5.08572
-5.20741
-6.16276
2.72563
5.05733
-7.30104
-4.44038
-3.81319
-7.26629
2.41023
4.65953
-1.74306
1.31092
-7.89772
-2.93878
6.36644
2.70731
-4.22632
-8.09586
3.65602
-5.18134
-1.48016
2.6619
-1.82834
1.59356
1.71711
0.888881
-2.01726
1.90605
-3.26671
-3.26177
2.22746
-6.44863
2.29403
4.64936
1.18681
1.44788
7.36383
4.14315
2.76353
-0.946347
-1.81306
4.07944
-2.80778
-3.34987
-2.33053
-3.8592
-2.37178
-5.31822
3.8589
4.80832
-8.79711
-3.41517
-3.85638
0.994573
-3.94682
1.52576
-3.65726
5.42571
1.67814
6.86232
6.07536
2.54322
-4.20225
-1.25161
6.73587
8.03226
2.28352
1.79621
2.43881
2.45743
-1.63201
3.41656
-5.45498
2.93666
-4.60602
-2.2272
2.20814
4.18731
-5.57283
2.69908
-2.17413
-3.44018
5.24141
-4.67836
4.00619
3.83997
-3.41782
5.85485
-3.24411
-2.12481
-1.77895
3.45589
5.64818
2.38619
4.43978
-1.62759
-2.80362
-2.11247
-10.1961
2.64313
6.21859
-3.69432
5.13004
-7.76874
-2.22428
5.49001
-5.35372
3.09487
-3.92786
6.08938
-3.40245
-3.6891
-1.58619
9.6901
-3.24254
-1.85603
5.23759
3.09568
3.01378
5.59066
-4.26561
2.9392
-3.0131
3.13135
9.74771
4.30446
-3.33282
-1.21087
3.40879
1.60179
1.57888
2.81009
-2.79558
-4.22774
3.72325
7.36845
3.62498
-1.99819
5.0036
-5.33898
1.54691
-4.92569
6.03806
3.68445
2.68742
2.54841
1.22052
-2.86559
-3.35304
9.9862
-7.99821
-5.3602
3.93957
-5.27281
-1.21552
2.47826
-1.71918
-1.84036
2.2362
-4.5238
2.88907
7.6293
1.35727
2.11703
5.57635
-2.61668
-1.96838
-3.17893
-1.09083
-3.15559
2.08438
6.1293
-3.08158
-3.4899
-5.53947
3.22293
-3.5575
2.03005
4.67629
-5.32765
8.56975
-3.23979
8.51003
-3.09234
-5.44001
-3.51637
-3.38848
2.29074
-4.7995
6.2467
-1.36739
-1.56584
-5.99892
3.58408
-3.89688
-3.91349
-4.53168
-3.43603
3.06825
3.04844
6.30003
-8.46773
5.04381
-1.56153
-4.70517
4.78702
4.86122
2.49876
3.31912
-2.14004
4.38175
3.86214
3.84512
-0.658473
-2.4615
-5.70089
-2.21676
6.3299
-0.404136
-1.7696
5.64171
3.55835
-0.339739
1.46679
-3.46792
-5.23395
-2.81208
-8.99149
5.14211
-2.36584
7.84658
-6.56382
2.20346
-4.27659
-1.37799
-7.88553
3.00256
-2.266
2.41522
6.10812
2.98546
-4.48516
-1.23755
3.13648
-2.96553
-4.76809
-1.169
-2.43785
-3.53676
2.52382
-2.19059
-2.50651
-5.21705
-4.39099
3.50714
-8.69668
-2.70594
5.53142
1.79566
-3.57787
2.98807
-4.02549
-4.99985
3.71898
1.5484
-1.85627
-2.74635
3.0432
-3.67703
-2.50054
-4.01321
-1.97374
3.27163
-3.92921
-1.91137
4.98733
4.09274
5.85458
-4.55465
3.06523
2.34525
-2.92469
-5.34253
4.66632
2.93082
8.14414
9.37706
-5.67657
-7.29802
-7.71348
-1.67297
2.79994
-4.92062
-2.75653
6.21577
-2.99584
0.629492
3.62191
-2.13348
4.50323
4.80475
-3.89652
3.41069
3.26789
-5.52247
2.66174
9.86556
-2.70336
1.35677
-3.86518
7.25644
-1.87001
3.46513
-8.17006
-2.4139
3.75126
-1.54083
3.18033
3.0548
-2.145
6.0243
-4.48687
3.16788
-5.60813
1.77743
-2.3883
-0.580605
3.84328
2.57231
4.99263
-3.82123
4.15977
1.89572
14.0328
4.72344
-2.01047
-3.93711
-2.89719
-1.89248
-3.44603
7.19658
-0.666129
-6.60835
-4.17782
-7.74333
-3.93202
-2.39459
-3.98355
4.3467
4.12051
-1.05496
2.04207
-6.84636
-1.71751
1.47798
2.11231
-1.46311
-4.4298
-1.50013
2.515
6.502
7.90544
2.36666
-3.59054
-2.5065
2.54061
-2.25126
-6.7793
-2.93035
-1.16766
6.75107
9.14072
-2.51765
2.17007
4.32171
1.08883
0.832694
-3.75543
-2.26849
3.87297
-3.54735
-3.03608
5.62254
8.04954
0.425443
1.85649
-4.36956
0.9293
-5.49512
4.01818
6.33817
-3.45189
2.27236
-4.02324
-3.99453
-2.71275
-4.36345
-2.817
-1.84794
1.243
1.8511
5.86564
3.65184
-4.0213
2.94856
2.26359
4.35112
3.63879
-4.7902
-3.01977
-5.55943
3.60598
3.18414
3.26274
-2.4824
-3.82736
1.2106
-1.48792
-2.72392
3.47224
-3.9699
-4.74484
2.62679
2.82032
3.30083
2.33797
-3.61896
-2.39437
3.98452
3.5722
-2.68816
-4.75495
2.16302
1.25928
-4.18151
-4.62586
1.35754
5.4546
3.75958
-2.89137
1.82271
-2.01125
1.27147
-1.88425
-3.21158
-5.9976
-2.14046
4.24647
-4.74481
-1.96131
-2.24269
-6.87729
0.773769
1.74503
-1.68985
5.6545
-3.13498
4.66502
1.74953
2.91664
-1.28105
3.59282
7.73628
-3.43917
-4.24652
3.75608
3.66766
-4.13254
-2.91551
4.51692
2.65264
-2.94662
-11.6034
2.38326
0.604746
4.55044
-4.93937
-1.9381
-5.12766
4.12185
-7.80768
0.89248
-2.92561
-4.09186
-6.34574
3.0564
0.369928
-2.75243
7.87384
-3.97378
-2.28438
1.49779
-2.93329
3.86177
4.07243
3.64332
-1.40766
6.09163
-5.49206
-5.58966
3.40129
-3.29349
3.68981
7.49203
2.43407
5.51408
-4.194
3.80211
2.31784
1.72962
2.08188
-1.6887
-7.45402
-1.67023
-4.3645
-3.8308
5.18072
-5.88423
6.77277
3.10523
-4.99252
-4.71816
-2.06311
3.66387
3.73231
4.40533
-0.720834
1.44883
7.94228
-3.8011
-2.07304
4.24638
4.97935
-6.84174
-5.68706
1.25694
3.14075
-4.06197
1.95522
5.99364
-1.5547
-3.43175
1.00378
-3.69648
6.25128
-0.976697
-2.59884
3.11337
5.39274
-4.77383
-2.98804
4.93608
5.41004
5.77599
0.781281
-3.45443
-1.46542
5.4401
-2.37824
-1.87266
4.44401
3.58332
-5.9178
-2.66265
-2.72435
2.62097
4.36455
1.33751
1.46703
2.23331
6.75273
2.52559
-3.76814
6.73641
5.98064
-3.28929
2.57704
5.1182
-4.64229
1.08684
1.14494
3.6943
6.72327
3.18571
-2.42562
6.75423
-6.3377
2.23542
-4.51882
-4.76072
1.02871
-5.16213
-6.17395
-1.33861
-4.79639
5.90068
4.25091
2.60809
3.35378
0.998833
2.73857
-1.70719
-3.50083
4.46265
2.76971
-3.0537
1.50492
2.93548
-3.02516
4.89568
-1.66453
-2.91388
3.94131
3.05726
2.63921
-5.39964
2.72531
-5.87665
2.87291
-3.48138
-2.80214
-3.52495
1.314
4.5108
-0.645255
-3.55883
4.54028
5.20288
-3.99932
-0.976458
5.2612
-2.54105
-5.26783
-3.00158
3.79957
-4.5106
-3.74123
3.88966
-2.64071
-3.09404
-3.79324
-1.73851
4.28302
4.81408
-3.88649
-5.72232
-4.48441
-7.20158
-6.65453
4.69868
-2.15525
4.47868
-2.66911
1.15015
5.06266
4.02359
1.15828
3.76784
5.18189
1.77409
2.33733
-1.85937
-1.37123
-3.50309
-3.74053
4.30386
-3.21226
-3.69331
-6.09731
1.58335
4.80464
-3.91528
2.79161
2.89345
0.710233
2.81794
2.06063
-5.1482
1.23976
1.42777
-1.27708
-2.41827
-4.91576
4.17452
3.47945
5.82095
-2.78957
-4.53294
2.69269
-1.99097
5.63299
-5.24606
-2.47953
-3.46444
2.74888
3.11588
1.00977
4.65753
-2.70105
-2.584
6.09938
1.07681
-8.50012
-10.4789
1.71281
4.13726
-1.78499
3.48746
-4.70768
-5.16925
-5.46908
2.97599
-5.19116
5.76228
4.03706
2.19924
2.91309
-2.1088
7.47722
-2.8316
-2.50178
-3.87374
2.28879
-4.85392
-8.59231
-2.42731
-3.92547
-5.40624
4.76653
2.6835
-1.89937
-5.38517
-12.5656
-3.02198
1.64013
4.63714
-3.97402
2.63873
4.72044
-3.85761
-0.895391
5.1998
-4.50989
4.39004
5.00953
1.82848
2.92669
-5.18681
-2.83014
4.44262
1.01361
3.75969
-1.8885
-4.34085
-2.19552
-4.3282
8.5871
-3.31492
2.65477
-1.43356
-1.87813
-9.87082
-3.095
-2.08466
-0.963946
3.92013
3.98686
2.06008
3.91509
-1.96096
0.802839
5.95803
5.38575
-2.12523
-2.58712
-4.03785
2.72519
5.59573
3.05578
-3.85132
-3.99031
4.04401
-2.16706
1.83121
-4.73273
-6.10868
1.95848
-1.13352
-2.64665
6.32835
-3.79711
2.84403
2.09656
-6.6402
6.83156
2.55708
-5.76302
-2.7755
-5.4886
-1.71051
-3.58897
8.95138
0.65684
-5.79698
-2.01163
-2.47946
1.68887
-5.84491
-1.20957
-2.65115
6.40281
-3.0578
3.71291
3.37674
2.41807
4.2144
-4.19685
4.48888
-2.40661
7.32786
-8.09664
-2.59941
5.703
-3.71448
5.31825
-3.14891
-3.75503
2.35627
-3.56872
8.29836
-3.09537
5.22547
-4.09491
-1.8677
-2.5705
-3.6003
3.26316
-3.90454
-2.3535
-5.87489
3.11146
-3.98677
1.09
-1.54005
-11.2543
3.88287
3.09406
2.49758
-4.69752
-3.60688
-2.78516
-1.51385
-2.23349
-2.89592
-0.571545
5.60829
-4.77155
1.51992
-8.04679
5.37284
-1.72581
0.944759
3.46572
-2.06706
1.94543
2.89816
4.51022
3.07497
-3.13531
-1.68219
9.82824
5.72448
-8.19411
1.7637
4.17641
1.60198
-7.33723
1.03834
2.86251
5.21658
-7.08591
-4.90487
-4.19264
2.10621
2.62182
6.35686
4.98738
-2.07214
-1.84185
-3.75093
-5.62151
6.3888
1.76976
-3.21902
7.47634
-10.2689
2.57519
0.407222
4.92925
5.18034
10.7729
0.664023
3.6178
7.13978
4.42191
4.36827
-1.61764
-3.46036
3.50178
-4.59411
-3.66516
4.47099
1.62324
3.80377
0.661357
-7.44247
1.99536
0.792875
3.92479
-5.72856
-3.24147
-9.11854
-6.7488
2.08807
-2.60955
2.78077
-2.85841
2.96645
7.04458
2.81131
-3.38947
5.68039
4.05593
-3.67633
-5.5602
-2.61906
1.45601
-2.91176
-6.74266
9.28758
-3.32004
-2.51067
-4.474
-9.94064
-1.95578
-2.80247
1.34434
7.97373
3.08332
-4.62721
2.48575
-2.26952
1.11267
-1.30301
-10.0514
-2.71543
-1.75201
-4.49606
-2.17762
-3.97471
-4.07238
1.42855
5.82586
-2.39506
3.70633
4.20568
4.85385
6.03882
5.35956
-3.83112
-3.02671
4.40591
-6.71841
1.93219
4.32378
3.16051
2.11606
-3.34393
-3.39145
-1.61054
-2.79074
-4.52486
1.78529
6.07045
-3.92186
1.27145
5.63731
2.08019
-5.17814
-1.29273
-2.39527
-2.14935
2.31428
-2.6793
-3.22879
-3.48769
2.26682
7.51209
-4.08948
-3.66638
4.70706
2.99956
1.30941
4.67123
-1.97607
-4.25021
-2.22723
-3.96453
-7.29414
-2.3484
5.38237
6.14897
-3.82899
6.5483
3.46682
7.67569
-1.36814
-5.99952
-6.63437
4.69614
3.17717
-5.88994
4.47618
2.46208
-3.48448
1.58482
3.63676
1.51875
-1.23399
-5.12786
7.20725
2.07543
5.33396
2.33106
5.35099
-3.80549
-5.46031
-6.70981
5.85643
-2.70322
-1.73948
3.06272
3.76197
-6.46636
2.39984
2.01693
6.35081
2.74804
-1.30242
-4.77298
1.53829
3.99041
6.4228
3.95344
5.77199
4.46894
-4.81446
5.43109
-3.14137
2.03024
0.879
-1.68189
-2.62055
-2.74698
3.88743
2.41976
-2.84507
3.20039
-2.40879
-5.3621
7.41321
-2.71798
-2.27577
5.93712
-2.50591
-1.89007
-6.17747
-0.899832
-4.01601
4.30357
3.42356
-3.24239
9.8383
2.04641
2.6646
4.47271
-2.93373
-3.57269
-3.63164
-9.27954
-2.59993
-1.7043
5.56512
-1.9114
2.09639
-7.215
3.41749
-3.91589
4.08578
4.32111
-3.07568
3.10953
1.59753
-4.25318
5.26126
-6.53863
4.69298
-4.02613
1.55812
1.78259
-6.77785
-3.88482
3.05346
6.44161
4.08649
-3.5423
-2.50135
2.31722
-3.24482
1.61222
-1.2979
3.89707
-2.41238
-2.00339
-4.66778
1.64733
-5.54424
-2.82344
-3.52664
-4.03427
3.54847
-1.75494
4.59046
3.23317
-0.678217
-1.30194
-0.862631
3.72305
-1.63824
-2.17438
-6.30259
1.84498
2.40297
-4.7295
-1.88397
-4.51912
-1.38017
-5.07796
-3.05549
2.22478
3.95196
3.80634
2.80337
2.26875
-1.83889
1.37341
-6.55794
-2.30887
4.45533
2.94112
2.90104
3.58099
2.81168
1.97888
-4.35046
-0.828775
3.03714
6.63196
6.05741
1.52272
1.55627
3.49453
-3.76353
4.30612
-1.4341
3.4145
4.16145
6.57351
4.21449
-5.05527
-3.22915
-2.83372
4.86467
5.05874
-8.47971
2.4522
-2.02492
-3.59044
-6.24518
-8.16328
2.70942
-1.86202
-2.94031
-2.19623
0.891586
-2.01862
1.67546
7.87355
9.11223
-3.87227
-2.86339
-5.39377
6.50667
9.86139
-4.82064
4.84443
-3.4137
-4.80097
-3.32207
-7.41639
-4.30172
-4.66886
-1.09635
4.55435
-1.44046
-4.0882
6.72153
4.00753
3.0575
-1.73086
2.03155
-7.22139
4.13152
1.50337
4.13971
5.04596
5.31407
2.39284
4.7903
3.78786
3.02316
6.69378
-2.49712
-6.93593
-4.87138
-2.02058
3.59255
2.7988
-2.25137
-2.88739
-1.89663
-9.16288
3.04667
-7.99956
-4.00883
-3.05022
2.60551
-0.622358
1.04284
-2.2445
-4.8881
2.40162
-4.13524
-3.19135
-1.78633
2.76851
4.83495
-2.28362
3.13279
-2.50702
3.22522
-2.22952
-3.90577
9.24542
8.26432
-1.45145
-2.68633
4.76714
4.36736
-3.85486
3.96632
1.35327
-2.66564
-3.05463
4.022
-1.72594
2.45497
4.71921
5.32409
3.60186
-3.08804
-1.44895
2.4671
1.76513
-4.01663
-8.1921
-6.70157
-3.11955
-1.83144
-0.90565
4.46798
3.03021
-2.2784
1.70707
2.12331
4.24663
-3.51928
-4.99045
4.40492
3.48234
-4.18518
4.53611
1.75616
3.66835
2.0578
1.67585
-4.1813
3.31667
3.6481
2.71576
-1.53086
5.10246
-1.83989
5.87127
5.13226
1.87141
2.86151
-0.748535
2.34814
0.252466
3.88181
1.28473
-1.26284
3.31631
-4.01332
4.33676
2.31671
-2.52431
4.32659
7.33445
5.75403
-2.48123
2.08621
-4.8495
4.0874
-5.17087
-2.78466
2.39576
3.99311
3.51995
4.89776
2.05742
6.8831
10.0458
1.79121
-1.46532
1.47484
5.72475
4.08924
1.79411
2.92302
6.28963
1.61735
-1.81583
0.627989
-5.90182
4.12053
-1.90375
4.29694
-7.63348
-5.90837
-2.22903
4.83423
-2.90606
2.31783
-5.20633
-3.03558
3.66047
4.71128
-4.93406
-4.09838
5.19939
-4.72584
-7.11856
-2.1916
-4.60537
-4.77559
3.41343
-2.13756
1.60325
10.4527
-3.5514
-4.18539
3.91993
3.70727
-3.01758
2.91539
3.51168
4.98006
-3.58151
4.56241
3.28313
4.26766
-3.09518
7.68147
4.47338
4.19963
-8.69819
-5.68108
6.89102
-5.0576
2.41473
-2.08241
-5.05761
9.14594
3.78648
-2.68092
-2.30921
-1.99546
-8.08576
1.27091
-5.91932
-6.37067
-5.94627
4.55052
-2.45931
4.3109
1.39796
-2.16397
-7.30924
-2.04278
2.64698
6.82464
5.1887
5.07145
2.00747
6.32315
6.41358
-2.43413
-1.93183
1.46045
5.78927
-1.67339
4.95076
3.87416
-2.91577
8.21852
0.793311
-3.69287
-3.82426
-0.973522
1.05086
5.27361
3.70001
2.76175
5.72156
-3.86476
-0.878898
-5.15761
-2.90463
3.63727
-1.89723
-2.13766
-3.08266
-3.54976
-9.34195
-3.11712
1.9442
1.36161
-2.81081
-3.12846
4.83005
13.4254
3.15655
-4.20051
-1.33473
4.69704
4.72833
2.92118
-3.96765
-5.55156
-9.87308
-5.09721
-4.13949
-3.69008
-3.45504
-4.24878
4.05946
2.20172
2.60081
2.53185
2.75334
-6.32823
1.53862
-3.97209
-5.72457
-3.77785
1.08826
8.17939
2.85081
-4.26924
2.03477
-4.44631
-3.38237
-3.30202
2.37031
-1.63367
6.54023
-3.5155
5.01264
-4.48217
-2.8173
-2.05446
1.90497
2.38795
2.77946
2.05095
2.36024
-1.57095
-2.08499
3.68725
4.11571
-3.38625
-4.9428
2.43445
7.20738
1.90507
3.56987
12.9419
-2.55953
3.24081
-2.54778
-5.88769
-1.46409
2.69545
1.80015
-6.59132
3.27047
-1.34843
2.64564
4.67217
-5.84708
-1.46634
-2.49529
5.36339
-2.99846
-2.10909
-3.62924
4.9269
4.60292
3.12775
-5.76206
3.87311
4.89649
-3.21023
7.71328
-1.62643
-3.85628
3.14378
3.73264
1.60774
1.36674
-1.56372
4.28208
4.15732
3.2215
3.59357
-1.97115
4.09315
-3.15378
2.38861
4.942
-4.02181
3.79148
-1.64827
3.40967
-6.21305
7.04122
-3.8091
6.11779
-1.79515
-4.80747
-2.66128
-5.25141
3.6104
-3.02213
1.90713
-2.94311
6.01398
-6.82459
-2.09108
-5.88535
-1.91157
1.08713
-4.88478
-2.64432
5.47457
2.99725
-3.65577
2.39723
-2.32495
-1.73441
2.16879
0.767537
3.35388
-4.23935
-2.0362
4.9278
-2.0534
-3.60331
-1.59633
8.20245
3.26879
3.50182
3.99631
-1.38757
3.4505
-1.08053
-2.10904
-3.54467
6.14567
-6.40907
6.21704
-8.03294
-6.20885
-2.29418
3.54082
-3.55206
6.16693
-2.35179
-7.23553
4.57205
-6.16814
-3.30913
-2.81571
3.54308
1.01138
2.26785
-3.69487
-5.20787
3.92232
5.22294
-0.614825
1.46666
3.0754
4.54386
-5.17402
-3.4139
-1.95007
4.39634
-1.97086
2.70404
3.73851
-3.28131
-1.99068
3.4592
5.43775
3.13799
-2.17524
-6.4135
3.38474
-5.46481
-4.24385
-4.43931
2.288
6.06337
-3.28434
-3.80863
4.03539
3.98645
9.65432
1.57494
-2.94027
-4.42686
-6.3269
-3.63659
4.40543
-5.72027
-5.12291
2.22367
1.95917
3.92837
5.37951
3.99894
4.61751
6.24711
-4.73299
-7.48388
5.58756
1.24215
-6.31534
2.48238
4.38539
3.67101
3.35326
1.86973
4.30311
-7.26111
2.42736
-3.09103
-3.32641
-2.85456
3.93554
-3.44488
3.27879
4.54368
-3.19968
1.36983
3.76043
3.70988
-3.02731
-4.31522
-4.44409
2.5475
-2.33855
-2.96172
-3.04341
2.89667
6.45752
3.54094
2.17304
1.21523
1.83898
3.25735
-3.968
4.70612
1.47242
3.80229
3.79261
-3.70238
-5.34696
5.12466
-3.08774
3.75489
4.95842
-5.17399
-3.3487
-3.94171
4.76588
2.25044
-3.31361
-8.05731
4.00569
-3.17384
4.80162
-1.44373
2.91672
4.15142
-1.77072
-4.33392
4.12572
-2.45134
-4.63036
3.79823
-4.42614
1.8884
4.03315
-4.24962
-2.03921
-2.40665
-3.19285
-4.26042
-4.75395
2.14661
4.5301
-0.704965
-3.22461
2.09366
-6.60898
-5.36823
-0.934011
-1.62077
3.07658
2.73182
-3.14093
-2.12052
0.764442
4.8728
-3.23301
1.53236
3.35256
4.05447
4.47202
-2.27366
-2.72881
-1.9573
7.47127
-3.95217
-3.43325
2.50258
-2.58756
-0.848856
5.26575
-6.59336
-3.54466
-6.88994
-4.57774
3.95644
6.23408
-3.76964
3.09723
-4.34996
3.83212
1.85804
-2.52046
3.13663
-3.69242
3.66702
9.59707
1.7519
-4.89034
4.09177
2.0573
-0.35682
2.24426
1.08296
5.10555
-1.92934
2.10256
2.54588
-0.849012
-5.60689
-3.41601
1.39974
4.33926
1.22378
5.05768
-3.45126
2.26957
-8.04943
-4.8121
-2.88266
-0.658893
6.47616
-5.60559
5.25677
-4.07662
-1.76528
0.188484
-3.21255
4.61208
3.77957
3.57964
3.08449
-3.99565
1.24851
6.50002
-4.28348
1.63886
3.96771
-0.899302
2.38314
5.05198
-2.36442
-6.95539
2.90798
3.64912
-2.71604
2.10584
-5.59024
-6.42063
-3.27817
-4.87428
5.29531
-4.76
-5.0344
-3.31134
2.97995
8.16256
3.10109
-3.09663
-3.11185
-5.91226
2.29852
-4.38665
1.78503
2.60517
-2.39542
-9.71374
-3.04391
-3.2077
-3.61123
-7.12435
-6.3562
-3.20544
-1.43951
-3.59293
9.68306
3.67916
-5.6783
-1.72036
-6.9831
-2.03421
3.38487
2.30117
-6.14392
6.51411
2.1074
9.01922
-10.3857
-2.46177
-6.76982
-3.57368
-4.19021
-0.55251
5.36959
1.12305
4.17451
-2.88004
-2.28412
3.16918
-6.29315
5.90845
-9.69827
4.3705
1.52795
-2.72927
-4.08419
-7.57925
2.76495
5.35983
-5.6919
1.78116
-2.25395
2.79866
4.4466
-1.98633
4.66739
-3.08962
-3.64784
2.46643
-2.28059
1.78708
5.9786
-3.09539
-4.66857
5.25195
-1.80963
4.17619
-2.45698
4.51285
3.04799
-3.78924
-3.98132
-6.27731
-3.16004
-1.23441
-4.03083
-2.53458
-1.52438
4.06017
-2.05919
4.96947
-4.90809
-1.21804
1.51307
-3.17143
-8.26188
3.3172
2.04628
2.0625
-6.67408
-6.52883
-9.519
-6.06945
4.50534
-4.09753
6.57226
5.05108
-3.07431
3.41206
-2.83982
-4.18413
-3.51353
-1.90018
5.94406
6.73537
5.09768
2.33414
-3.19891
-1.9638
2.38986
-2.19202
3.98106
2.77543
-3.44344
4.31828
5.08156
-4.18975
6.07365
3.11976
-4.58223
-2.6209
-7.67923
-4.34395
6.18775
-4.38568
2.37942
5.94125
0.936827
-1.18382
4.77639
-0.750407
-1.72195
7.00419
-2.63659
0.971324
0.946216
-4.4061
-1.76727
-4.46994
-2.80022
0.839193
-5.68819
-5.8038
4.89136
4.66787
2.31983
-1.3221
-2.47553
-2.62167
-3.99946
-2.64734
1.22394
3.8736
-3.15758
2.47679
-5.72687
-1.77455
2.16901
-8.41351
-1.60836
2.0477
2.76808
-3.83043
-1.24016
-2.44266
-3.2034
8.24286
-1.88732
-5.26092
3.96141
3.22666
2.50248
6.78315
3.65541
-4.17029
2.57615
2.66647
0.670981
2.79874
-6.52025
2.77081
-6.50069
5.956
-1.36881
8.73056
2.74078
1.77599
-2.99724
-3.73585
-5.41007
-3.89423
-3.27424
5.17661
1.22744
-3.25002
2.39906
-6.24771
-5.34338
-2.84344
3.78407
2.37256
-2.10709
-3.45959
-6.65231
2.03656
3.2211
3.1873
4.14353
1.62426
-1.9911
-1.63656
1.92466
-4.36572
4.26644
-5.14447
1.70271
-4.66306
-2.3101
-3.06578
3.36037
5.11098
-2.65116
-1.66706
3.33913
-2.62913
-3.25994
-3.18849
3.87336
5.19406
4.71728
2.9203
3.73021
-1.48365
-3.97094
6.52855
-6.62284
4.71096
-4.40912
1.30393
5.33685
2.84798
-8.62897
2.81886
5.59061
-4.22459
-4.08919
4.45256
4.37799
3.31804
-3.59468
4.96341
3.0544
3.19262
-0.445893
-2.09143
-3.69085
3.0735
-5.23688
4.40883
3.53801
3.58127
-0.985424
4.46636
-4.29767
-8.43718
-2.28453
-4.31857
2.0246
-6.71523
1.79289
2.8158
-6.02577
-2.49956
1.05442
-3.96601
-6.42343
3.50661
-3.19148
3.93068
-5.28598
2.56418
-7.29121
-4.56541
4.57927
3.57064
-7.40356
-4.05135
2.85649
3.33547
1.70438
-6.40449
-1.94222
5.18241
-3.48937
-2.88561
2.27937
-1.87142
-3.12802
-1.75315
-3.76621
1.33839
-9.71576
2.43233
7.01533
2.80702
-5.06212
-4.88832
-4.83632
-4.80766
-5.96082
2.96434
1.9053
-3.05509
-4.9881
4.10708
6.50846
-5.72721
-4.21107
4.57662
-2.99409
-1.64243
-4.20379
3.54931
0.602696
-1.48103
-3.88539
4.30462
-4.16705
3.59921
-5.93696
-4.06064
-3.27902
2.92576
4.19553
-2.59637
4.92327
4.13168
1.17513
2.72836
1.10109
-3.25621
3.43163
0.91607
-5.42361
6.07419
7.14799
-3.88223
2.36125
3.99498
2.75615
9.50079
-2.19643
3.07474
3.26369
2.71892
5.88541
3.05038
-7.27584
1.81064
-8.25601
-1.3139
2.21279
-3.20761
-2.58126
2.84434
8.04699
1.54861
-1.195
-4.0175
1.20067
-2.95923
5.63891
5.1667
-1.95418
1.9446
-10.2223
-2.08405
-1.11012
-3.7159
1.47331
-5.39769
-5.89656
-6.96045
-3.98275
-1.76936
-4.8774
-7.01636
-3.44178
3.9113
1.51347
-3.66727
-4.51472
2.59324
-4.19194
9.38742
-5.2678
-1.72711
1.22166
-4.55247
-6.82489
5.32614
4.60213
-5.51527
-6.94756
-2.20736
-4.0125
2.5682
4.78063
1.72537
-0.926904
2.17778
-2.90898
-2.14802
3.70846
3.40676
5.7675
-3.52659
-1.7763
-2.86477
3.27098
-2.93486
-6.16912
-1.65452
1.26429
-5.92444
-3.13243
5.07822
-1.62336
-2.24845
-4.28231
-2.35497
-2.28452
-1.93006
5.13901
-4.12984
0.930881
3.36323
5.3283
3.4279
4.46526
-2.86564
-2.75622
8.45743
-3.27582
-5.16657
4.06503
-2.53486
-2.08767
2.12603
-4.74302
0.963735
2.27314
2.07147
-0.347065
-3.19907
4.0024
-3.90571
2.65184
-1.04033
-3.09313
-4.78502
5.64621
4.64118
3.75044
6.74267
2.79107
4.38424
1.85994
2.46302
-4.4803
-1.44548
6.19612
-6.68338
-1.39354
1.58975
-3.26206
-3.19294
4.45578
-4.31832
-1.64934
3.01032
8.56962
-2.07486
-5.42974
5.2335
-8.84948
-2.37817
-1.40951
-4.00905
-4.40481
1.95382
3.02261
4.51377
-3.62465
6.43379
4.15774
4.90729
2.24599
5.77993
-3.43252
-1.76369
4.01386
5.59427
5.04109
3.98965
1.92436
-4.23476
-3.16284
5.25177
-1.06844
4.95916
4.17088
1.24652
3.67333
-3.10327
-4.13105
2.53337
-7.99103
3.35586
4.5116
-3.70486
0.974934
-2.13067
9.11537
2.5652
2.84463
2.0733
1.52778
-3.20779
-5.32554
-1.31441
-3.28229
-2.66048
-4.84351
-2.92136
3.03377
3.43469
-3.83079
-8.56114
2.13191
-2.36354
7.58977
-2.44292
-5.22493
4.07311
-4.86228
3.91307
-5.9397
4.35517
2.52864
-7.22111
-3.3299
4.87262
5.01312
-2.51042
-5.53561
-7.68345
-4.38227
-2.82263
-6.62967
-3.21264
2.30539
3.16884
-3.66005
-2.76802
7.3701
3.84757
3.14591
1.73401
3.42622
1.13506
2.12632
-4.48015
-3.13642
-2.08165
-5.78967
-1.99264
2.9441
-2.7816
-5.32645
5.39524
4.8113
-2.81546
-1.99893
1.19789
3.39172
1.48727
4.53036
5.64516
4.26272
1.74574
-6.15395
4.53657
4.01393
1.4116
-3.7226
-4.61684
-3.71761
-1.98381
3.00208
-2.59115
-3.52703
-4.06531
5.1736
0.724527
3.33967
-2.59511
0.978829
-5.65856
-3.00132
-4.61536
-0.648315
-1.12113
2.10325
4.16457
1.01606
4.02595
-2.1551
9.92621
-4.10797
2.32019
-2.96275
5.05522
-6.0392
2.6718
7.70389
4.13996
-4.38047
-6.38213
-3.42863
0.896858
-1.97258
7.78203
5.01576
-2.86596
-6.26092
-0.892455
2.75372
-3.69631
-3.97261
4.66291
5.91716
-3.25446
-2.10307
3.2915
4.26909
4.77976
-5.96728
0.482671
-1.76906
-3.76097
-2.23172
2.804
-4.18603
-5.20249
4.46058
4.05137
5.02348
4.6618
-5.53581
5.17901
-3.54225
-1.71525
-0.989941
5.77008
4.78481
-1.84352
3.74933
-4.48084
-6.31825
2.77274
2.47552
2.14807
-2.63714
3.27455
3.28043
1.9085
-3.5205
-6.66181
1.54096
-1.68613
-2.92903
-5.67127
1.81625
-1.13536
-5.38141
-4.12361
-1.85266
-2.67343
-8.93616
-2.74765
-6.08344
4.85258
-2.66226
-2.78322
0.633499
1.57951
-1.79405
-4.22461
-3.29617
-2.02
0.904768
2.19239
3.50927
-1.16363
1.83688
4.51223
-2.14521
6.51677
1.58463
-0.933034
5.20941
-0.66579
4.04898
-5.05561
-1.71973
-2.84381
6.31397
-5.07776
-1.88152
1.37598
-1.71536
3.41897
-5.66598
4.94013
3.135
4.07689
-4.35353
-1.43289
-2.63328
1.06584
3.27828
1.19852
2.50864
4.92719
2.62818
-0.387377
0.969079
1.99691
-1.78586
3.31424
-5.38724
-3.02128
-2.49976
-1.24609
-2.81107
-1.33165
-3.94577
7.80051
2.57128
-4.46027
5.08055
3.36935
-3.04405
3.67211
1.91864
3.86509
-1.57882
-2.36893
4.1728
-2.81592
-6.34409
-1.70972
-7.31833
-4.18648
-2.39412
2.44386
-5.05346
5.08554
2.33869
7.29368
2.28664
2.30185
3.75573
-3.63181
-1.56713
-2.34218
1.99613
-2.8913
-6.57443
2.29083
4.34588
-5.51541
-0.585184
-1.18019
5.29831
-3.14894
1.50188
7.4347
5.53857
7.25519
-2.68374
2.91301
-3.26319
-2.97486
-4.14187
-2.70532
-3.88006
1.35356
-2.14847
6.02794
4.34978
2.02774
3.16969
-2.04236
-3.61072
-3.51525
-4.96361
3.65256
-1.50353
5.81237
-7.07095
2.01636
1.68396
2.64724
-6.08659
1.18166
-1.93423
5.12081
-3.72831
-2.27897
-7.76237
-1.06243
-1.38741
2.57239
5.94604
4.16423
-3.71915
-5.34938
6.52357
2.39606
3.25993
1.69774
2.41678
-5.44664
-7.7175
-6.15427
-4.14288
3.9003
1.75393
-7.27925
4.0494
1.83038
-7.41223
-2.78635
-4.50488
-4.95303
-2.01087
-3.49278
1.81685
1.19837
-1.74259
7.14424
-10.4946
-3.5899
-9.80121
1.65293
4.96968
-5.75533
-2.87418
-3.93127
-4.62103
-3.24236
-3.03148
-1.45474
3.11999
3.67595
-2.16126
-3.46836
3.52121
-7.69084
-3.14309
-5.20235
2.76672
5.50424
2.35419
1.01579
3.94824
-3.44773
3.22254
-2.06854
-4.03313
-6.60746
-1.96177
-4.80318
-0.386442
-3.15193
2.69074
-13.0394
-2.11014
-3.8303
6.66014
-4.40885
-1.973
4.09561
-3.10008
-5.13949
-5.37977
-1.28721
8.55659
-6.23101
-3.04305
1.20967
-2.96405
5.63191
6.62143
5.03063
2.56262
0.930132
2.21776
3.12854
3.78199
0.958186
3.19698
-3.45281
8.37664
-2.92836
-4.51998
-3.97576
-2.44279
-4.80083
2.86059
1.4748
3.46062
-3.01284
-2.75413
-3.62546
-0.805617
2.93998
-3.25672
-1.11783
-7.06623
-3.6589
4.59032
4.74241
-2.71227
2.9417
3.64978
7.92555
-2.1407
-4.05005
-0.951013
4.54605
-2.75343
-8.01254
-3.38029
4.61247
9.32056
2.66158
5.54262
-4.57736
2.78615
5.06572
-1.97155
-3.84584
3.011
-3.0802
2.425
2.78903
-4.2342
-4.39721
-3.32996
-2.87904
-3.66326
-1.05785
3.81738
-3.11744
1.74454
8.83113
-3.8917
-2.6965
2.2124
4.22111
0.665146
-3.40157
-3.27374
4.64075
6.6908
3.56943
-2.20832
2.5406
-2.80807
-2.65954
2.33418
-8.75287
-3.9116
-2.97481
-7.99268
4.73726
7.95625
-1.67964
1.70316
3.44951
3.02718
3.18997
3.48506
3.06391
1.91011
2.76957
4.92363
3.04399
-5.48333
4.57555
-2.92369
-3.0904
4.04118
-2.33159
2.46408
-2.82899
-1.92349
-2.25464
1.65113
-4.18128
-3.41542
1.73102
-7.45582
2.25968
-3.04023
9.71839
4.50568
3.00224
-3.59256
-2.93838
2.12873
4.81895
5.99235
-2.45769
0.710698
-2.97788
-3.04972
-3.72816
5.92432
-2.94873
0.690635
-10.0417
-4.72744
-3.61603
-3.52071
4.04884
-1.2012
-3.12805
3.62202
-1.90667
-4.17845
-1.43237
-4.83268
-2.33278
6.16439
3.89637
-4.52888
-7.8067
-2.04545
-4.38355
-6.26622
0.900363
2.62313
2.9246
5.51743
-3.46357
3.40896
-5.6978
-2.21473
-2.01137
-4.37299
-4.15222
3.29345
2.25552
-6.65774
3.38049
2.7688
-3.48304
-3.68926
-1.89202
-4.48772
2.19058
4.19027
-4.86692
-3.28985
3.50793
1.64699
-4.92318
0.451947
-1.27971
2.63273
2.29165
7.122
4.73492
-4.55567
2.78728
-4.25393
5.8058
5.47775
-1.77402
-4.40516
1.10958
3.66477
2.64859
6.85658
1.6907
2.65258
4.9073
-2.75843
2.56082
-0.920458
-3.55773
1.62124
-6.13578
-4.08066
-1.95202
3.29766
3.75373
-3.54135
4.32058
-8.41404
-3.4177
4.68994
-3.43603
-4.65713
-4.36111
-2.50251
6.47669
5.48139
6.48078
-3.40076
6.19985
2.23203
-1.42714
-8.94284
-4.12206
-2.04224
3.49251
2.62093
-7.12165
-7.11798
3.14508
-4.09038
-7.31246
3.18945
-3.82167
4.45401
3.33758
3.68818
-1.05755
2.37277
4.05941
-4.78637
0.908986
4.39425
2.47702
2.68681
3.93031
-4.64816
3.86284
6.10368
-6.52497
-1.09634
1.693
3.33484
8.31118
-1.10084
-4.85187
-1.13776
-1.2522
-0.913762
-5.04539
-7.58108
4.06512
3.65726
6.16529
3.00507
-8.67856
-1.96906
-5.63928
5.6189
2.21922
4.86281
-2.50314
1.6356
2.87331
2.86471
-3.65762
5.57351
9.37601
1.06616
2.44277
2.87545
-8.06922
-1.10146
-6.56282
-2.14633
-8.44126
-2.06525
1.8301
3.87233
3.32493
3.91171
2.83899
2.69428
-2.33535
-1.89775
-4.49152
-3.22735
2.12157
4.95021
-2.47943
-5.3457
3.20818
4.22684
-5.38766
-7.04804
1.96642
-3.21175
-5.89148
6.38951
3.69439
-5.01726
3.18528
-6.98376
-1.41823
-4.23355
-3.33247
2.70297
-2.70472
-3.9935
2.33784
-2.29808
-2.20108
-3.46233
2.1895
-1.8194
3.30116
5.65699
6.37362
3.73332
-1.93512
-4.83219
4.68819
-2.91232
3.07081
-2.75092
2.16081
6.81111
-2.16134
-1.79734
-5.59683
4.22937
-10.5538
-4.8135
2.3958
1.86443
1.41317
-2.79084
1.57012
2.60515
3.11733
3.75266
-1.58463
-1.92099
3.68901
3.64469
4.27851
-4.98085
-1.92959
-1.69479
3.9061
2.00062
-4.87906
-1.56887
-2.45183
-2.72971
1.84288
-2.31794
-1.18525
3.51322
3.29915
-3.42723
2.30336
-5.21975
-2.47442
2.41378
-3.5002
-2.97982
-1.57031
-6.08044
-2.32738
2.211
-1.57668
-4.84519
-5.04522
-3.48277
4.72605
-4.39693
-0.796203
4.8224
-3.90366
1.7609
1.85588
-2.14368
1.83425
-1.63818
-3.08198
-4.23901
3.19585
-7.96202
-2.35499
-5.06071
1.97106
-1.17809
1.21956
10.4299
-2.00948
0.592414
-6.03113
-2.42887
5.31263
-5.68299
3.51831
0.902447
-3.14021
-2.99935
-2.94455
-2.76475
3.96625
5.35609
2.67362
0.924413
3.10595
8.82849
3.42755
2.73505
9.74982
-2.56834
2.82489
-1.88272
3.0324
7.9205
1.16165
3.26348
-1.16607
-6.75197
2.28457
-1.73804
-3.17622
4.01468
2.58516
1.16287
-1.60465
3.37324
3.49525
-2.53501
3.81768
-1.66906
3.63058
5.17089
6.34062
4.36213
-6.52503
4.67993
-5.16496
3.5201
1.55
-7.14063
-2.49801
-2.74013
3.33421
2.0048
3.05956
3.30142
1.25715
4.17525
-3.14075
2.33021
2.9983
-0.997428
-3.32807
-1.76193
7.15124
4.3158
14.1497
5.66055
2.42615
-3.08998
-3.6252
5.16642
3.67485
-3.586
8.42336
5.176
-2.57859
-1.81864
4.78959
5.27553
-1.85565
4.84692
3.28524
2.32913
-6.24066
-3.54082
-3.40428
-2.18007
-1.83971
-4.8988
-4.96291
2.12605
2.97187
-0.869127
-2.26107
1.56223
5.21219
-2.09624
3.20804
5.01129
-0.884557
5.52583
-3.41384
5.01799
-5.18571
-5.31642
-3.33413
3.67865
-4.99607
4.51217
-3.8288
1.38669
-2.34197
-2.90476
7.33445
2.54224
-1.82634
10.3387
7.13789
-4.33025
-3.40039
-7.63717
-0.352385
1.96563
-7.38948
-4.57128
-1.93286
-5.23351
-4.90576
4.50321
-1.12702
-2.63049
-0.948155
-1.49255
8.25333
-5.25832
9.7826
2.57163
-4.16906
5.53977
1.49072
10.2238
-1.12404
-3.31641
2.61436
3.32755
3.36217
-3.85271
-4.55911
-1.48664
-5.30809
-3.72407
5.47235
-6.4873
-3.18934
1.10545
-2.5458
-4.78135
4.19806
4.62555
0.52562
2.59643
-4.30034
-2.0102
-4.11399
-2.98351
4.93499
-4.5961
3.31344
1.91257
2.26962
5.69682
-2.6041
-5.88798
-5.93959
3.53579
-2.3774
-3.87293
-7.24156
3.55261
2.67192
-5.04651
4.7459
-3.83911
-4.54249
4.47351
3.60008
-3.04062
-1.91468
-1.50902
2.45983
1.98435
4.45327
-4.77115
3.20519
-2.73139
2.39203
0.978164
-5.48101
12.1949
3.7758
1.48743
-3.92217
-5.17025
-7.09692
2.60288
4.41324
-6.4144
-2.61133
2.55201
-3.25426
3.45072
6.47708
-1.91677
2.13876
-3.93544
-5.30787
-2.14788
4.14029
-2.97239
-3.11543
-1.73799
-6.54829
-4.05546
5.91371
-2.45106
-3.20896
-3.69463
1.02236
3.80617
-3.37188
4.50797
-2.48201
2.31254
-4.09754
-4.57112
-3.62053
-3.04021
2.09622
-2.69388
-2.10169
-4.01183
0.899809
-1.85471
-5.54371
3.50205
3.69841
-2.21742
-3.8265
4.8073
-3.9588
-1.46883
-5.79345
4.95952
-0.685948
3.07286
-9.00028
-3.30332
3.21278
-0.527688
-4.8249
1.81177
-3.36472
2.97833
-6.41671
-4.33503
3.02128
5.14741
3.43507
-0.916836
-5.90026
2.65469
2.86029
2.15278
1.50818
7.78488
4.16517
4.04789
-1.26451
3.35213
4.2971
-1.75694
-1.17609
-4.49966
-1.48209
2.26113
2.57285
6.60267
-6.18873
-2.49666
-3.8863
-7.78575
5.65803
-2.63175
-1.61941
2.76782
-2.79676
-3.26501
-2.56448
4.13713
-1.48244
2.01864
-1.37643
-7.72488
1.36685
-6.05345
-3.09807
-1.78141
4.23334
-2.54498
2.21364
4.69346
-6.28318
-4.25372
1.52323
6.9208
11.5408
3.25116
-2.66525
8.25252
-4.7943
2.52115
10.6306
4.19094
-1.9664
3.92392
-5.50372
-4.20778
3.36867
6.03709
6.443
6.20807
5.3872
-10.2254
5.65271
3.51919
3.58458
3.13134
-2.01555
7.22191
-2.15746
3.31319
-3.34505
-3.47575
-3.29058
4.23572
-3.34863
3.30588
3.35573
-4.92639
-2.75683
2.83402
9.00903
2.16435
-4.93447
-2.60699
6.694
-4.25014
-1.79265
-2.43419
-4.16558
-1.66714
3.44096
-4.15563
1.75049
-0.515613
-3.15132
0.493409
-7.3982
4.92607
5.18349
1.49934
-2.18468
-2.86908
2.89048
3.06014
3.1744
-2.43836
3.52224
-4.91328
-1.6601
-1.83238
4.62772
-3.16868
-8.45418
5.52656
3.50417
3.79063
-2.42386
1.6454
-8.24835
2.96798
-4.60673
4.4095
2.68229
2.16431
-1.69728
-5.22236
-2.11371
4.20016
3.94493
-2.17848
3.4559
-2.88633
3.17691
1.89989
-6.54367
-4.91816
-3.59867
5.63874
2.95427
-2.67939
-3.39166
12.9155
-7.50807
2.392
-3.10559
-5.00672
8.98367
4.49138
3.18879
0.740238
1.98561
5.89466
3.78808
3.66501
2.05286
-1.7169
0.996555
0.390305
4.56619
-3.79951
-2.4565
-0.788516
-1.34203
-5.4502
2.58538
-2.46073
-4.64121
4.0208
-1.74355
1.23586
-4.5581
12.0694
-2.59408
6.25329
4.28884
1.37789
3.00582
6.18589
3.18046
5.02677
7.62034
8.01595
4.56796
2.34039
3.84733
-1.31146
3.08924
5.45413
0.91644
-3.56404
-4.02968
2.90882
-4.50873
-3.32586
-1.06385
6.17331
-8.01265
-5.80135
-5.67071
5.52126
-0.622187
-5.52489
6.05358
-5.31244
3.19977
3.23107
-4.47118
3.65003
2.18824
4.26087
-5.54099
7.8931
-6.67789
-3.24939
-3.7423
7.96974
-1.68784
4.71085
4.65468
-3.18375
-2.42166
8.89074
-1.58851
3.12205
4.28209
-2.41123
5.61206
3.84146
-2.32895
4.0821
-2.59616
2.4513
3.94095
1.68889
-6.02972
7.75735
-2.12189
0.838213
-2.92038
-3.22937
-3.23968
-4.1653
5.03429
1.60378
4.58375
-4.33761
-2.49729
2.05034
1.5703
6.00853
4.31041
6.45306
6.65188
6.30189
-8.55229
-2.51974
-7.57938
-6.89111
3.65097
-3.38887
-3.51672
4.84849
4.4818
8.98628
-3.91396
-0.954926
-0.878081
5.14574
3.67017
-5.64991
1.41189
1.60202
2.85251
-7.42858
-4.1176
-3.56996
3.71698
5.22832
3.05034
3.30375
-2.13149
-6.33317
2.10695
6.04449
-1.21424
-1.51002
-2.74564
-2.28101
0.695786
3.25011
-2.06505
2.40345
-5.23119
-0.583621
-5.84457
5.65096
-3.24193
-0.93148
-2.92146
4.42358
4.47994
-5.46767
2.29201
2.1502
4.48399
-2.17863
-1.2914
-2.09976
2.43585
-3.17798
-9.44596
-2.19272
10.6725
-2.35691
3.37945
2.23371
5.3167
-3.93955
5.46475
2.82817
-6.73243
5.69861
2.41299
-3.20688
3.4831
4.07571
5.72013
4.37451
3.26637
3.7661
-2.79533
5.32258
-3.29004
-0.725659
-7.7389
-3.51832
-6.70663
1.63849
5.48524
4.66376
4.09005
1.46363
5.54618
2.53564
1.59086
7.56384
3.13854
4.24895
-1.00898
-4.4559
-3.0832
-5.09488
-1.25001
5.32552
-0.908004
-2.2304
-1.94292
3.60131
3.82577
-4.24104
-4.24441
6.03762
3.10789
4.50313
6.19965
1.85894
3.38097
-0.775683
-4.63078
2.51698
-8.40858
-5.80979
-6.54571
-0.326641
2.76411
1.56749
-5.28503
-3.61721
2.34969
1.15424
-1.78415
1.81449
3.64376
5.1604
-2.99326
4.85825
-5.77872
-3.87417
-5.95937
3.09832
-4.5351
3.56497
-6.61482
2.14976
-3.44819
4.18532
-1.83535
-3.63753
2.35345
1.45554
-1.32655
5.07746
5.72823
2.50388
5.14011
0.549188
1.89288
-4.72126
-8.13123
-5.77568
-6.47688
-5.35132
3.03806
-4.01009
3.4458
1.66653
-2.58053
2.55832
-4.43675
-2.61258
-7.23561
5.51886
2.20736
4.46368
-8.70584
4.6274
7.39023
2.24469
-4.31267
-3.5831
-4.05661
-3.4412
-3.97442
-3.52941
-2.44734
1.29127
1.8227
-3.01379
-6.40687
-2.45
2.2316
-4.20361
3.92406
3.60495
-2.29197
-2.16709
-3.87693
2.09899
2.96362
4.80083
-4.70717
3.09952
5.87909
-3.79
-2.21134
4.65609
3.06765
13.0931
-5.98921
7.38559
8.30236
5.19372
3.51007
-5.12073
2.51826
1.77866
2.68489
-2.95174
-2.56723
3.9685
2.8213
-0.739837
-2.55246
-3.64081
-1.87549
1.65362
-3.6715
-4.79896
4.36608
4.21337
-5.88583
-7.76399
-4.46706
-4.65862
4.73602
4.41154
1.8449
-0.552928
4.49524
4.26924
1.89664
-4.55428
3.29143
6.0717
-5.81029
1.45523
-5.59353
-1.53383
-1.5147
-0.914279
-2.13912
-3.49943
-1.52771
3.60041
3.04139
-9.77324
1.14599
-2.19568
6.1111
-1.07318
-3.90144
-4.71406
-3.41978
-1.21658
-3.99512
-4.98915
4.45329
1.90393
-2.34605
2.81684
6.50454
4.36075
-4.89549
4.73608
7.05596
-1.89917
-2.91516
1.84934
-3.48459
10.2211
-3.05938
2.75397
-6.28431
-6.75534
2.39309
1.00251
0.779804
3.02278
-1.999
-6.023
2.43873
-5.86137
-5.32072
3.0009
6.70935
1.79196
-1.7292
-4.18987
-2.05496
-4.44107
-2.78803
-4.37461
-3.2435
-0.836091
1.62564
-3.13603
-3.62091
-4.74708
-3.54771
-7.39739
-5.57223
2.84154
3.60196
4.08592
-2.97587
-1.5298
5.70014
-4.17228
-4.3236
-1.53766
2.8937
2.03834
4.54498
4.36832
-1.12266
4.9759
2.50758
11.6785
-1.48929
3.38484
-2.95366
4.20883
-1.23114
-1.63383
1.91516
-7.12893
-4.15431
-2.29662
2.684
3.05036
-5.33698
3.50541
-3.05292
4.42922
3.50414
2.66628
3.28673
3.37211
-6.85894
-3.19516
-5.1969
-3.74912
1.27911
3.06989
-3.12077
-5.29822
-4.6844
7.35771
-3.34307
5.01897
5.33539
6.35369
2.21091
3.69601
5.52046
3.58352
1.48422
-4.10467
-2.67946
0.626501
4.44219
3.12971
-2.01422
-5.94504
1.71237
-2.45486
-0.284942
-3.31083
4.0891
2.5626
2.69224
2.19138
1.80804
4.9366
-4.05202
1.46364
-4.47052
-2.31731
0.864771
4.44348
6.04791
-4.0977
3.03065
1.52712
-5.07332
-1.76171
-2.13422
-2.01801
4.04807
5.07455
-2.87467
2.00829
-3.06232
6.19317
6.09582
2.4219
-4.03994
-2.69814
-3.55163
-5.48621
1.26635
-3.80295
-5.64392
4.19016
1.84451
-6.06335
-2.82528
3.08809
-9.37665
3.28349
3.43678
-1.85597
4.3258
-1.88258
2.09837
-3.22398
-1.5503
-8.64812
-3.74202
-3.13226
1.66861
-5.702
-3.06199
2.65215
2.38616
-3.03078
-5.6021
5.91935
-1.88667
5.80154
2.76223
-6.05091
-2.09646
9.13975
-3.85011
-2.06146
2.82253
-3.52234
-5.03886
-1.86316
-3.55281
-1.13271
2.18972
-6.9256
4.08799
-3.45888
4.97817
-2.83247
-2.2745
-2.09153
-1.28714
4.2063
3.70896
-2.07819
3.75151
-1.43016
-3.94422
-3.09463
-3.02282
1.3796
-0.466767
-4.05645
3.17579
6.55027
4.03184
-2.96749
3.52624
1.63097
-3.51037
-2.8529
2.48291
-2.02417
-7.50728
7.56534
4.75956
4.78465
-4.63531
2.08226
-1.70476
5.4482
2.17582
-1.7721
-7.34067
4.08831
-4.21276
4.446
-3.39142
-2.17691
-3.0844
4.38313
0.957484
2.58245
-2.50755
-1.03202
2.87866
5.70192
-3.38708
-1.72675
5.8949
2.84807
-3.5236
-2.35976
10.7626
3.58321
-1.8079
4.77949
1.59859
-7.26197
3.17364
-3.84809
-4.43358
3.38971
-5.49584
3.92008
7.38905
-6.70418
-2.13611
-5.45226
-2.26387
-3.82609
8.82278
-6.36731
-3.57916
-2.10474
6.64785
-4.8884
3.74883
5.2956
-0.902528
1.91409
-5.38273
-2.62929
2.02874
-2.07686
-7.23314
-2.23114
5.28995
4.69873
-5.99494
-2.44091
1.98595
8.38924
3.01437
1.26422
1.5499
1.65613
-5.3944
-2.75173
6.30025
4.10228
-4.61191
2.67027
-2.70555
-5.35768
3.69828
-2.41832
2.36707
-5.60355
-3.72389
4.47493
6.16363
-2.63373
7.18987
-0.938176
-4.23275
4.16993
-4.51267
-2.29882
-3.09829
-3.92195
2.20304
-4.3347
3.65609
-2.33116
-4.94542
-2.42122
2.12579
-7.95929
3.97013
4.64505
3.24928
-1.23694
1.47762
5.53134
-1.84146
-0.480595
-9.56708
-1.32241
-8.19898
-4.00764
-7.37961
2.41104
-4.03933
4.48201
-3.74779
-10.5257
-4.82554
1.52517
4.76559
3.17913
-2.07079
3.59208
-3.52263
-1.46772
-3.50896
-4.78569
-5.79715
1.81457
-5.08738
2.767
-1.38917
-6.40006
-3.5405
1.79778
-3.08136
-6.55109
-5.13043
-5.82247
1.07171
-1.1877
-1.60211
-4.54114
3.33623
-2.395
-2.9413
1.22608
-1.63962
3.17848
5.27877
5.73036
2.35458
3.10502
1.992
3.0777
-1.93115
-2.23394
7.6493
-3.35559
3.77049
4.33457
-5.64615
2.6572
-0.812479
3.95173
1.62188
7.33503
-2.98045
5.06001
1.47435
-3.58171
-2.09647
4.00667
7.2077
-2.33529
-2.6954
-2.79324
3.03683
-4.84538
3.28274
-4.43027
5.28639
2.52327
3.89395
1.36411
-1.62939
1.70023
2.94065
-2.26784
-2.25251
6.58253
-3.22266
3.4257
-2.68549
-2.864
-7.23888
-2.71236
-4.6106
-5.37331
6.64499
-4.36234
-4.33725
-4.02033
6.81502
6.28705
-2.56825
1.91313
-5.86477
-3.37336
-3.85488
-5.75421
-1.87047
-1.88289
4.09334
-6.64855
3.70642
-1.27403
-5.76775
-4.35375
5.28986
1.10857
-2.73914
-3.33919
-5.7734
3.95333
-1.30888
7.09072
-2.28973
-4.01727
3.5842
4.27214
-3.41964
-2.72162
-5.98693
-8.22143
3.46631
-2.94086
-2.96661
3.18089
5.08739
4.24495
2.10777
4.68738
1.40502
2.98432
-1.79892
2.87362
7.33954
-3.77311
4.83325
3.89947
3.29651
5.33943
2.36269
-4.39653
4.98361
-3.24763
2.91623
5.02939
-1.84321
2.65155
2.74372
-4.35759
1.2381
3.35135
-2.65517
-2.06381
-4.6344
-7.02794
-1.62103
3.16802
1.58014
-1.87659
-2.799
2.39365
-0.569442
9.61083
2.94996
3.66856
2.23626
-4.07725
1.19857
0.475804
-3.49427
2.707
2.35918
-2.6359
-6.50022
1.45944
-3.17657
-5.25193
-3.4101
1.0627
2.13008
-3.96168
3.26275
1.43383
-2.51402
4.19908
3.2169
-2.44312
2.71886
1.55026
-2.88739
-3.0648
-3.63892
-2.33937
-4.45889
5.90681
-6.29123
2.08209
-2.83916
-4.71271
-2.47277
4.98006
-3.43455
3.28742
1.03177
2.02445
6.53069
-4.31956
-1.68354
0.894229
6.94417
-6.94095
-4.24663
-3.75245
1.76163
2.38271
5.48443
-4.53849
-4.75901
1.77892
-5.44032
-2.10458
5.01607
7.84115
-4.10141
2.95986
-3.46656
-5.80443
5.17217
2.40007
2.34209
-6.45228
2.37411
-2.28105
-4.75212
-4.59498
6.50473
-1.04515
6.2428
2.61424
-2.44001
-3.86768
-4.56128
-1.53264
3.15271
5.79856
4.5776
3.11909
2.00697
5.40186
5.99567
2.53661
5.12021
-3.17751
-8.65671
5.12973
-2.30078
-2.49982
5.48708
-2.90824
-1.6676
-2.33394
3.98051
-3.5881
-6.67266
-2.72458
2.22285
-2.51997
2.30989
2.81914
2.3107
-3.3001
3.07072
5.56187
-3.31368
-3.93238
-3.01699
-1.87195
2.18823
-5.04536
-3.44861
5.63557
7.88984
-3.71004
2.70601
2.37079
-1.35657
-2.29726
-2.29823
3.12451
1.1566
-7.20788
3.87602
5.46767
2.68919
-4.70014
-2.85184
12.3955
-3.15964
-8.45902
-3.31381
5.3668
-2.72006
-5.73202
-2.26501
1.46267
-3.59298
-9.86584
3.60619
3.46203
-8.81499
1.77952
5.95866
-5.09335
1.58087
-1.91986
-4.61658
-2.81592
-3.69948
-2.20834
1.81065
-7.24629
-5.68519
-0.895576
-1.41021
-2.60704
-2.33102
-0.939479
-4.47259
2.9133
6.35749
2.66757
1.98894
5.57895
1.24515
1.78674
-6.84426
8.02324
-4.74769
7.10829
-2.63202
-3.14369
-2.19831
6.70663
2.68247
-5.72256
1.44081
-2.38033
-2.81884
4.3112
6.51558
5.49006
-3.88513
1.49476
-3.98983
3.73835
-6.84121
-6.42891
-2.6459
8.4317
4.92646
-5.52014
-3.1503
7.54846
3.23317
2.7302
-4.03383
-2.8327
-2.61827
-1.54434
6.63281
-3.74536
-4.37248
-2.11841
-1.57923
7.10071
2.15384
5.98675
2.73031
-3.71332
0.980534
3.33926
-4.08174
3.44582
-4.10576
4.94788
2.432
-0.78514
1.20884
2.41899
3.80319
5.46805
-4.02121
3.59453
5.98878
4.07982
-4.26554
-5.68139
-1.59571
5.08408
3.52345
3.06881
3.7757
3.75166
-4.10255
4.49455
-1.46779
-5.587
2.26541
-1.23981
3.48893
5.36425
4.58881
3.63129
-5.85709
-2.63313
2.45444
-4.59797
8.41756
0.700318
-2.84966
-2.37615
-5.53306
-2.17
-4.54022
9.86209
-0.486149
-3.21214
-3.6421
2.65979
-4.76691
4.45042
-3.5943
-2.88511
5.75846
4.0489
-3.62361
-3.00465
-3.03967
1.75733
-3.99318
2.81023
4.24519
-6.39356
-7.70542
-1.364
4.12945
6.20854
3.22811
-2.73051
4.55176
-7.48658
-3.37559
5.2953
-6.28617
-3.49673
-5.06956
-5.68419
-5.96222
-2.27282
4.88965
-2.96453
-8.38833
4.84067
5.02131
-5.10258
-3.24179
-9.42211
2.03197
1.17538
-3.04645
4.05998
2.93912
-2.81182
-2.12226
3.0695
0.562403
5.37673
2.07621
-5.49852
4.19761
5.03293
2.2481
8.26771
4.75913
-0.773033
-5.54647
5.365
-4.70832
4.11295
3.74594
-1.6472
2.50724
-5.37566
-2.14845
-3.38856
1.89315
-3.69413
-4.77126
-1.77665
6.73126
1.9839
-8.85114
4.62247
-7.26242
-2.67266
2.13619
2.79143
1.91315
3.28848
1.66405
-6.29002
3.49973
-3.6131
-4.2427
-5.64832
-6.17346
-3.71801
5.82382
-6.23831
-1.25684
4.09875
7.07937
-1.10101
1.83324
1.73094
1.79611
-5.43566
1.13995
-4.63979
-5.13206
-2.30202
-3.16435
-3.04157
2.0113
3.00207
7.02727
-0.927493
-1.87253
5.5594
-3.80862
1.53988
-8.18087
-2.0051
-4.02012
2.17907
-3.06191
-3.96675
-0.731692
-7.80325
-2.73658
-5.27108
2.08591
-3.31945
-5.19284
-4.28322
3.30168
3.36427
7.20455
3.04726
-3.00755
6.88834
3.83019
-2.92337
-7.98014
6.02256
2.24765
3.38837
-2.05944
0.962906
-5.61206
-3.46024
4.04647
-1.113
4.47691
-1.66898
3.75804
-0.366667
2.4553
-3.24356
-1.84802
5.49528
-3.36981
-2.16581
-1.28822
-3.32127
-3.20887
4.79673
-3.06514
-3.76532
-0.78725
-3.58273
-1.61178
-2.36691
-6.50625
4.0539
-5.45353
-0.662125
4.20989
2.12379
6.06758
3.61707
-2.96073
2.64945
3.11348
-3.10997
-5.95455
-3.86474
-3.14774
-6.18478
2.08883
8.49182
8.97515
4.23385
-2.50793
3.47274
-4.70771
-4.43807
-3.15571
-4.89362
4.24558
-5.58026
-2.30913
-6.117
2.80366
4.15102
2.73869
-2.48286
2.48676
2.56745
4.8538
4.14899
6.5471
3.43357
-1.25898
-2.04929
-3.36703
10.1264
-3.96682
1.61705
-2.4545
2.80269
5.00192
-0.318416
-4.81635
2.87335
4.14296
-3.60889
-7.47927
-2.07901
-4.62507
-1.00706
-4.035
-3.44133
4.53235
2.09578
-2.02729
2.31527
3.6761
4.32899
10.0023
-5.5001
-2.39926
-4.5843
1.49974
-4.16602
5.07478
-8.36544
8.3403
-5.82551
-6.17183
-4.09785
-7.3613
-3.67773
2.54391
2.80952
-6.46791
-2.7462
-4.51136
-6.05576
6.20767
-1.59215
-3.80253
-3.68535
2.39979
-2.89214
-1.79036
-6.7477
-12.024
3.20392
-0.704528
-4.1804
3.93719
5.45729
5.05947
1.61389
-6.08363
-1.02437
3.21916
2.15672
-1.40004
3.49184
-1.2203
-3.29383
2.46369
5.32818
-7.33155
-2.20999
-0.616206
-2.87574
6.30162
7.40037
-2.96769
4.87743
2.99785
3.3436
0.910656
2.0627
-4.23779
-2.03517
3.26995
4.78984
2.95884
2.27757
0.99824
-4.6592
5.66056
0.544533
4.21596
-2.42884
2.43533
3.22507
5.26166
-5.26515
-6.61455
4.67431
-2.76755
-1.88635
2.86754
2.3957
1.36378
3.54967
-2.75794
-2.76703
-6.44363
8.47995
-3.56862
-5.88057
-1.60602
-2.08026
3.44834
-3.42137
4.12687
5.80863
-1.55996
3.16746
1.58411
-0.530277
6.82094
-3.36277
-5.1239
-8.35568
-2.42697
4.30627
4.41463
5.10911
2.25357
2.06092
-2.22632
-3.04858
1.27017
7.46773
-2.5473
-0.83924
-4.8064
4.95976
-2.41406
3.03979
5.22306
8.14737
2.53938
4.02143
-3.40855
4.46099
2.13617
4.11469
-3.05474
-4.48854
3.78963
6.03103
-4.40099
-6.85883
2.14374
5.55437
1.4223
5.79467
7.06137
7.15262
-7.13424
3.05704
-3.67241
3.44575
4.79327
-9.86461
1.53878
-1.44187
-1.96403
2.8637
4.563
4.33815
-1.65026
5.71271
-2.63506
-5.25261
-4.99387
4.17213
2.40597
0.693008
3.76101
-2.48023
3.31617
5.56407
-2.43316
4.165
3.6094
-4.51577
5.52222
-7.70692
2.33141
2.57991
2.63616
-10.778
-2.17517
-3.78323
2.01651
-13.4271
-3.0759
1.67976
4.33029
2.13229
2.41328
-3.43664
-2.5052
2.61739
-2.00298
1.2296
2.3061
4.70837
-0.866131
-4.57578
-1.81489
-2.78501
-1.94255
-3.12872
1.55823
-5.73132
3.3173
2.0172
1.83704
-2.38634
-3.77271
-2.01076
-4.78446
-3.56419
3.37352
7.48286
2.99881
-3.13754
-5.22174
-3.55677
1.557
1.53798
4.24943
2.5508
-3.26642
1.50232
-1.57163
6.37366
5.19125
2.10441
-3.41556
-6.06631
-5.9094
1.44164
-3.61677
-2.44064
-1.69961
3.10068
5.76523
-4.83289
3.21183
-4.72888
-1.6636
-1.40585
2.74857
-3.12576
4.39322
-3.19903
-3.87916
5.54887
-2.98411
3.43514
-4.88293
-2.72317
-3.87804
-0.849337
-6.66335
4.47578
1.68336
8.81407
2.02666
-2.48138
1.91713
1.14263
3.21408
-4.93311
1.30181
2.72693
5.46524
4.94409
-1.9014
3.60182
-3.32515
2.01752
2.90579
-6.27096
-6.07813
-6.66318
-5.10366
3.52666
-2.78995
5.53339
3.64927
-3.98661
-2.47926
3.9284
-3.45849
-2.67883
-2.67247
-4.85026
4.58835
-8.09451
-2.06921
-6.51
-4.37057
5.22432
-2.42658
2.58187
-5.51992
4.49399
-4.58883
8.91735
4.71717
4.24157
1.28271
1.58523
7.08625
-4.01321
1.80362
5.94271
10.4115
2.15434
-5.08038
6.00771
4.28204
-1.80868
-7.25994
-5.96481
-2.4324
4.20129
2.36087
-2.80495
1.91564
3.66685
-2.96485
4.07307
4.53198
4.80563
-3.9766
1.63545
2.57942
-6.54812
-2.22692
3.13202
4.45507
-0.435545
2.73003
4.21899
5.75924
-3.53825
1.27717
3.43101
-2.16411
9.33608
-2.60654
-2.54077
-2.39731
5.64549
1.26217
1.59201
4.77895
4.07354
1.30541
2.56195
-2.45896
3.24614
2.9124
-10.4676
-2.62672
3.15662
-1.46559
2.48377
-2.62185
8.87007
-4.3223
-8.0839
1.13655
4.47427
1.5608
-5.14028
3.86991
-3.44349
-4.5352
-3.21265
5.80938
2.10647
-4.91684
-3.69212
6.53558
4.43526
0.963968
-4.68853
-1.12636
3.8838
-5.3439
6.89614
-3.03579
-1.50074
-1.37431
3.55052
-2.96761
-3.2682
-6.43224
4.7429
4.54458
2.53261
4.21589
4.38288
-6.29869
-2.95997
-3.07386
-1.3919
-2.09236
-4.01605
4.66288
-5.28499
1.73629
5.2024
3.68872
1.93251
2.42843
-10.4684
6.77788
9.5404
-9.3151
-3.70957
4.94249
1.37904
-3.38055
1.38595
2.71183
-1.78274
-1.30466
-3.84562
-3.66687
-11.0307
-5.28569
4.93705
4.38099
2.69587
-6.66917
-2.412
0.765549
-4.89775
5.86987
-1.82065
-1.55385
-3.68413
-4.83853
-4.80344
-6.40555
-4.53789
-2.92286
-4.94578
-3.3627
6.26942
-2.3165
-5.56919
1.34229
-1.01505
-4.68851
2.15397
2.71509
-5.01554
-10.5391
-2.27867
-2.12737
3.73498
-2.25907
-3.94233
-4.62391
5.18609
-1.70257
3.04492
4.02048
1.8229
-2.56205
3.47222
-6.81514
-2.51616
3.19815
-1.37716
-4.04901
4.93904
4.24748
-1.14825
3.99329
4.83346
-0.702072
-5.18598
-1.38376
8.12274
3.35488
-4.1949
-5.81673
6.63986
1.2389
-3.64948
-6.44251
1.5964
-3.52219
1.01753
1.00858
5.33105
4.08871
-4.31094
-1.69519
3.80367
1.60288
-4.67983
-5.62246
1.74752
-1.27062
-3.69828
-5.66117
-3.93901
-1.54175
2.34976
-5.39172
-2.14155
-2.37963
3.24561
6.2996
9.51353
-3.73844
-0.58927
-2.55927
-5.74741
-1.3661
2.07308
2.15264
-4.11378
3.78158
2.83573
4.16444
-4.30557
-1.34141
7.26931
4.05031
3.59745
3.65569
-5.54676
2.62973
7.85476
-4.18248
-3.16585
-6.96352
-3.02634
-6.11457
-2.90581
3.51107
-3.70715
-4.14447
-2.65417
-3.73992
4.13784
-3.52999
4.69209
-2.02999
-5.46019
5.27855
1.17847
3.82559
3.46285
1.88173
-3.20132
4.57537
-3.72432
1.21811
2.67787
-3.03364
-4.5119
