1.95623
1.35626
-1.92573
0.918643
0.268139
-0.306
-1.27964
0.258571
-1.49997
-0.348312
1.04961
1.68541
0.000130841
1.82261
-0.730215
0.801133
-2.08448
0.0682906
-0.635867
-0.533733
-1.11919
0.44357
-0.88557
-1.27279
-0.444096
0.559489
0.202465
1.71562
0.117375
-0.266827
0.348489
-2.23475
-2.46128
-2.57555
-0.188809
0.0439448
2.19454
-0.869078
-2.13367
-0.639535
-1.20362
0.199466
-0.425606
-0.241831
-1.80106
1.08864
0.11766
-1.64382
-0.718194
1.1826
-0.483564
0.369639
0.717549
0.00137383
-0.147323
-0.216781
0.0592029
0.348993
2.65232
0.191892
0.789995
0.770576
-0.163832
-1.79375
0.162026
-0.870274
-0.709255
0.045731
-0.757276
0.565636
-0.718304
0.995647
-0.676813
0.813507
-0.658428
-0.543947
-1.8215
-0.679905
0.0816473
0.275838
-0.726234
0.0825361
-0.493501
1.07678
-0.953769
-1.01548
-1.47438
1.00663
-0.512438
-1.72355
1.26189
-0.28179
0.135442
0.79994
-1.61204
0.380819
-0.124581
-0.264188
0.191347
-0.335129
-1.77552
0.244292
-1.0698
-0.805884
0.854959
-1.70195
-0.746519
0.677102
0.236398
0.299849
-0.476024
-0.6269
-0.441367
-0.826733
0.428869
0.82931
-0.552664
-0.40175
0.831365
-1.86934
1.04224
0.186858
1.41537
-3.00961
2.18454
0.28205
-2.43843
0.540396
-2.94228
-0.913704
-1.20639
0.554422
1.20491
-0.846059
-0.680749
1.0214
-1.41594
-1.14399
1.52565
1.09142
-0.10434
-3.11643
0.182907
1.63656
0.230427
0.52309
-0.695706
-0.310369
-0.449302
0.715805
0.839917
0.0841957
-0.199162
-0.709211
0.230205
-0.0624382
-1.08598
-1.1977
-0.980336
-0.0801939
-1.46708
0.338659
0.100491
0.450988
0.41187
-0.585749
0.661588
-0.334582
-0.570042
0.0860802
-0.687146
0.758043
-0.259681
-1.09986
0.599631
-0.492477
0.276617
0.991942
-1.20135
-1.86133
-0.148369
0.641838
-0.10378
0.588455
0.862713
0.612154
-0.405226
-0.377372
-0.121899
0.367022
-2.60935
-0.23062
-0.945601
-0.144944
-0.529287
-0.552541
1.81854
-0.505941
0.512827
0.58002
1.87161
-0.772955
-0.609519
-1.33684
-2.30705
0.0326993
1.29092
0.578051
0.00737291
-1.74584
-0.363959
-0.375568
-0.132411
0.13041
-0.0190964
-0.663731
0.386188
1.53611
-1.28832
-2.79344
-0.6187
1.18705
1.01923
-0.106086
-0.136443
-0.621827
2.6331
-0.503615
0.0578242
0.727028
-0.29187
0.0521588
-0.0471394
-0.670538
0.259908
-0.113426
-0.278627
1.94861
-1.29348
-0.433402
0.0301761
1.28789
0.160822
-0.380555
-0.265678
0.259088
-0.467346
-1.25001
-0.520621
1.07974
0.293405
-1.29695
1.16152
-0.180755
0.669727
0.953153
-0.267572
-0.033259
-0.21699
-0.568016
-0.577843
1.16159
1.01716
0.324332
-0.475208
0.292221
1.03737
1.26695
0.867284
0.644878
-1.82827
0.0154154
0.439748
-0.996078
-1.29928
-0.28096
-0.0269649
0.833298
-0.0830639
0.370655
-0.41366
-0.734256
0.0323609
-2.24788
0.0222752
-0.295241
-0.807728
-0.226597
-0.178523
0.383415
0.813165
-0.165488
0.0154906
-0.0233617
-0.32076
0.450806
2.64961
-1.38578
0.676113
0.209011
0.592746
-1.48935
0.621053
-0.0235568
0.0843099
0.126565
-0.394143
-0.426468
-0.101872
-0.0628536
-0.139752
1.11334
0.197015
1.34245
-0.726568
0.0626499
-0.730166
0.831034
0.79909
-0.943932
0.198169
-0.787978
0.984759
-0.0441973
-0.248461
-0.719351
0.834637
1.10563
-1.37872
-1.09291
-0.10826
0.355262
0.23675
1.63575
-1.57725
0.0631706
0.373992
1.44611
0.305872
0.723511
-0.7665
1.1853
0.824513
-0.745766
-0.526301
-1.73025
-1.39606
0.706709
-0.585246
1.13047
0.548653
0.627592
0.0910951
-0.808866
0.0813823
-0.47311
-2.70859
0.77481
0.128782
1.39194
0.315376
0.312953
0.119713
-0.15606
0.192237
0.279699
0.108003
0.950644
-1.0909
0.676497
2.149
0.318064
0.0647797
-0.747823
0.447564
-0.747949
-1.60761
0.454954
0.366926
0.277167
0.990531
-0.424558
1.16393
-0.977559
2.26532
-1.97526
-0.894164
-0.505959
-1.37672
0.781058
0.977202
-0.37811
0.695482
-0.374416
0.531488
-0.755927
1.15517
1.17978
-1.71844
-2.2519
-0.45075
-1.21915
-0.584021
0.0187411
0.368095
1.94174
0.148038
-0.343796
2.19285
-1.06543
1.09101
-0.285262
0.540514
-2.3176
0.064508
3.18697
0.528324
-0.288079
-0.0605316
-0.249211
-0.486829
1.47072
1.88109
-0.0748836
0.79403
-0.933519
1.04509
0.399632
-0.805828
0.508643
1.00735
0.365797
0.635807
-0.320703
-1.10488
0.00276261
-0.249474
0.779621
0.270672
0.679286
1.88455
-1.23898
0.689738
-0.856356
-1.12582
0.223982
-0.275047
0.0487313
1.07132
-0.145656
-0.20048
-0.660215
0.879892
0.446806
-0.62369
0.783236
1.05904
2.92802
2.27662
0.88591
-0.803989
-0.672911
-1.60539
-0.0708444
0.587546
-2.66207
-1.2795
-0.315816
-1.07398
0.208517
-0.178296
-1.23492
-0.0308848
0.679354
0.260614
-0.591661
-0.197786
-1.70293
-0.0513339
0.842718
-2.75587
0.662446
-0.15996
1.3805
0.134047
-0.596032
-0.410058
-1.81177
-0.911356
-0.945709
1.34118
-2.11604
-0.198228
0.069473
0.878276
-0.917543
-1.3483
0.125808
-0.291658
0.0626583
-0.595266
-0.686595
0.429586
0.360199
-1.35803
0.327632
-0.247599
1.01694
0.020815
-0.947652
-0.932985
0.820343
-0.390596
-0.797262
1.74517
-0.828269
-0.688238
0.424809
0.159552
-0.450128
-0.221766
0.0569377
0.970961
0.979119
-0.424069
1.38671
0.0260137
-0.357558
-0.482945
0.17476
-0.216013
0.296148
1.12464
0.0696414
0.682375
-1.03146
0.957574
-1.33085
1.39614
0.577989
0.585083
-0.173282
-1.16936
-1.712
1.17945
1.5663
-1.02201
0.824249
-0.417481
-0.0165283
0.2134
0.354811
0.432453
3.20312
-0.915328
0.487902
-0.91996
2.20377
1.05434
-1.00361
0.0823026
-0.922031
-0.0500168
1.74669
0.91423
0.369819
0.783093
-0.524804
0.803481
-0.713234
0.743145
0.354519
1.23389
0.732145
0.275004
-1.14079
-0.103393
-0.991107
-0.020821
-0.0691104
2.47949
1.22363
-0.331431
-0.278594
1.0239
-1.30271
-0.844441
-0.660558
2.05994
-1.71925
-0.280676
-0.791418
-0.732689
-0.137443
1.26445
-0.0241641
-0.0872368
-0.184512
-2.31256
-0.172058
-1.67538
-0.294365
-0.340149
-0.976267
0.775162
-0.431246
3.29302
0.190575
-0.507795
0.483266
-0.425969
-0.0555911
1.09694
-1.26281
-0.448192
1.5419
-0.235718
0.122614
0.728384
0.580346
0.674222
-0.628484
3.45743
-0.276098
-1.96217
0.0622349
0.0796816
-0.967887
0.381238
0.0785629
0.340331
-0.810395
0.348823
0.163929
0.0152419
1.29832
0.931374
-0.884316
-0.456883
0.390553
0.124436
0.795964
1.84839
0.150661
0.781584
-0.222035
-2.16396
-0.424667
-1.27129
-1.16292
-0.454771
0.282154
-0.388274
0.695071
1.68317
-1.55075
-0.35895
-1.41104
-1.3829
3.3231
0.323878
-0.758819
0.738414
-0.265003
-0.562872
-0.390094
-0.172282
-0.461831
-0.714823
0.0365989
-0.464931
-1.00787
-2.51364
1.02598
-0.57448
2.57965
-0.446845
0.179812
-0.144655
0.553669
0.550064
-1.37578
-0.2717
-0.650484
-0.441047
0.159798
-0.0798722
0.875857
0.191292
-0.846184
-1.66456
0.841258
-0.888641
1.47874
0.778617
-4.17562
-0.0676411
0.178149
-0.709772
0.672619
0.248102
0.656956
0.177024
1.19261
-0.678276
0.466269
0.0664039
0.739742
0.475232
-1.91267
0.88831
-0.0464062
1.23794
-0.369788
0.725454
-1.92313
1.8359
-0.61973
0.1418
-0.539954
0.0821019
0.216885
-0.594023
-2.99642
-0.771462
1.19432
-1.04613
-0.154711
-1.22712
0.0068653
-1.00496
0.128684
0.0179301
0.397813
-0.697262
-0.119528
0.439959
0.488792
-0.355342
0.255582
-0.0395353
1.29811
-0.884888
-0.76534
-2.46236
-1.78998
0.0453009
0.180255
2.98241
1.55744
0.546057
-0.620577
-0.518423
1.30526
0.233323
-0.365302
-0.257628
-0.937705
0.0461389
0.702059
-1.51945
-0.835222
-0.0256163
-0.850546
0.0344257
-0.169006
1.15105
-1.21684
-0.025501
0.714757
0.612897
1.10127
0.0164518
-1.49819
-0.0425309
-0.514563
-0.34721
0.326007
-0.426196
0.00153524
0.737324
0.889942
-0.571914
0.227161
-0.750282
-0.37235
1.10338
-2.34484
-0.444183
-0.746732
-1.88912
0.117842
1.52719
-0.158075
0.12629
0.653285
-0.429622
0.00110525
-0.360043
-0.2061
1.3964
-0.49856
-0.0132863
0.934577
0.232967
-0.359247
-0.363801
0.422146
-1.26335
-1.34823
2.09932
-0.820939
1.14328
-1.79829
-0.988959
0.222506
0.0275284
-0.263602
0.45287
-0.429087
-0.597285
0.279178
0.318429
-0.244941
-0.218582
1.40154
-0.629484
1.06136
0.293607
0.371216
-0.61285
-0.327824
0.809474
0.796968
0.367064
-0.0988615
1.40081
-1.22699
-0.60572
0.152277
-2.65704
-1.62021
1.99319
-1.56038
0.0138363
-0.403165
-1.58495
0.804811
0.55165
-0.0120107
-0.769515
2.04458
1.32724
2.95012
-0.639246
0.00128241
2.65846
-1.73924
0.658559
1.09915
-2.07243
-0.108248
-3.9552
0.525599
-4.38758
1.62987
2.32128
-0.659753
1.76623
-0.726518
0.0693305
-0.0756967
-3.47674
-1.31406
-2.59284
0.43833
0.79327
0.130361
-0.662527
1.36917
-0.863355
-1.73264
-3.68541
-0.661311
-0.45078
0.0710191
0.880966
-0.0835609
-1.11275
0.998738
-0.4602
0.242308
-0.289706
-0.336553
1.65006
-0.0337991
-0.0188343
-1.48671
-1.26279
0.0328983
-2.83834
-0.899487
-0.447774
0.556579
1.59197
-0.274388
0.0333558
-0.30846
-0.0297434
0.0498067
-0.21824
-0.0901395
-0.0790116
-1.39706
1.72849
-2.32582
0.85358
-1.22292
1.24493
1.89557
-0.035022
-2.37654
-0.264594
-0.0353835
-0.314452
0.425438
-0.778213
1.59055
-0.465158
0.310748
-0.493324
0.521489
0.870766
0.418243
0.928224
-0.707124
-0.540743
1.50268
0.0844408
0.120029
-0.0627736
-0.395884
0.0620178
-0.0930607
-0.853464
0.708988
1.4725
-0.472423
0.0949918
0.124959
0.00604776
-0.833447
-1.12823
-1.77338
1.09281
0.530361
1.86562
2.4094
0.350414
-0.104474
-0.294721
1.0533
-1.35841
-0.0987403
-0.498471
0.157933
1.20155
-1.76253
-0.0542076
0.0889641
-1.47977
0.498951
1.81042
-0.391544
0.431078
-0.902835
-0.0322845
-0.951343
0.371748
-1.40807
1.82525
-0.44019
-1.35158
-0.738399
0.798438
-0.31272
0.51955
-3.06208
-0.798911
-1.06131
0.757993
2.58032
0.114583
0.604215
-0.252234
0.321834
0.443639
-0.219432
-0.302325
0.487746
0.583781
-0.841549
1.1252
-0.439985
2.80373
-1.13515
-2.2715
0.775807
0.530452
0.807744
0.120567
-0.428221
0.213027
-1.02179
0.910924
0.281441
-0.454479
-0.0714935
-0.974836
1.25532
-0.975512
0.172214
-0.466782
-0.108117
-0.462287
0.130838
0.317479
-1.54104
0.46256
-0.308399
0.335703
-0.420715
-1.24695
1.04048
-0.146759
-0.382841
-0.230125
-0.0167843
1.63258
0.244
-0.138991
0.950941
0.211355
-1.32296
-0.581336
-0.459911
-0.0974386
-0.741367
1.43032
-1.21337
-0.273959
-0.589076
-1.95766
1.43799
0.887937
0.385787
-0.0683452
1.84669
2.05717
0.412971
0.0347778
0.521192
1.33736
-0.28622
1.552
-0.640917
1.14828
-1.01962
0.625007
0.786126
0.900588
0.460612
0.0545571
-0.76071
1.93959
0.430737
-0.424275
-0.641812
0.292979
-0.293039
-0.523031
1.8694
2.19767
0.791209
-1.38634
-0.156152
0.567946
0.676286
-1.63133
1.64138
1.06908
0.0160805
0.700233
0.772897
0.272558
-2.01125
-0.468113
0.767155
-0.383539
-2.5419
0.513937
-0.17365
0.396026
1.22829
-1.42941
0.672199
0.775824
1.72349
-0.0241502
0.230147
0.718099
-1.42727
0.140033
-0.64886
-0.127751
0.307706
1.24719
0.185259
0.240867
-0.291242
1.74174
-0.156618
1.53307
0.561793
-0.636301
-0.149569
0.269934
0.361556
0.975642
-0.0190961
1.62077
-0.346761
-0.768971
-0.0805415
1.02222
-0.176194
-1.69754
0.251461
-0.849303
0.0563087
-1.71665
0.142694
1.33259
-1.63048
0.353246
-1.01221
0.613056
0.0853441
0.450765
1.383
-0.0825582
-0.40918
0.277085
-0.377538
0.533634
-1.36195
0.354216
-0.381108
-0.44384
-0.77258
0.325697
2.36534
0.284562
1.23022
-0.566802
0.0858675
1.49658
1.63754
-0.101127
-0.643913
0.0676834
0.669172
-0.362815
1.24179
0.71235
0.0570067
-1.61937
-0.931775
0.228279
-0.621225
0.469804
-0.765826
-1.0259
-1.1247
0.404567
0.0167197
0.00652418
-0.127553
0.351963
0.467483
0.512185
0.526387
0.460989
0.754651
0.183531
0.0569812
0.91395
-2.32589
1.10996
1.39455
-1.24214
0.754689
0.684744
0.0644678
-1.11167
1.45901
0.65751
-0.16435
0.209877
-1.12909
2.9394
0.673934
-0.400693
-0.530702
0.0840651
-0.231523
0.789799
-0.210947
-0.113982
1.41032
0.274019
-0.136536
-2.34592
-0.00787624
0.225275
-2.26201
-1.66184
-1.63756
-1.93394
0.5563
0.206194
-0.00126537
-0.0836754
0.396316
2.01685
-0.800199
-2.15293
-1.11133
0.0106351
-0.481724
0.421726
-0.372161
-1.39733
0.685762
-0.30785
2.70789
0.417632
-0.459577
0.00589389
1.33227
0.49709
1.01957
0.432019
0.476807
1.09318
-0.123187
-0.28046
0.261142
0.188054
-0.461118
0.345329
-0.969409
0.644483
-1.94841
-1.90789
-1.16889
-0.0212962
-1.04562
-0.44646
-0.00132821
-0.175149
0.355109
1.07275
0.704304
-0.0875614
0.781105
0.556726
0.0454447
-1.18049
-2.82104
-0.190402
-0.00169125
2.0729
-1.78478
-0.211583
-2.44374
-0.158194
-0.737864
0.442237
0.726586
0.65753
1.67367
-0.179713
0.864709
-0.499621
1.95018
-2.53112
-0.24862
-0.0317401
0.912866
0.704165
-0.143839
0.455573
0.562228
-1.41541
-1.85333
0.397356
-0.624763
-1.55079
-1.4493
0.831562
-0.233585
0.149159
1.27207
0.461655
-0.303641
-0.291426
0.257073
-1.42904
-1.38398
-0.296782
-0.226311
0.887654
1.98093
3.02841
-0.0747505
-0.472265
1.05808
0.847111
2.54522
-0.761614
2.00252
0.571285
0.868411
0.134014
0.376486
-0.517256
0.0611134
1.25053
0.954229
-0.169477
-0.428201
0.880193
0.0826359
-0.822144
1.91484
0.557516
-0.528844
0.0827697
0.238908
-0.159267
0.595423
1.38029
0.447422
-0.548595
0.06588
-1.45922
0.369832
0.169624
-1.1538
1.77874
1.1503
-0.460605
0.954148
0.782406
-1.3184
-0.467388
-0.34373
-1.1601
0.195614
-1.11421
-0.756252
0.557849
-0.0164742
-0.912591
0.139671
-0.702204
-1.9873
-0.454742
-0.128512
-0.159345
1.15964
0.0868374
0.458732
-0.394128
-0.228774
0.379195
-0.113817
0.455815
-0.996921
-0.139724
0.096538
0.0473212
0.386127
-0.346804
0.334728
0.91969
-1.10277
-1.09667
0.734043
-0.648355
4.3587
0.837472
0.53275
-0.695435
-0.0174292
-0.87713
-0.57736
0.286061
-2.87489
-0.678587
-0.493066
-0.0776113
-0.903464
0.473511
-0.295274
-0.0726326
0.502924
-0.602619
-0.642467
-0.695931
0.287359
0.794021
1.21898
1.91315
-1.04916
-0.920281
1.03878
1.04264
-0.141631
-0.6367
0.131399
-0.097021
-1.48835
0.0338359
2.2219
0.382124
0.264224
1.42926
0.382094
0.532883
-0.475033
2.07572
-1.19604
0.196582
0.476706
-0.475813
0.748628
1.07703
-0.340268
1.11366
-0.38103
-0.493118
0.684767
1.39754
2.30968
0.27144
-1.08215
-0.24812
0.657363
-0.630722
0.489161
-0.382973
0.368951
0.49326
0.643074
-2.73279
-1.37621
-0.174952
0.0485561
1.39085
-0.642017
-0.143472
-2.13076
-0.741973
-1.32566
-0.223806
1.9454
-1.66934
0.108317
0.0701602
-1.16334
-1.44082
-0.536193
0.849137
0.612688
0.498129
-0.548438
0.623477
0.691031
1.00672
-0.420827
-0.501662
1.45503
-0.952543
0.507837
-0.24911
-2.10525
-0.891421
0.261705
0.830921
-0.497546
0.0997662
-1.92936
-0.570277
-1.51458
1.43085
1.12004
-0.309593
-0.280689
2.38499
0.899649
0.373396
0.659136
-0.286396
0.669787
0.887517
0.0958247
-0.780325
-0.0506763
-1.20219
1.41859
0.29755
-0.179293
0.42241
0.114314
-1.22637
-0.0718937
-0.205452
-0.472901
1.77141
0.791504
0.0417016
0.23356
-0.0994173
-0.285424
-0.770451
-0.104654
0.737372
0.38861
1.59536
-0.335177
-0.520492
1.03674
0.116983
0.499708
-0.288192
0.375227
-0.90312
-0.584786
-1.02227
-0.0498342
-0.888911
1.6253
1.07798
1.6308
1.0224
0.896296
1.51444
0.4625
-0.297004
-0.239274
-0.00725312
-0.0733044
-1.07908
0.0295266
1.06186
-1.91237
1.07622
0.89584
0.747016
0.337244
2.74585
1.06396
-0.683488
-0.804682
0.0481976
-0.498796
-0.802254
0.0286731
-1.34395
0.441323
0.129389
-1.02695
0.251544
0.474969
2.03832
-0.142736
1.40561
0.661611
-0.912456
0.0752465
-2.61424
-0.174191
-0.879093
0.128381
0.611171
0.685298
-0.116428
-1.73188
-2.23638
-0.643616
0.768741
0.742928
-0.164287
1.42335
0.350855
1.11342
1.7686
0.0459134
1.8086
1.93525
0.975642
-1.23354
-0.346637
1.0516
0.787901
-0.254533
-0.384453
0.65822
0.185306
0.831294
-0.377281
-0.103961
-2.10847
0.541607
0.695767
-0.661882
1.60773
-0.714577
0.522726
0.174656
0.397572
0.883648
-1.65256
0.307695
0.133715
1.43784
-1.56126
-0.291624
0.399506
0.386077
-0.74329
-0.263758
0.0616529
2.53911
-2.53995
0.283834
-1.33566
-0.463393
-0.23029
0.28091
-0.314353
-0.104755
0.459113
0.882683
-0.0955135
0.435164
-0.585666
0.917863
0.0509603
0.653486
0.501468
1.55933
-4.25856
0.299232
-0.295509
-0.369219
-0.706578
2.10671
0.330003
1.14596
0.0419465
1.47947
0.60427
-1.27665
0.124197
-1.70419
-0.769731
-0.378932
0.081053
0.751311
-2.24392
-1.66813
-1.5292
-1.61516
0.184308
-0.0150331
0.0648253
-0.191288
0.967595
-0.676937
-2.24491
-0.807094
1.1813
1.85321
-0.229719
-1.21714
2.80526
0.0352231
1.05708
-0.160988
-0.667652
0.376816
-0.135641
-0.394966
0.255935
-0.921184
0.0992382
-1.16811
-0.721166
0.281761
-0.016338
-0.433932
-0.182555
0.273276
1.61463
-0.185427
-0.0128627
-0.153564
-2.41679
-0.232348
1.3928
0.560064
0.502104
-0.106331
-0.0337929
1.06935
-1.26479
-0.149082
0.278757
-0.120495
-0.811568
-0.573579
0.197925
0.363657
2.36052
0.254068
0.527914
0.429132
0.971731
0.168191
-0.470713
-1.37052
1.7283
-0.482174
0.190817
-0.549083
0.948825
-0.150349
-0.539843
0.700117
-0.578076
-0.346401
0.63622
0.0996024
-1.84327
-0.912129
0.406146
0.720521
-1.44687
0.151453
-0.988855
-0.894414
-0.387398
-0.630532
-0.106412
-0.667552
-0.275018
0.292454
-0.436974
-0.21376
0.0397688
-2.16194
0.535621
-1.49413
1.17484
-0.81881
-0.534144
2.69324
-1.22264
0.142507
-0.717105
-0.531694
-0.0810292
-1.46626
-1.0066
-0.552177
0.576832
-0.163848
0.654325
-0.925193
1.35862
0.662263
1.69938
0.484924
-0.313056
-0.533274
0.430449
-0.737081
0.556884
-0.567613
-0.375597
0.258984
0.711309
0.930507
-1.23298
0.87958
-0.411128
0.476331
1.79942
-0.748389
-0.61234
-0.0215393
-1.4332
-0.0692991
1.99903
0.290443
0.447438
-0.251492
-0.184503
0.34124
-0.685923
-3.14649
-0.419236
-0.0468736
-0.986134
-0.746545
-1.56588
-1.61276
0.825539
-0.489262
1.36068
-0.103211
-1.09534
0.519069
-0.597292
0.394782
1.63026
-0.0950052
-0.898381
0.950281
-0.391408
0.1072
1.04375
0.448564
0.960951
1.03723
-1.38284
-0.903808
0.420631
1.0478
0.426534
-0.665121
-0.989506
0.580718
0.574502
-2.24925
-1.26379
1.33529
-1.09408
-0.918419
-1.09746
-0.835649
-1.26816
-0.137691
0.488091
-0.0724604
1.49413
0.767198
-0.409343
0.184843
0.06721
0.450822
3.14279
1.07315
1.42761
0.621505
0.708811
0.952225
-0.815844
0.302466
0.975108
0.0671543
0.0498261
-0.320271
0.524789
0.0708208
0.206571
-0.707232
1.0155
-0.776049
-0.278808
0.103618
0.797181
2.29818
-0.307222
0.132622
0.12608
2.87758
0.784414
1.35422
-0.513469
-0.0535001
0.348849
0.475166
0.000200429
-2.19425
0.419623
-1.34093
-1.75899
0.33875
-1.15871
-0.534716
-0.680518
-1.00856
1.47705
0.540106
-0.465614
-0.00494723
-1.90183
1.53926
-0.765499
-0.181682
0.528707
-0.183864
0.652702
-0.40358
-1.09954
0.89369
1.58109
2.87049
0.856087
0.944333
-1.50456
-0.706462
1.2555
-1.04578
-0.384653
0.241386
0.185791
0.452877
0.898653
-1.1435
-0.345936
-0.397588
0.522037
-1.98029
0.24101
-1.6183
0.549424
-1.40718
0.305495
-0.556121
-0.245251
1.21461
0.220467
-0.255779
0.395385
-1.31594
1.21574
2.24793
0.838603
0.428346
0.907141
-0.340321
0.993072
-0.181972
-0.15312
0.502143
0.108324
-0.0147465
0.260462
-0.404447
0.272518
-0.0987992
-0.243889
-0.314619
1.33492
-0.609407
-1.06669
-0.0754629
-3.13667
-0.984824
0.324748
-1.52693
-0.239268
0.0864793
-1.1909
-0.258851
0.687644
1.22617
-1.30192
0.996035
0.331743
-1.5155
0.364382
-1.05192
1.02577
-1.11083
0.247298
-0.803952
-0.576407
0.0877058
-0.750391
0.550721
2.35223
0.545625
-0.831784
-1.11033
-3.14735
2.54618
0.268479
-0.0985874
-0.295645
-0.122885
-1.20626
-1.98402
0.300905
-0.0519812
1.4655
0.45029
-0.986208
0.899234
-2.00468
0.0550144
-2.00281
1.27248
1.17544
0.185137
1.02899
0.115211
0.631124
1.7469
1.55622
1.65395
-0.0743796
-2.92697
0.785955
0.238586
0.159219
0.308467
1.87589
0.285631
-1.06755
1.9864
2.56524
-0.232309
0.443472
0.0941903
0.212757
0.542706
0.614468
-0.421755
0.887207
-2.89792
0.460911
-0.728826
0.237717
-0.605193
0.0869278
-0.426066
-0.298477
0.0269871
1.51548
0.276369
0.253095
-0.413168
0.306221
0.155962
0.159856
0.0425285
-0.672585
0.308095
1.91698
1.27375
-2.89164
-0.37926
0.0139268
0.0755733
0.294982
-0.268009
0.493125
-0.206909
-2.05299
-0.124179
1.57465
-1.00398
0.0345565
2.46021
1.19809
-0.138941
0.00687077
-0.713148
2.87874
-0.419877
-1.45996
0.255665
-2.33581
0.0271021
-0.157517
0.564827
0.102481
0.871811
-0.198441
0.0161643
0.891158
0.500489
-0.407308
-0.480053
-1.27869
0.286017
-0.351273
-1.2823
0.0785468
0.487088
0.269816
-0.0714919
-0.0941659
-0.104048
-4.26857
-0.208897
0.262754
-0.474924
0.169563
-0.588319
0.182566
0.466187
2.92443
-0.113151
0.296639
0.558143
-0.113556
0.753082
0.957826
1.05882
-0.327279
-0.181976
0.127417
-1.04646
-1.25522
-1.59462
-0.537628
0.855584
0.357138
-0.350096
1.34989
-0.613989
2.12487
-1.16846
0.0622959
-0.431249
-2.48661
0.473253
-0.0674031
-1.34659
-0.421161
-0.642265
-0.279775
-0.341704
-0.400712
-1.99133
1.62068
0.34516
-0.321362
-1.06614
-0.924378
-0.5514
0.509198
-2.08956
-1.45167
0.348808
1.07582
0.428775
-0.98892
2.44443
-1.02102
-0.366068
0.965072
-1.04371
-0.281644
-0.426698
0.47498
-0.547612
-0.681646
-0.241343
0.504222
0.276707
1.12624
0.4513
-2.00561
-1.90901
-0.643139
0.0583266
1.38617
-0.781798
0.0116835
-0.649401
1.20602
-1.08222
0.985972
0.0565577
-1.58198
-0.894788
0.292128
0.901312
0.477772
0.584686
0.331139
0.526373
0.368063
0.692839
1.80811
-0.458461
0.0011983
0.0256769
0.282111
0.820881
-1.30697
-0.665951
0.409083
1.08335
-0.93803
0.31858
-0.072777
-0.280448
0.105511
-1.43358
0.0533674
-0.152072
0.899074
0.412624
0.572185
0.718554
-0.314938
-0.624332
0.0239525
0.676023
-0.704255
-0.516938
-0.535021
-0.976283
0.437251
0.0678069
-0.0219222
2.28121
-0.114093
0.165922
0.857505
-0.242487
-0.533121
-0.184991
-0.919856
-0.985259
-0.231326
0.217471
2.49081
-0.366636
-2.05266
0.965062
0.0568111
-0.213307
0.383494
-0.468178
-2.25893
-1.5644
0.261214
-1.36594
-2.14838
2.62556
0.428394
0.443812
0.0806977
1.0186
-0.193637
0.121538
-0.0838388
-0.525148
0.222934
0.139526
0.275459
-0.150726
-0.144344
-0.381579
-0.332073
-0.799828
0.427602
-0.811836
-0.289311
-0.435667
2.6186
0.315308
1.09404
0.859248
0.163477
-1.55257
0.773021
0.89948
0.861054
-0.355511
2.58342
0.60433
0.277392
-0.157189
-0.729317
1.16337
-0.325327
-0.593541
-1.4405
-0.0435485
0.149315
-1.02315
-0.614304
-0.0775471
-1.43835
-0.2668
-0.810396
0.179991
-0.822419
-1.16421
-0.768743
0.474397
0.699392
-0.366753
-3.07169
0.066765
1.96516
-0.895249
0.242745
-1.55565
0.295942
0.00891837
0.518484
-0.607422
-0.123504
0.78917
-1.04234
-0.098262
-1.36148
0.353519
-0.752144
0.658686
1.34846
0.0340679
1.53254
0.939819
-0.00304475
1.07755
-1.7515
-0.523181
-1.84496
-0.642998
-1.42423
-0.272971
-0.456423
-0.145315
0.567184
-0.865917
-0.0945865
-1.85533
0.624027
-0.425728
-0.515045
-0.859976
1.25183
-1.63925
1.36659
0.0978183
-0.0706554
0.503168
0.423336
-1.30863
-2.51081
0.413304
0.108234
0.31278
0.0793523
2.91565
-1.16331
-0.541926
-2.0079
0.529239
-1.15409
-2.17294
-0.867705
-0.10194
0.228429
0.236103
0.236697
-1.72862
1.18661
0.240323
0.590344
1.19013
-0.491862
0.208712
0.731794
0.127836
0.13913
-0.0658302
-0.121552
-2.39806
0.493682
0.0569691
0.356726
-0.462958
-0.454856
-0.384068
0.163546
0.123094
0.633921
0.53638
1.11005
1.30955
-0.0106922
0.564383
-1.34498
-0.111531
0.295039
-0.550108
-2.74722
-0.140456
0.161791
-1.28707
0.22293
-0.066428
-0.517627
-1.01042
2.5882
0.610983
1.13285
-0.222205
-0.192515
0.753255
0.956241
-0.146667
-0.146185
-1.49523
0.174807
-0.133527
0.620702
-0.693618
-0.360525
0.160885
-0.0996122
-0.298742
0.971933
0.207661
1.33094
0.688661
0.398859
0.083563
0.640071
0.581159
-1.0388
-0.541996
-1.75819
-0.505457
0.0556614
-0.178352
-0.344626
0.063337
1.63872
-0.395452
-0.248952
-1.5112
-1.69825
-1.04984
0.882114
1.5988
-0.237515
-1.32465
-1.48988
-0.40476
0.220256
-0.0741643
-0.118998
-0.862847
-1.05877
0.671182
0.754542
0.831697
-1.30292
-0.433076
2.31634
-0.171316
0.771958
-1.05957
-0.165505
3.0123
-1.08999
0.0910413
-0.982205
0.455215
-0.0409213
-0.130892
1.00074
-0.663112
1.95895
1.73224
2.07212
0.429998
-0.00182335
-0.0274554
0.267227
0.899385
-0.539976
-0.953969
1.41397
-2.50623
-1.6948
0.901045
-0.500181
0.33072
0.379229
-0.0905158
-1.28114
0.210167
-0.219058
-0.723653
0.138654
0.855954
0.306444
-0.0170432
0.539179
0.269987
0.406604
-1.09423
-0.458897
-0.122997
0.328099
2.00231
1.63785
0.280398
0.559971
1.77995
-1.59355
0.0884275
-0.753814
0.418106
-2.10557
0.519568
0.288638
-1.00129
0.590119
2.82075
-0.653465
-2.5657
-0.290494
0.369952
0.812052
1.1904
0.521691
-0.059006
1.33104
0.608136
-0.853985
1.72113
-0.699746
-0.0486541
-0.69218
-0.194823
-1.75493
1.13696
2.10326
-0.991484
-0.163487
-0.153415
-0.134291
0.884809
-0.130684
1.45482
0.619884
-0.485122
-0.314076
2.6093
0.870993
0.29918
-1.17902
-1.80858
-0.387932
-1.63822
0.410846
0.335356
0.0932804
1.4313
0.79641
-1.0729
-0.131861
3.52482
-0.402875
-0.8654
-0.0385844
-1.04889
0.413205
-0.324572
-0.770302
-1.02977
0.485827
-1.68535
-0.0213897
1.31841
-1.32683
0.0417061
-0.306747
-1.17296
0.943649
-0.225021
0.166225
0.444955
0.31216
0.670289
2.61843
-1.15497
0.00333164
0.567467
0.426034
-0.609319
0.667035
1.10211
0.246861
-0.973687
-0.0702311
-0.82099
-0.461895
-0.377958
0.870631
1.4648
1.37604
-1.24544
-0.824999
1.2178
-0.479631
0.317857
0.35324
0.336974
-0.0866698
0.832934
1.35674
-0.271951
-0.69156
-0.738757
0.423255
-2.43433
-0.925302
0.189181
-0.330972
-0.349035
0.0259231
0.133901
2.14043
0.348011
-0.579945
-0.722415
-0.420627
0.200301
0.186236
-0.0559235
-2.67451
-0.33727
0.0248585
0.363276
0.966218
-0.629355
0.33789
-1.1678
-0.203679
-0.495764
0.108011
-0.0648405
-0.788915
-0.900262
1.15778
-0.601031
-0.373298
0.927383
0.710233
0.74483
-1.12674
-0.839779
-1.00297
0.899278
0.85943
-2.41842
-0.0258286
-0.400306
-0.316504
0.342413
0.396957
0.93632
1.2534
0.366685
-0.193095
1.19384
-0.19274
-1.08604
-0.206428
0.405934
-1.20185
-0.242993
-0.372668
0.54606
-0.0128202
-1.32769
0.316084
0.995274
0.250288
-0.533671
0.0146851
0.206319
-0.265758
-0.718632
0.845599
-0.599398
-0.238171
0.760532
0.235558
-1.17577
0.788089
-0.824355
-1.62301
-0.107725
-0.804752
-0.243143
0.762075
0.84061
3.11567
0.0827842
-1.52738
0.588614
-0.87275
0.110042
0.0636812
-0.165383
0.467561
1.55674
0.154723
-1.04587
0.49319
2.6456
1.49845
1.04766
-0.519907
-0.304897
-1.62725
1.21163
0.0184458
-0.547611
-1.79403
1.26496
-0.39745
-0.832768
0.0984634
-1.19477
-0.863932
0.124266
1.26072
0.565183
0.0987314
0.66312
0.0213527
2.86922
-0.534718
-0.735191
-0.873673
-0.151801
-1.66426
-1.18865
-0.0911805
1.61747
0.641109
0.111928
1.54
-0.359568
-0.699906
0.184799
-2.30967
-1.00613
0.972721
0.107928
0.0928574
-0.404904
0.601018
0.0722984
-0.320866
-0.0869927
0.847511
0.594469
-0.158745
-1.04121
-0.589368
1.17801
-0.535431
0.211695
0.00843676
0.287708
-0.107913
0.930938
-1.91439
0.696738
-1.61239
-0.769558
-0.484574
0.262795
1.27354
-0.96127
0.162059
0.457272
0.761557
-0.481428
-1.33216
1.34526
0.0535507
1.05221
-3.66077
0.785162
-1.04471
0.29937
-0.623671
1.87833
2.19128
0.758457
1.08694
-0.272743
-1.29702
0.385548
-0.540963
0.104123
-1.44132
-0.0907786
2.55421
-1.91056
0.812282
0.311169
-0.301038
1.60803
0.191729
-0.493392
0.00292512
-0.604906
0.352865
1.43522
0.127112
0.114956
0.884078
-0.30627
-0.0501391
-2.97152
-0.83973
-0.109603
-0.652965
0.150527
-3.45626
0.318415
-0.122332
-1.77297
1.95573
0.728413
0.465946
0.410893
-0.604464
-0.669246
0.559622
-0.378495
-0.150945
-0.940658
-0.828682
0.310038
0.993681
-0.702557
0.646027
-0.087726
1.17211
0.942087
-1.00576
-0.17519
0.0422442
-0.557854
-2.16782
0.173827
0.688517
-0.514207
-0.303429
0.534749
-0.667852
-1.25771
-0.0511742
0.494706
0.450449
-1.8733
0.0890015
1.10783
0.304883
-0.0735384
0.763239
0.631755
-1.03452
-1.80237
-0.720708
-0.0698747
-1.80821
-0.485884
0.878659
2.96636
-0.500008
-0.875058
2.31132
0.218589
-0.14504
-0.239684
-0.871889
-0.75792
-0.748296
-0.376576
-1.81768
0.207078
-0.925081
0.246255
-0.695203
-1.83954
3.31562
-3.22749
-0.214054
-0.479253
0.235818
0.0870402
-0.834579
1.14922
0.19091
-1.31166
0.259443
-0.770718
0.441962
-0.00532825
-0.481723
0.164895
0.732328
0.360746
0.0819648
0.913305
0.549998
-0.608041
-0.0666456
-0.450237
-1.6925
-0.462447
-0.153523
-0.601457
2.32619
-0.563694
1.05879
-0.790882
0.202174
-0.710374
-0.432909
-1.22688
-0.844077
-1.92811
-0.310533
-0.289682
-0.900574
-0.221674
-0.185653
0.580998
-1.48293
0.190843
0.0105333
0.10469
-0.0559959
-0.803337
-0.0131051
1.3426
-1.15051
-0.204637
0.648672
0.514555
0.15439
0.264499
0.206625
-0.245802
-0.622189
1.03408
-0.541823
0.920018
1.41197
-0.307083
0.0837444
-0.275946
1.5932
-0.984593
-1.98301
2.55304e-05
-0.751132
-0.394473
0.198937
0.829218
0.0133985
1.7952
0.338951
-0.18278
-1.1951
-1.34455
0.070567
-0.0526553
-0.553284
-0.94417
1.31386
2.42011
-0.369837
0.633203
0.37835
-0.553372
1.35465
-0.181219
-1.00126
0.643062
0.212615
-0.762331
0.276687
-0.895688
1.06102
-0.373589
0.0691917
0.070943
0.621751
-0.582993
2.18526
-0.163449
1.34211
-0.412429
-0.507303
-0.198382
-0.834626
-2.13497
-0.625281
-0.0243406
0.821265
0.986207
-0.166808
0.0948322
-0.605639
0.816087
-1.06346
0.864795
0.674436
0.28593
-0.585169
-0.569863
0.266938
0.463425
1.55378
-0.704186
-1.41168
0.974104
0.15777
-0.00516747
-0.26854
1.10202
1.65714
0.942754
0.194159
0.115949
0.332676
-0.501378
1.18006
-0.147425
0.175326
-0.384614
-0.504162
-0.0228602
1.72191
-1.60172
-0.0218524
1.11193
-0.739316
-0.45482
0.700939
-0.105747
0.0723528
1.63955
0.0147788
-0.0593615
1.08967
-2.37825
0.872631
0.674309
0.518945
-0.0561246
-0.833463
-0.432112
-2.43833
-0.500793
-1.0275
1.39815
3.50358
-0.188194
1.31012
-0.946668
-0.645935
-0.346158
1.31762
0.640814
1.13989
-0.667676
-0.691483
2.04184
-0.224276
0.640962
1.58879
0.310099
-1.74947
0.00608674
-0.0901192
-0.0180661
-0.468938
1.21824
-1.20319
-0.183282
-0.577262
0.388428
-0.598578
0.0710912
-0.762541
-0.256329
-0.678575
0.841327
-0.881884
-0.72971
-1.73058
0.811061
0.906616
-0.255373
-1.49666
0.90644
0.366891
0.499436
0.367104
0.398581
0.907938
1.6373
-1.54292
-0.430912
-1.06782
0.109231
-0.326089
1.38372
1.29058
0.379512
0.450392
-0.0574078
-1.35022
1.07257
0.590821
1.11227
0.5726
-1.4518
-0.159025
-0.438191
0.626597
1.83296
-0.625173
-0.763822
0.573909
0.851627
-1.13396
0.738256
1.49138
-1.78592
-0.774438
0.389178
0.495099
-0.0598735
0.0717259
-0.740895
-0.440678
-0.826603
0.49925
1.04085
-0.828681
0.0882271
-1.4151
0.58009
1.77199
0.402236
0.116564
0.0949321
-0.653506
0.537144
-0.85189
0.0684403
2.43582
-0.0939127
2.08133
0.391113
0.710155
0.199697
-1.36325
0.922275
0.341306
0.823503
0.239665
-2.71622
0.353077
1.67074
-0.626759
-0.597842
-0.80311
-0.156498
-0.735534
-0.416245
0.147387
1.21775
-0.785394
0.191674
-0.165645
-0.676606
0.222615
-0.161767
0.00899799
-0.680507
1.76766
0.932352
0.296856
-1.55708
0.0416774
-2.72264
-0.0737412
-0.452247
0.171117
1.19839
-0.909415
0.0356725
-1.08055
-0.339175
-0.206209
-0.831157
-0.341323
-0.469974
-0.806168
1.7147
-0.272008
-1.65675
-0.338568
-0.921651
0.753721
0.100303
0.654105
-0.755668
0.140567
0.396602
-0.893656
-0.767028
-0.108988
-0.340388
-0.830534
0.656912
-0.666784
0.525169
0.438266
-1.55359
-0.579358
-1.97394
-0.437524
1.06968
0.0276601
-1.03409
0.665704
1.18263
-0.645381
-0.060368
-1.35026
-0.220166
0.632853
-0.397629
0.129999
-0.242615
-0.328758
-0.16277
-1.30433
-1.51593
0.494674
-1.95922
-0.294878
0.311885
0.742073
-0.416666
0.116403
0.00238538
0.0728687
0.0953183
-0.451461
0.596672
-2.48784
1.94269
1.08565
-0.325067
-0.487899
0.581911
-0.626024
-0.558236
0.676089
0.0542797
0.568408
1.62885
0.487545
1.33059
0.906968
-1.6475
1.77495
0.238271
-2.75181
-0.798866
0.457939
-0.304517
0.484553
1.33017
-1.92163
0.0490159
-0.740698
-0.235897
-0.69016
-0.262551
0.974344
0.0950402
0.625981
0.179953
2.00772
1.82371
0.692767
-0.451742
1.47164
1.30518
0.273687
0.225276
-0.5388
-0.754152
-1.06064
0.729739
0.310795
0.887546
0.369188
0.582117
0.788052
-0.67327
-0.42654
-0.409417
-0.677801
0.778139
-1.71754
0.0826239
-0.70736
-2.27669
0.162345
1.2326
-0.184778
1.83161
-2.40472
0.657185
-1.02012
0.211357
1.14103
-1.68566
0.251864
-0.467813
0.838702
-2.14417
-0.234244
-2.16731
-0.404056
0.214415
1.003
-0.269238
-0.463616
-1.04717
-0.352754
-1.23478
0.170167
0.197038
-0.562054
-1.09735
-0.496235
-0.946004
-0.995359
-0.457009
-0.419159
0.535074
0.629958
-0.660442
0.879967
-0.678373
-0.69425
0.142923
2.15569
-1.4197
-1.67097
0.063845
-0.535554
0.0379424
1.96602
0.340078
2.57789
-1.16127
-1.44359
-0.0804672
-0.388119
-0.442372
0.507586
-0.455086
-1.14657
-2.40998
-0.615577
-0.136723
0.785786
0.229253
-0.725312
0.677758
1.73085
-0.178694
0.000943663
-0.113494
0.784787
1.07739
-0.515794
0.274906
-0.977696
-0.239505
0.49149
-0.351769
-0.210209
0.0623619
0.469275
0.521614
0.153947
-0.93509
-0.355893
-0.339649
-1.06309
-0.305286
-0.185956
0.793866
0.00322054
-0.58029
0.871838
-1.093
-0.874706
0.567089
-1.19644
-0.661596
1.55405
0.080095
0.131001
0.338089
1.3478
0.0172403
0.422162
-0.727816
-1.38725
-1.05359
1.90252
-0.436419
-2.82041
-0.416881
-1.05021
1.30629
-0.0975362
0.267696
-0.353907
-0.276266
0.273838
-0.195145
0.060018
-1.30028
0.494057
0.986968
0.349638
-1.27878
0.0624293
0.0797514
0.413126
0.253157
-0.279444
0.640084
1.549
0.0790259
-0.283942
0.0489472
-0.795462
0.565554
0.813864
-0.492395
0.0889832
-2.99802
0.155772
-0.912279
-1.18652
-2.59918
2.22817
-0.144446
-1.97104
0.0484772
-1.98292
-1.03759
-0.940259
-1.46542
0.188495
0.326344
-0.508563
-0.0644104
0.673662
0.226961
0.0279787
0.448675
0.914127
0.315789
0.0348997
-1.23949
2.28539
-0.855738
-0.404077
-0.00365673
-0.194763
0.14343
-1.82129
-0.585217
-0.879825
1.23826
-0.182425
-0.979249
-0.476425
-0.224736
0.59829
0.240898
1.15618
0.539854
0.370881
1.65035
-1.13335
0.607238
1.18821
2.3414
0.0459863
1.12551
-3.54806
-0.0505018
-0.793432
-0.146804
0.413299
-0.479564
-0.467874
0.540878
0.709305
-0.461789
0.0436174
2.53671
-1.98939
1.70009
0.166592
0.82219
-0.845107
1.13793
1.30689
-0.31775
0.562209
0.798912
-0.218725
-0.833669
0.100726
-0.0855782
-0.32611
0.825599
1.86273
-1.95424
-0.726511
-1.12401
-2.15363
1.44934
0.153101
-1.0366
0.735945
-0.16575
0.41971
-0.651141
0.0489887
-0.369565
-0.803754
-0.73212
-1.13772
0.385753
-1.08873
-0.340062
2.0905
-0.933957
-0.0107072
0.395293
-0.74024
0.928413
-1.26552
-0.956566
1.42452
1.06718
0.127663
-1.337
0.165453
-0.30054
0.305116
-0.110625
-0.913974
-1.60577
-0.0233004
0.220856
0.820043
-0.107987
-1.89527
-0.203421
-1.74377
0.0191736
1.45491
0.401078
0.380905
-0.650805
0.194811
-0.0788571
3.93853
0.680037
0.0917402
-1.12341
-0.778508
-1.53599
0.203271
0.616086
0.0377892
-0.515426
-0.0238971
-0.169511
-0.265463
-0.280272
-1.8918
-0.140609
0.0289397
-1.23415
-0.534758
0.131969
1.07197
-1.14281
-0.0231601
1.51665
-0.53669
0.42809
0.788297
0.33129
-0.366849
1.70265
-0.0500236
0.557166
-2.40168
0.0521469
0.596127
-0.45945
-2.19488
1.61856
-0.266609
-0.447657
0.0120974
0.299934
-0.685919
-0.652515
0.361223
-0.151971
-0.404342
0.22858
-1.2636
0.0502614
0.420275
0.952264
-1.24213
-0.20709
0.513561
-0.18952
0.463593
0.694964
0.045539
0.803636
-0.370704
-1.19595
-0.464998
0.223022
-1.40625
-1.34019
0.203982
-0.428716
0.656251
-0.675786
4.85837
-0.0190942
-0.103782
-2.19643
-0.035554
-1.01948
-0.780146
1.4845
-0.817196
-0.586055
0.443255
0.10475
-0.00910915
0.304373
-0.690798
0.270986
-0.0511414
1.11061
-0.302274
-1.05543
0.00366936
-1.64931
-0.949964
0.512871
-2.35721
0.559338
-0.370908
0.350898
-0.054449
-1.17484
0.00920866
1.60802
1.31294
0.241915
-0.850384
0.858522
0.0544063
0.478373
-1.32292
-0.336583
1.4817
0.669337
0.863472
0.722598
0.559185
-0.121254
1.00227
0.610082
1.2035
-0.0214303
-0.0409215
-1.10564
1.45352
1.56227
0.744673
-0.0173979
0.212244
-0.708913
-1.39161
-0.870712
0.255975
1.37603
1.80476
1.63412
-1.76033
0.825369
0.456967
-0.233603
-0.278252
-1.6699
-1.94882
-1.54799
0.455246
-1.7175
-0.702952
-1.25296
0.874001
3.13417
0.864674
0.146188
0.483618
-0.47337
-0.156813
-0.0411544
-0.245788
-0.91045
-1.43062
1.0165
1.18812
1.98388
-0.0769229
-0.831505
0.497461
-1.37653
1.71612
0.208608
-0.482032
0.130658
1.51263
0.0198904
-0.173539
-0.212551
-1.09064
-0.0602242
2.71169
0.726669
-0.527047
-0.394731
-0.268341
1.30487
0.366902
-0.50625
0.200058
-0.71976
0.0230261
-0.187852
-0.420327
-0.48055
-0.711228
1.047
1.26156
-0.927076
0.490471
1.93436
0.226175
0.0113072
-1.27944
-1.78735
-0.350094
-0.641424
-0.273106
0.235029
1.19815
-0.599765
0.192453
-3.44046
0.0571343
0.0691062
0.116748
1.33336
0.552051
-0.691378
1.19789
3.11838
-0.209982
0.271914
-0.929972
-0.751727
-0.120682
1.61773
0.729412
0.440939
-0.197825
1.7112
1.18365
0.914876
1.08242
-0.133718
0.588327
2.90084
0.276177
0.997148
1.62846
0.120889
0.716391
-2.0679
0.99533
0.942601
0.729586
0.402585
0.493172
-0.479685
-0.330756
1.7301
-0.0646737
-0.583343
0.375964
-1.49005
-0.315576
-0.775772
1.10502
-0.886971
0.446143
1.26234
0.189375
-1.55872
-0.121819
0.109506
0.0317079
0.381398
1.04374
-0.0289912
-0.90608
0.329588
-1.34607
-0.381405
0.606563
0.107213
0.807989
0.20914
-0.37968
-0.952183
-1.84331
-0.0515383
0.57078
1.01128
-0.321207
-0.903664
0.0241116
1.27856
-0.467888
0.57469
0.559078
-1.07091
-1.68418
-0.194565
0.78975
-1.45966
-0.312411
-0.625218
2.81264
0.0391405
-2.15335
0.880035
0.384546
0.902086
-1.07861
-0.693243
-0.977264
-0.97062
0.772638
0.219347
-0.159164
1.3175
-1.85597
0.319921
1.14126
0.0976365
-0.258858
-0.421824
-1.51877
0.445894
0.480537
0.0523418
-2.71539
0.196159
-1.71417
-0.21136
-0.911826
0.0533153
-0.808585
-0.942497
0.470982
2.36754
-0.727446
0.711606
1.55489
1.87568
-0.459835
0.727571
-1.61482
0.113871
0.678763
-1.91892
0.296589
-0.0412469
-0.406701
-0.14322
-0.475021
0.815545
-2.40064
-0.0914901
-0.696231
1.60707
1.57026
-1.23614
-0.768682
-1.54821
0.470646
-0.209479
-0.00805623
-0.26764
0.485321
0.256829
0.979713
-1.37571
-0.29359
-0.38943
-0.290457
-0.113921
-0.849751
-0.52147
-0.533015
1.23107
0.128382
-0.44441
-1.31482
-0.611613
-1.7136
-0.789909
-0.293216
-0.207093
1.17917
0.450526
-1.36174
0.262899
-0.671516
-1.96543
0.17504
0.0306371
0.754985
1.69536
-0.408944
-0.152467
-0.542641
-1.70297
-2.31056
2.21432
-0.669113
-1.30796
0.332274
1.30071
0.0707559
-0.143582
1.18742
0.276809
0.234923
-0.233255
0.58552
-0.839506
-0.533221
0.0292168
1.09189
0.527045
0.179015
-0.185546
-1.30931
-0.611466
-0.469505
-0.193666
0.155562
-0.0322341
-0.0560008
0.159506
-0.260954
-0.362055
-0.941284
-0.371104
0.278882
0.694879
0.254311
-0.275296
-0.456459
0.680777
-1.96591
0.397164
-0.15045
-0.421755
1.04741
-1.34904
-0.971817
-0.239233
2.69884
-1.45514
-0.184425
0.568036
-3.09666
0.324492
-2.03713
0.770586
-0.467656
0.0640455
-0.110248
0.931848
0.528252
0.699586
0.197411
0.751415
0.043317
-0.807062
0.596686
1.71358
0.200885
0.937383
0.246237
-0.976712
0.805645
0.385281
0.828268
0.0962128
-0.180456
-0.00457262
0.537039
1.15061
-0.279892
0.107084
0.548596
0.847135
1.61943
0.45227
-2.73806
-1.05498
0.0752456
-0.665297
-0.0143802
-0.256304
-1.25704
-1.36191
0.327252
-0.637795
-1.09058
-1.40457
0.364274
-0.236252
-0.429022
2.05151
0.386409
0.644074
-0.416221
2.24959
-0.752177
1.49304
2.49013
0.0310668
1.68612
-0.0361454
0.471276
0.989538
-0.781162
-0.345845
-1.1055
0.231582
-0.165975
-2.26776
-1.13519
-0.339419
-0.550912
0.0180463
0.143638
0.314283
0.0790314
1.44964
1.99599
-0.074186
-0.00853003
0.363051
0.0897907
0.926409
0.0695159
-1.17965
0.463092
1.03969
0.512175
-0.167471
-0.0110744
-2.07924
-1.0323
-0.915027
-0.0359251
0.220306
-1.36371
-0.0300314
-0.196589
-0.429208
0.297384
-0.0119354
-0.436314
-0.0063144
4.03554
0.459616
-0.520657
1.76742
0.120018
-0.123171
-0.470505
0.313557
-2.31747
-1.27158
0.400084
0.0142556
-0.393833
-0.994686
-0.0514742
-0.668924
0.0874208
-0.484039
-0.214375
0.48048
-0.0878689
-0.964365
0.094682
1.64651
-1.26395
-1.58026
-0.682452
0.818481
0.296831
1.81024
-0.419526
-0.326172
0.417459
2.1834
-0.310449
0.738025
-1.87138
-0.0552416
0.891038
0.316993
-2.64563
0.688288
-0.546146
0.0496353
0.453828
-0.453124
1.44186
-0.142322
-0.0445866
-1.03153
-1.44568
-2.40592
0.0990191
-0.541194
0.987531
-0.344791
1.28959
-0.186511
1.45871
-1.7955
-1.3133
0.173058
-0.399248
0.123259
1.08234
-0.326864
0.0808179
-1.33148
-1.15116
0.427239
0.863701
-0.455471
1.33707
0.697176
0.486978
0.765275
1.25606
1.82938
-0.233499
1.25658
-0.144712
-0.0150072
-0.118369
0.0643089
0.607854
0.659659
-0.366837
-1.04453
-0.437505
-0.314924
0.645054
0.257646
0.000873826
-0.049065
1.11285
-2.69002
0.976047
3.019
-0.299167
0.0689766
0.790459
0.40735
0.450696
-1.08032
1.08418
0.608497
0.918553
-0.209453
-1.04761
-0.66127
-0.402628
-0.649151
-0.339857
0.00555635
-0.146723
-0.0986705
-0.586691
-0.070888
2.0435
-1.29679
-1.10866
-0.360775
0.459286
1.18782
-2.18419
-0.814841
1.04567
-1.36151
0.00956816
-0.747979
-0.162557
0.113932
-0.540432
0.475315
-0.994183
-0.373943
0.00238606
0.319808
-1.11907
-0.0487243
0.331391
-0.0595224
1.60457
0.71194
-0.575581
0.597565
-0.360835
0.391747
-0.699543
-0.923414
0.27833
-2.63696
-1.07354
2.14069
-0.357163
1.39269
-0.231994
-1.094
-1.13616
-0.106872
0.0824937
-0.304538
0.901511
0.146152
-1.94903
-0.119435
0.00633876
1.10242
1.98935
0.716995
1.72164
-0.737753
1.91382
0.22779
-1.20009
1.25529
0.751465
0.143293
1.06956
-0.211862
-0.140197
0.0671261
0.030107
0.541833
-0.154454
-0.221621
-1.26209
-1.3642
-0.137448
0.505961
1.78272
-1.45911
1.14037
1.66963
-0.108311
0.464855
-1.02647
0.0967601
0.831094
-0.109149
0.116672
-0.368853
1.41758
-1.16318
1.00459
-0.604791
1.15035
-0.358487
-0.100621
1.26122
0.243245
0.760547
0.666205
0.416976
0.446892
-0.328568
0.970028
-0.364855
-0.305855
0.874326
-0.0341585
-0.37361
0.804537
0.0249438
-0.00414807
0.902139
1.17547
1.35402
-1.36149
0.360849
-0.339726
0.337409
-0.45905
0.903396
0.0226183
0.16883
-1.92854
-0.366119
-0.134171
-0.991387
0.0741602
-0.115081
-0.163448
-1.52272
1.0151
0.651607
2.16574
0.118396
-2.57813
0.244348
-0.644895
0.108221
-0.865681
-0.213734
-1.12173
1.3249
0.529303
0.214561
-0.240163
1.61068
0.615504
0.101388
0.0793677
0.0584516
0.505516
-1.026
0.360822
0.589902
1.48791
-0.420105
1.8472
0.529297
1.22963
-1.14685
-0.235804
0.816994
-0.985614
-0.137104
0.936657
1.12692
0.514747
-1.42556
0.155252
-0.613799
0.279887
-0.356357
-0.200776
-0.592887
0.094883
0.913867
1.18672
0.0730088
0.405159
-0.268072
0.545544
0.602413
0.450488
0.706006
-0.417661
0.327496
0.0147378
-1.46583
-0.993967
0.672564
-1.51058
0.531007
0.789734
0.395544
-1.70906
0.45917
-0.720643
0.238572
1.00315
-0.517741
-0.973917
-1.78564
0.414846
-0.499566
-0.473944
-0.923104
-1.92288
-0.0938472
0.17904
0.28226
-0.612992
-1.02675
-1.23816
-1.61512
-0.15045
0.361404
0.345183
-0.393227
-0.375834
0.674843
-1.0834
-0.216001
0.168631
0.34658
0.449337
1.14986
-0.303489
-0.520535
-0.586561
-0.065184
-0.369987
0.790678
1.41594
0.936478
0.181777
0.563146
0.475474
2.01137
-1.18063
-0.623663
-0.0370693
0.342955
-1.02983
-0.779582
0.36491
0.653107
0.251362
0.0975117
0.782026
0.192858
-0.317725
0.772765
-0.450013
1.38563
0.320306
-0.433872
0.919331
-0.857335
1.18301
0.976639
0.319883
-0.0845857
0.522097
-0.0467089
0.23451
-1.39824
-0.213772
0.101537
-0.257893
0.0146907
0.567263
-0.287373
-0.345494
-1.08805
1.0675
-0.220381
0.200325
-1.42584
0.636754
-0.338961
-1.69539
0.29317
-0.279136
-0.548516
-0.477176
0.322005
1.60142
-2.38345
-1.04167
0.497285
-0.0190046
0.432861
0.657408
1.60921
1.04317
0.0680043
-1.36558
-1.19772
0.223473
-0.993837
-0.907472
-0.473005
0.0506226
0.398914
0.393861
-1.15594
-0.170441
0.698923
-0.0122392
0.598661
0.344845
-1.37172
0.678239
-0.068754
-0.243182
-0.00180652
0.195315
-0.703334
0.237438
-1.30375
1.83234
0.753021
-0.0722483
-0.421693
-0.442764
0.426589
-0.502462
-0.175978
-1.44691
-0.163304
0.61796
-0.909457
-2.20587
0.12883
0.064358
-0.774068
-0.690924
-0.505313
0.796082
0.0680478
-0.136332
-0.947762
-2.70951
-3.24521
0.416472
0.50066
0.396888
0.187074
0.725953
0.119977
-0.096525
-0.837495
0.535031
-0.583101
0.0151618
0.173792
0.28921
-0.395084
-1.44556
-0.795363
0.362023
-0.432163
-0.188146
-1.19328
0.0233079
0.298488
-0.228777
-0.903824
1.03603
-0.362014
-0.174194
-1.41118
0.517861
1.6976
-1.09154
0.327656
1.70247
-0.130458
0.253296
-1.30207
-1.68135
0.644655
0.24275
0.929947
0.197055
-0.516911
-0.0715961
-0.00574602
1.43092
-0.879635
-2.7487
-0.58455
-0.11081
0.730053
-1.23398
-1.50822
0.667897
0.642534
-0.688903
-0.159111
0.523834
-0.107492
-0.13395
0.0536022
-0.14295
0.319156
0.210599
-1.40879
0.0373431
1.02628
-0.0061195
0.0239561
-0.718601
2.03363
0.488142
-0.148624
0.39572
0.660093
0.0688068
-0.972796
0.755525
2.12465
-2.4741
-0.490563
-0.698981
-0.472379
0.0461718
-0.00824774
-0.383581
0.0269358
-1.85255
-1.48615
0.298099
-0.137658
0.0582237
0.303874
0.215991
-1.10437
-0.94531
0.55634
-1.40006
-0.887328
-1.01385
-1.55195
-1.68209
1.36042
-0.508205
0.781484
-4.23542
-0.158762
0.601052
0.813468
-0.155576
0.301901
-0.116538
-0.562582
0.270228
0.13294
-0.745912
1.00537
1.18651
0.610001
0.994129
0.706179
-0.494588
-1.84597
-0.0302823
0.846189
1.04309
1.31763
-0.0293048
0.120609
-0.0490255
0.575555
-0.237987
-0.0365041
-0.0109357
0.229428
-0.563988
-0.196653
-0.379591
-0.394248
-0.444813
0.178304
0.046832
0.768963
-1.85824
0.134488
0.03279
0.0562573
0.618992
-0.579739
-0.347665
-0.723269
0.524857
-1.02289
-0.806731
0.896389
0.409188
-0.141083
-0.705038
0.741716
0.30516
-0.452099
0.266779
-0.205696
-0.170216
0.400124
-0.707949
0.665239
0.576813
-0.356547
-0.953489
-0.397755
-0.905719
-0.378658
1.23203
0.825329
-0.0664614
0.239619
-1.19636
1.50972
0.248373
-0.492763
0.383472
0.210337
-0.526827
1.45034
1.19906
0.0187322
0.112815
0.433253
0.979471
0.153514
0.466141
-0.0225579
-1.32328
-1.34854
0.532719
2.37687
-0.827081
0.0521743
-0.339827
-0.0947418
0.307935
0.331249
-1.4534
1.18736
0.579899
-0.566496
0.37868
-0.651533
-2.7956
-0.457655
0.121594
-0.154129
0.0592774
-0.210347
-0.500149
0.401429
0.349375
-0.599807
0.231104
0.357281
0.813361
-0.494025
-0.574595
0.741632
0.024624
-0.388224
0.464965
-0.42832
1.79517
0.119342
-0.56312
0.193914
-1.17829
0.574951
0.127066
-0.295127
0.782334
-0.476671
0.712336
-0.211921
0.312826
-0.338405
0.899376
-0.78134
1.01704
-2.05922
-2.29088
-0.254117
-1.20124
-0.170758
-0.157102
-0.944143
-0.52575
0.349668
0.762416
0.268628
0.618085
0.338308
0.548402
-1.61968
0.506311
1.76071
-0.719279
1.09065
0.510277
1.22574
-0.167404
-1.06044
-0.229023
0.765524
0.693949
-0.815982
0.0233288
3.38066
0.286668
-1.26571
0.389978
-1.24961
-0.26668
-1.05619
0.472395
-1.31616
0.220088
0.196306
0.803054
-0.184451
-1.21681
-0.282024
-0.701274
-1.98337
0.143451
1.04607
-0.0896913
-1.14223
0.0739069
-2.68336
-1.59131
-0.25925
0.321409
0.372012
2.75345
-0.138747
0.121295
1.26044
-0.0264697
-1.43352
1.41504
-1.69432
0.890705
-1.09036
0.771097
0.795866
0.305432
-1.13115
3.09243
1.36725
0.652588
0.876947
0.402209
-0.975054
-1.7595
1.54815
-0.0629463
1.42259
0.203984
0.100762
-1.76897
0.0675146
1.5745
-0.0816047
-0.222076
-2.21773
-0.225351
-0.690304
-0.179969
1.26812
1.26532
0.824306
0.166568
0.0225073
1.50669
-0.156578
-1.59997
-0.9782
0.264636
-2.24848
0.531249
-0.910223
0.712823
-0.364504
0.0949744
0.391601
0.25383
-0.0180754
-1.48024
-1.02743
-0.596735
0.345244
2.40847
0.24594
0.970391
-0.483002
0.346299
-0.801782
1.17571
-0.253923
0.109835
0.629822
-2.16579
0.27099
0.263157
-0.679852
1.95836
-1.13767
-1.09612
1.45532
-0.437501
0.538986
1.42725
-0.428436
-0.327084
1.47334
0.657669
0.455382
0.298648
-0.375778
3.18849
0.219113
-0.445824
0.673889
-0.592243
0.0918798
-0.13239
-1.06104
-2.43573
0.51535
-0.341726
-0.902132
-0.0497066
-1.49754
0.152803
-1.10074
1.99044
-1.18864
-0.623392
-0.88161
-0.0799829
0.0362555
-0.350558
-0.197683
0.994175
0.515038
0.108346
-0.0492495
-1.20249
-1.27671
0.00235432
0.348793
1.32849
-1.23905
0.130724
0.905869
-0.153109
-0.649142
-0.321211
-0.295069
-0.343524
1.25375
0.0986516
0.726817
-0.343094
2.28046
-3.39865
0.506049
-0.0522465
0.908652
0.273695
-0.452264
-1.01482
-1.85547
-0.633473
-1.69565
0.187768
0.270171
-0.494037
2.47155
0.572578
0.531518
0.0475247
0.570101
-0.406258
-1.20961
0.587456
0.289094
-0.247721
-0.236032
-1.27189
-0.254159
0.189527
-0.885404
-1.22929
0.184453
-0.968173
0.383191
-0.0036165
0.928743
-0.104144
-0.747419
0.692878
0.393505
4.01479
1.19262
1.0736
0.512978
0.0351693
-0.161729
0.17488
-0.59568
-1.35169
1.13173
-0.833536
-1.33489
0.881895
-0.0478348
2.22644
-0.233011
0.0276756
-1.13063
-0.265644
-0.0957081
-1.15408
1.27626
0.338479
1.6266
-1.28764
0.473497
1.62073
-0.281436
0.287312
-0.3474
-0.0457948
0.533386
-1.37003
0.356509
1.26214
1.06829
-0.0507356
-0.472313
0.748444
-0.204702
1.41268
0.945924
-0.272524
-0.841964
-0.825174
0.131192
-1.04851
0.1979
-0.907756
1.14786
-0.391137
-1.12291
-0.447665
0.257212
-0.294146
-0.0983155
-0.208926
-0.24861
-0.227925
-1.13205
-3.73191
-0.761807
0.727564
0.963933
0.657781
0.523895
0.156365
-0.844612
0.311009
-0.125756
-0.482993
1.55071
1.21342
0.821336
-2.29744
0.691155
2.42872
-0.735154
-0.121696
-1.66505
2.11045
-0.454509
-0.833197
-0.246563
0.374507
-0.309996
-0.133858
-0.556802
2.18009
-0.369156
-0.608311
0.546361
0.396306
-0.425117
0.452896
-0.612072
0.41516
-0.628982
0.36313
-0.0347715
0.172733
1.94742
-0.508306
-0.36292
0.0826932
0.456038
-1.53754
1.5729
0.293969
-0.729915
-0.414351
-0.437435
-1.88354
0.456239
1.08523
0.700274
0.429664
-0.273945
0.00389964
0.252914
3.91387
1.60768
-0.219873
-0.596079
-0.137264
0.241786
2.06682
0.0738383
0.982892
-0.170959
0.211202
1.26375
1.02015
0.167081
1.77931
-0.420986
0.21939
0.967051
0.081879
0.00667833
-0.406728
1.87838
0.277795
1.13109
1.03796
-1.92301
-0.76098
-0.678403
-0.0604003
0.865723
-2.55098
-0.570553
-1.00242
0.137574
0.664929
1.37864
-1.905
-1.57875
-0.440866
-1.87654
0.504351
1.40025
1.13411
0.469136
-0.990806
-1.72251
-0.203229
-0.493383
0.628056
-0.509232
-1.86348
-0.374012
0.847419
0.895389
1.36775
1.58483
-1.8104
0.692304
0.00610769
-1.39138
-0.212225
1.81573
-0.910684
2.36556
0.284998
-0.489253
0.44755
0.0843237
-0.0555489
-0.350278
1.86074
-0.36236
0.355991
-0.413484
0.207336
0.0895886
-0.549476
1.0489
0.205447
-0.523763
0.375143
0.140669
1.74209
-2.33106
0.41812
2.21958
1.16766
0.824032
0.568348
0.184347
1.61357
0.686413
-0.443265
1.95238
-0.360484
-0.0569013
0.137277
0.26747
2.03352
-0.418474
3.12831
0.104223
0.256281
2.32779
-0.22745
-0.236937
-0.369474
0.601663
0.378884
0.098119
0.267628
1.06664
-0.580004
-0.162558
-0.502193
0.257201
0.811486
0.0218384
0.585675
0.745677
-0.272366
1.06732
-1.01893
0.832006
1.02623
2.09467
0.0215594
-1.27293
0.930536
-0.0119255
-1.47246
-0.320706
3.02991
-0.351118
-0.606988
0.439466
-0.634639
1.5274
0.780133
1.19461
0.406518
-2
-0.621979
-0.0960427
1.9016
-0.01128
-0.145893
0.650944
0.571078
1.88489
-0.327312
0.29346
-0.14757
-0.30833
-0.45811
-0.763015
0.196501
0.282653
-1.64035
-0.51564
2.1116
-0.0959276
0.00568086
-0.095017
0.73564
2.2184
-0.00578548
0.416464
1.76395
3.02652
-0.078759
0.450203
-0.364861
0.81569
-0.0968822
-0.0501355
0.596955
-0.277434
-0.91291
-0.652262
1.86431
0.766333
-0.525987
1.94805
-0.24418
0.10169
0.447353
-0.226359
-0.30645
0.667916
-1.77666
-1.38479
0.053596
1.01775
0.0255149
0.316695
0.446964
0.119919
-1.1356
0.514886
-0.0193026
-1.17216
-0.869707
1.10302
-0.293275
0.825126
1.03186
0.206764
1.12883
-0.306716
1.19653
0.556008
-0.644385
-0.0238517
-1.79714
0.272957
1.76957
-0.373167
1.64007
1.28651
0.143738
-0.475771
2.00592
-0.6437
-1.04333
-0.227258
-1.09154
1.48899
1.82835
-1.03525
-0.0774404
-0.358915
0.182611
-0.889449
-0.0930121
0.453957
0.191643
2.21409
-0.0875812
-1.40531
-0.0919682
-0.615728
0.096108
-0.736052
0.888206
0.319808
0.260333
1.38511
0.218615
1.18507
-1.77311
-0.417977
0.338552
0.981529
-0.182342
0.596186
0.914461
-0.176842
2.77062
-1.294
-0.85014
-1.4384
-1.21746
-0.253729
-0.271277
0.175828
0.402545
-3.03661
1.40959
1.41231
-0.261148
0.182854
0.331047
0.129724
-0.0461108
-0.530358
1.44355
-0.712421
0.310244
0.170658
0.434902
0.788028
-2.05284
-1.85529
-0.906748
-1.49878
-1.13414
1.2232
-0.379513
-1.20939
-1.1627
-2.3324
-0.840488
0.577908
-0.375143
0.681929
-0.774048
1.33968
-4.03217
-0.908666
1.602
0.973576
-0.0962156
-0.382513
1.71835
-1.56475
-0.53407
-0.793053
0.0593784
0.683435
1.31813
0.575117
-1.10986
1.59878
-0.688331
0.753112
-0.608458
0.272814
-1.07028
0.56313
1.40518
0.805145
1.52322
0.0303949
-0.857052
-0.576492
0.714684
-0.487989
-1.71495
-0.628694
-0.866874
0.337133
2.65297
0.339776
-0.88123
-0.270181
-1.02218
1.00381
-0.263583
1.28707
0.481747
1.07116
-2.28633
0.163439
1.28721
0.906483
0.123565
-0.208073
-0.44093
-0.260729
1.37841
0.921035
0.209516
0.112606
-2.06741
-0.469984
-0.101388
-0.379726
-1.60801
-0.804374
-1.08361
1.41112
1.15077
1.1225
0.889411
-0.678902
0.994031
1.49792
1.78569
-0.405226
0.0762381
-0.242953
-0.709494
1.46135
1.30911
-0.553792
1.10707
0.919615
0.419228
-0.898224
1.54691
-0.300708
0.00501797
-0.516429
-0.768021
1.1238
0.204928
-0.971285
-0.0641457
-0.282386
-0.503447
-0.476155
0.149351
-0.324118
0.103112
0.0353832
-0.0696118
0.0314825
-0.194512
-0.805135
-2.89443
0.238646
-0.400195
-0.339629
-0.191083
0.237896
0.380454
1.01605
0.384319
-0.842252
0.559903
-2.01998
-0.154745
-0.644088
0.876412
0.234372
0.0467328
-0.286242
0.395022
-0.569562
-2.60783
-0.6588
1.84693
0.5501
1.72501
-0.890332
0.347592
0.390197
0.0317929
-0.387098
-1.06958
0.528666
-0.408228
-2.9467
-0.0724508
1.20151
-0.982107
0.274425
0.00170919
2.04898
0.436832
1.00306
1.12082
0.691816
-0.0266428
1.40643
-0.0343764
0.633347
-0.131483
1.39198
-1.37474
0.366877
-0.442948
1.83823
-0.572438
-0.905507
1.88729
0.447457
-0.139336
-1.64718
1.39068
0.522424
-0.106829
0.304578
-1.23268
-0.516034
1.04012
0.100151
0.262072
-0.267711
-0.195079
0.856383
0.0934275
-0.631846
-0.526791
-0.223786
-0.62391
1.04394
0.258951
0.731385
-1.15686
1.01999
1.65304
-0.694673
0.522616
0.248458
-0.47345
-1.76831
-0.800738
0.169878
-0.97288
0.850372
-0.0711908
-0.496739
0.250888
-0.534525
-0.0362712
0.397569
-0.179506
-0.481421
-0.339562
-0.665075
-0.332846
-0.357841
0.512748
-1.12508
-0.234399
0.335566
-1.18897
0.104311
-1.25665
1.15968
-0.871626
-0.324072
1.63038
-0.864612
-0.0354042
1.34001
-0.096654
0.624095
0.0968886
0.126992
1.34581
0.321546
1.51963
-0.0801846
0.0203789
0.479973
0.0420652
-0.396735
-0.626577
-1.65168
0.618327
-2.45681
-0.525332
-0.355961
-1.85678
-0.0148851
-0.616221
0.658292
-0.706342
-0.372753
-1.14482
-0.494294
0.297569
1.39293
-0.422211
0.558368
0.165484
-0.216466
0.00288022
-0.62835
1.1406
-0.873216
-0.399026
0.976006
0.493369
0.453213
0.00415805
-0.125906
-0.627649
0.327262
1.08995
-0.572618
-0.210131
-0.973417
-0.514895
1.58047
-0.150284
-0.385574
-0.785028
-0.359769
1.24148
-0.56491
-0.80518
-1.03429
-1.74394
0.153927
0.260289
0.675348
-0.254148
1.97716
-1.16105
-0.12975
0.670847
0.427164
-0.945797
-0.370938
0.30676
0.154015
-1.07556
0.0899165
2.31714
0.603125
0.0109546
-0.436755
-0.0200565
0.626541
1.25638
-2.30376
2.22628
0.578287
-0.000957183
-0.00856342
0.172342
-0.11475
1.26064
-0.112937
1.12116
-0.338224
0.602352
-0.297789
0.384914
1.87038
-0.508385
2.19205
0.618139
-0.686318
1.68517
1.48743
1.60744
0.485385
-0.275758
0.63884
-0.346772
-0.127832
-0.445549
0.368168
1.87605
-0.548218
0.594943
-0.554565
0.727484
0.987015
1.70216
3.29996
-0.0407782
0.306414
-0.108805
1.86057
-0.209552
0.035903
-0.914875
-2.08122
0.63169
-0.298081
0.0810148
0.57571
0.315267
-0.666908
-0.0837074
0.526497
1.77061
0.810213
-1.79529
1.90492
-0.396974
-0.581251
1.68298
2.79848
-0.644135
1.02226
-0.651597
-4.08362
0.623152
-0.750719
-1.09527
-1.54716
-0.375714
1.5386
0.27688
-0.596376
0.512801
1.07492
-0.107684
0.0526745
0.267746
-0.31256
-0.76755
0.575294
-0.678353
1.18997
0.577213
-0.089749
0.734417
1.19754
0.23242
2.14994
-0.219368
1.01227
-1.27003
-1.07692
-0.307662
0.0891228
0.529988
1.32595
-0.021752
-0.737755
-0.279394
0.272561
-1.36118
-0.817143
2.10652
0.403974
0.0196999
-0.970507
-0.391027
-0.854107
2.03802
-2.17576
1.2677
-0.413736
-1.47032
0.964225
-0.689405
-0.00391072
0.230751
-0.548376
-1.02213
0.830077
-0.663012
-0.703855
2.81314
0.692763
0.293256
-1.38322
-0.215006
-0.498874
-0.412174
-0.416374
0.0180573
-0.340498
0.333046
-0.533881
0.216254
0.884579
-0.875236
-0.0844254
1.15542
0.0796225
2.17774
-0.179189
-0.916071
0.481591
-0.13544
1.00086
-0.53605
0.687391
0.446384
0.0262587
-0.32893
-0.506993
0.260605
1.04698
0.652979
-1.69994
1.04885
-0.852434
0.377878
-0.0520961
0.042663
-0.0981484
0.195659
-1.47869
1.10128
0.0757255
0.418952
-0.280775
0.164374
-0.669718
-0.08596
0.803107
1.15272
-0.456571
-0.0132807
0.0272538
0.259526
-0.424382
0.156629
0.541734
0.937076
-0.320353
2.93758
-0.868568
-1.62522
1.11376
-1.59408
-0.530462
0.508516
0.575789
-0.255441
1.94839
-2.32302
0.249153
0.231992
0.462398
-0.400466
-0.692895
1.19498
-0.134719
0.0683588
1.58645
1.25961
1.12545
0.815062
0.383383
2.61808
0.194359
-0.744487
0.759857
-0.415131
1.22592
3.12418
0.350505
0.0250849
-0.344479
-1.58532
0.0395814
0.424736
-0.00233926
1.2243
0.888332
0.0882473
0.702235
-1.14835
-0.359552
1.21353
-0.96726
-0.776113
-0.649113
0.353215
-1.80386
-0.225388
-0.0322794
0.348776
-2.30107
0.269222
0.342816
-2.48058
1.21244
-0.323493
-0.272124
0.303156
0.693256
-0.455053
-1.93481
-0.287909
-0.934416
-0.0440377
-2.03549
-1.14821
-0.518049
-1.20462
2.76037
2.89729
0.750173
0.0472327
0.0732718
-0.192878
0.757304
0.340453
-2.26499
-0.433207
-0.518314
-0.0497118
0.652236
-0.537098
-1.28374
-0.388789
0.369461
1.77756
0.00663023
-0.250719
1.50994
-0.171027
2.13519
-1.8462
-0.384209
1.50295
1.76128
0.549811
0.468716
0.171636
-0.342119
-0.188298
0.393159
-1.10787
-1.45742
0.160752
-0.414793
0.581152
-1.45385
-0.130419
-1.24263
-0.437893
-1.50972
0.0774699
-0.651772
1.08832
-0.0401403
-0.495558
-0.640531
-0.67153
-0.773509
1.23885
0.576713
0.893572
0.11071
0.82609
1.00914
-0.62095
0.573987
-0.687251
-0.393347
-1.32389
-0.269624
-0.930879
0.168071
-0.416443
1.68827
-0.200258
0.943447
-0.778193
1.96293
-0.549458
1.24532
-0.279999
3.2033
-1.20443
-0.0479494
-0.331306
0.059066
-2.33403
0.543234
0.309762
-0.584876
2.20856
-0.413429
0.13537
-0.118785
-0.00516292
-1.73331
-0.0748034
-0.225459
0.128374
-0.00606655
-1.7689
-0.538223
0.634875
-0.473354
0.0696042
1.32687
0.596352
-0.5904
-0.0561697
-0.260784
1.43583
0.508025
0.125835
-2.04768
-0.607715
0.51884
-0.0245054
-0.805604
1.31995
1.68372
2.83412
-0.821563
-1.12306
-1.12697
-1.65155
-0.481562
-1.26443
2.61225
0.319766
-1.10313
-2.1324
-0.568312
0.895229
1.34166
-0.263906
-0.508424
0.317028
-0.416494
-0.291371
1.69758
0.268308
-1.90941
0.219949
0.201363
-0.728643
-0.331409
0.0578542
0.218452
-0.244345
-0.320989
1.05972
0.717144
0.667753
-0.146971
-0.286156
-0.171018
-0.357209
-3.39493
0.23341
-2.3361
-0.888878
-0.221799
0.41427
-0.244521
-0.732908
-0.593867
-0.120699
0.228946
0.0799097
0.900563
0.32119
-0.022874
1.07579
-0.719863
-1.966
-0.829623
-1.33727
0.335
0.326982
1.59162
0.851449
-0.476148
0.411687
-0.54337
1.92225
-1.1616
-0.185289
-1.23846
-0.18562
0.25805
1.36179
-0.0942965
0.305795
2.59297
-1.80986
0.045843
-0.751128
0.0864807
-0.501153
-0.411274
-0.0552822
-0.138209
2.04338
0.836111
-1.06874
1.14232
-0.110548
-1.09239
-0.281715
0.241385
0.725856
1.42171
0.311984
-0.360205
0.671988
-0.42524
-0.019218
1.52092
-0.402551
0.268655
0.147236
0.234434
-0.112866
-3.28455
0.895498
0.0503797
0.26363
2.53154
-0.0196616
2.05283
0.373106
0.410872
-0.313565
0.641212
-0.872919
0.868252
-0.839844
0.442808
1.32186
-0.201915
-0.844555
0.101918
-0.351412
0.847655
-0.83804
-0.0383204
-0.171343
-0.639184
-0.748758
-0.204081
-1.32246
0.659241
-1.26631
0.946495
-1.12623
0.135467
0.164446
-0.66558
-0.606645
1.39735
0.378911
-0.872073
0.622945
0.189613
-0.81834
0.122012
0.377975
2.77192
-0.640356
1.0455
1.1677
-0.475215
0.104192
-0.198241
0.464206
0.0351054
0.100677
-0.339929
-0.0640087
-0.646025
-0.73908
0.432745
-0.00557207
0.189186
-0.345493
0.517254
1.09372
1.09645
1.54747
0.311247
0.731643
-0.249809
-1.03354
0.424292
-0.189515
0.113154
-0.268524
1.27974
0.95431
-0.0729688
-0.0112992
-0.582826
0.11795
0.587767
0.494388
-0.426443
-2.79142
-0.229928
0.596716
-1.24278
-0.633844
0.622579
-0.475492
0.00961164
0.446439
0.262396
3.89439
0.0211206
-0.269991
0.0706093
0.640661
-0.37923
0.12939
-1.13158
0.884791
1.38036
0.0722166
0.157628
1.19409
2.50081
1.56892
-1.15047
-1.31201
0.351566
1.2963
-0.178112
-0.338362
-0.64685
0.00750552
-1.64211
0.753445
0.165958
0.034028
-0.204182
-0.591887
1.5333
-0.708445
-0.829439
0.223921
-1.26007
-2.08583
0.334581
-1.06424
0.267716
0.378925
-0.478927
-2.20133
0.692533
0.811009
-0.628823
0.265932
-1.37513
-0.0868753
-0.398782
0.358598
-1.7462
-1.38351
-2.2621
0.166593
1.22732
0.187398
-1.64467
0.602438
0.789205
-1.20674
-0.648364
1.20952
0.527232
0.0814114
-0.721607
-0.536252
0.301336
-0.722668
0.778355
-0.786188
0.177471
0.854254
0.978489
-1.34303
0.25889
0.51232
0.377064
-1.14457
-0.904624
0.0943634
-0.913186
0.322882
-0.0336963
0.920972
-0.666098
-0.153297
-1.92696
-0.854326
0.0390999
1.044
-0.520213
-0.116613
0.0939685
0.134081
0.950692
0.948924
-0.958078
-0.932102
0.978137
0.321402
-1.37969
-0.068185
0.0358671
-1.01898
1.25425
0.276936
-0.34794
2.85856
0.0720467
0.260543
0.753805
0.652097
0.206191
-2.25803
-0.603821
0.738039
1.20406
0.111175
-2.01546
-3.06545
0.505543
-0.260103
-0.0199332
0.23543
-2.01593
-0.692959
-0.530711
-1.67898
0.694687
-0.627252
-1.00184
0.596503
-0.544764
-1.17261
1.44518
-0.172091
0.385585
-0.0499676
-0.496712
1.95063
0.0642444
0.280348
-0.54385
-1.75759
0.630847
-1.34316
-0.483736
1.19107
1.0443
-0.591664
-0.239265
-0.289938
-0.0793165
0.479272
0.887532
0.426772
0.0615428
2.81306
2.03832
-0.291725
-0.0852943
0.815428
-0.675606
-0.299111
0.173652
0.758277
-0.158692
0.19769
0.722196
-0.994875
1.21433
2.68444
0.3698
0.0648578
1.1743
0.286729
-1.17557
0.604613
0.495214
-1.49193
1.12089
0.594504
-0.438576
0.511292
0.377873
1.1914
-1.26369
-0.476764
-0.655631
-0.420579
-0.76306
-0.462447
1.08503
1.3055
-1.74588
-0.00286305
1.52219
-0.114949
-1.06873
-1.61137
0.214343
0.250988
1.51414
-0.800019
0.307277
-0.0631905
0.447848
-1.68279
-1.24168
0.969516
0.155981
-0.88872
0.504372
0.673627
2.99536
-1.12526
-3.80127
-0.0940959
0.672669
-0.0543599
2.05022
-0.390151
0.992502
-0.66983
-0.526533
-0.542285
-1.0563
-0.264907
0.406521
1.25375
-0.0676252
-2.27048
-0.265778
1.54702
3.07679
0.0492408
-0.200238
-0.0674597
1.78728
-0.885678
0.550504
-0.737549
-1.79617
-0.465328
0.294607
-1.02973
-0.881121
0.457189
-0.879847
1.36888
0.69645
-0.415012
1.53151
-0.437692
0.197818
-0.0948919
-0.200622
0.621809
0.44107
0.0988606
1.67567
0.655479
-3.10945
-2.09031
-1.4857
-1.10199
0.311132
-0.0111205
-0.418332
-0.740821
1.70722
0.0690626
-3.63009
0.964509
0.745694
-1.00522
0.703504
0.65175
0.0386051
-0.375491
0.484773
-0.22468
0.62202
0.292345
3.63871
-0.0371649
1.28888
0.914379
0.143501
-0.112687
0.213374
1.25583
0.634993
-0.241601
0.465711
-0.760424
-0.776234
1.01555
0.0755326
1.29932
0.899808
1.36894
-3.2968
-0.467911
-1.08274
0.643071
0.80652
-0.662409
-0.0269601
-0.0545479
-0.277651
0.0310684
0.137207
-1.24287
-0.168749
0.27017
0.703012
0.923679
0.230383
0.214275
0.0967067
0.843456
-0.517284
-0.446086
0.215177
-0.894026
-1.87524
-0.861869
-0.13566
1.88682
0.13369
0.514245
1.63285
0.0428839
-0.500368
0.673259
-0.142976
0.0522758
-0.811778
-0.88425
-0.413102
-2.04547
-0.367109
0.70772
-0.906051
-0.177543
-0.81216
-0.724997
1.30243
1.88747
0.551947
-0.376707
0.287785
-0.67435
-0.121657
0.427263
0.0330805
0.136135
-1.29581
0.735364
0.0698815
-1.06945
-0.400089
1.1461
1.02927
-0.0450615
-0.47549
-0.110997
1.66905
-1.66505
-0.4572
0.00784514
-0.722514
1.45918
-0.582563
0.163447
-0.104411
-0.925332
2.23387
-0.134599
0.0694909
0.949376
0.368671
0.148996
-0.520225
2.84706
-2.51209
0.212397
-0.713509
-0.52394
1.85454
-0.319675
0.236531
1.20435
0.338222
0.24874
2.41264
0.390654
-0.0810619
-0.0125747
0.916432
0.213246
0.261065
0.739119
-0.421583
0.257152
-1.03269
-1.03082
-0.762881
1.19221
0.92012
-0.673977
0.622941
-0.341809
-0.437875
-0.476808
0.502542
0.791762
0.252292
1.76293
-0.440844
2.31928
-0.0862717
-0.380884
0.582223
3.17183
0.878729
-0.606229
0.42251
0.153767
0.836201
0.71135
0.496949
0.754895
-0.228024
0.59778
-0.0530117
1.08025
0.174082
-0.627439
-0.411653
1.17757
-0.617521
1.47583
-1.75487
-0.623028
0.295694
0.0476068
0.700178
-0.976245
0.454923
-0.606518
0.668474
0.437772
0.343711
-2.61277
-0.815673
-0.195531
0.297505
-2.26101
1.02704
0.422466
-1.80793
0.276024
1.39197
0.171631
-0.410474
0.698893
-0.635312
0.14146
-1.53741
0.441255
1.38127
0.688903
-1.47987
-0.165523
0.0213014
0.302039
-0.591715
0.432975
0.388998
0.505382
0.881688
-0.0782861
-0.0825752
0.413254
3.05072
-0.697033
-0.57827
-1.50495
1.15409
-0.772614
-0.0532751
-0.70527
-0.185915
1.7686
-0.365074
-0.564844
0.317038
-0.288174
-2.30293
-0.138349
-0.272655
-0.535383
0.202841
-0.269598
-0.154644
-0.279286
-1.95242
-0.0823439
-0.763017
-1.43068
0.773626
-2.0921
-1.1449
0.0571417
1.48364
0.642267
2.11935
0.0837443
0.140929
-0.511715
-0.877405
2.44486
-0.230236
0.745398
-0.377637
-0.562773
-0.189226
-0.0746883
-0.280264
0.266283
-0.122927
-0.62737
0.63757
1.10173
-0.828927
0.722931
-0.649006
-1.37217
0.941828
-0.951002
0.26253
-0.185891
-0.810395
-0.957556
0.633125
0.425242
-0.0908839
0.03114
0.647547
0.990929
-0.566621
-0.69393
-0.0679773
1.38782
-0.947432
0.414222
0.412537
1.7597
-0.841479
-0.166382
-0.0131407
0.473812
-1.2732
-1.69316
0.324769
0.969218
0.721115
1.46128
-1.56762
-2.34044
-0.39371
-0.143614
0.970364
0.326817
0.551084
-0.289726
-0.0394263
-0.521416
0.0721604
-1.67615
0.503062
-0.677429
-0.0198269
0.0338319
1.11047
0.208643
-0.8249
0.340786
-0.368215
0.545124
-0.599719
-0.292035
0.93556
0.971669
0.582558
-0.791521
-0.742698
-1.32386
0.296567
0.428507
0.743634
1.18653
-1.3523
-0.531502
0.0769424
0.932814
0.918194
-0.49112
1.79796
0.197594
-0.895426
-2.07105
-0.0143
0.327744
0.638719
-0.038325
-0.138177
-1.39072
0.897073
0.385379
1.57521
-0.310666
0.719203
0.506968
0.0898029
-1.8192
-1.18793
-0.0706884
0.748578
0.39221
1.15304
0.405866
0.176877
2.47587
-1.13704
-1.48065
-0.556667
1.6948
3.31527
0.131401
0.0657109
0.0271414
-0.32667
0.0763104
-1.54623
0.320354
0.612606
-0.11447
0.169574
0.546609
0.295662
1.37638
1.34886
-0.0120045
-0.357876
1.87814
0.604267
0.104229
-0.433598
0.0501058
-0.53355
1.33211
0.0326981
-1.3488
1.41746
2.21009
-2.1018
0.171783
2.21129
-0.0119126
0.433562
-0.186969
-0.0212694
-0.617695
0.288332
-0.408899
0.111891
0.526432
1.03263
1.02102
0.599747
0.384871
0.0823927
-0.172936
-0.590075
-0.435502
-1.08366
0.820269
0.538112
0.156952
0.529464
-1.77207
-1.33327
0.334073
-0.568688
-0.122278
1.49256
0.39332
0.919654
0.596447
-0.421353
0.523221
-1.05926
1.44483
-0.851163
0.416961
0.519401
-0.658143
0.549672
-0.341327
1.66432
0.252314
-0.145169
-0.173988
0.854182
-0.24165
-1.12972
0.974072
-0.0396152
-2.36484
0.501166
-0.512706
1.42571
-0.192716
-0.506632
-0.0158023
0.539013
-0.446864
-0.708327
-0.204893
2.43648
-0.496486
0.325794
0.575237
-1.65888
-0.154258
-0.149126
0.458727
0.243246
0.0157824
-0.678169
-0.801554
0.224831
0.0546769
1.18906
-1.71898
0.190572
-0.514066
0.325618
0.0636133
0.416762
-0.155029
0.0632337
-0.443303
-0.244236
1.14484
-0.216974
0.538242
0.844326
1.26528
-0.32985
0.973347
0.123781
0.126253
-0.163505
0.143149
0.320746
0.205592
-0.0604503
-1.07395
1.87683
0.200021
0.356671
0.648911
-0.76291
-1.40782
-0.620028
-0.356033
-0.332244
1.30697
0.148582
0.435823
-0.270109
0.836728
-0.543997
0.0908256
1.65394
0.0449684
-0.0460535
-0.0114219
-0.460368
1.03943
-0.472498
-1.08393
-0.0562896
1.4847
0.809668
0.48838
1.56284
0.760567
-0.799868
0.264801
0.661938
-0.494178
-0.426517
1.02411
-0.430605
0.716654
-0.000509479
0.0746987
-0.418127
-2.07287
0.408639
-0.0421861
-0.130257
-1.92276
-2.58273
-1.94166
0.650027
-0.584073
-1.49309
-1.12344
1.03759
0.823497
0.430317
0.622762
0.391759
0.587021
-2.49131
-0.485532
-0.362454
0.660104
0.0982961
-0.0591417
0.0772081
-0.805157
0.61532
-1.19434
0.321662
-0.207571
0.283711
1.02863
0.142372
-0.400709
-0.398211
-0.0970185
-2.46834
-0.0973307
-1.25226
0.314495
-0.0372068
-0.419479
-0.0573683
-2.2641
-0.0790877
-1.70849
-0.0607825
-0.707758
-0.324806
-0.685918
0.791701
0.376991
0.440514
-0.862195
-1.06146
-2.55416
1.43167
0.011075
-0.532783
0.00686523
0.656451
0.743003
1.08894
2.95419
0.989824
-1.16826
0.423253
1.16934
0.0346206
0.0449772
-1.59425
0.377337
-0.281731
1.85645
-0.0435014
0.622274
0.0306241
-0.245829
0.258624
-0.910533
0.61302
0.161141
-0.364904
0.84832
-0.683811
-1.59681
-0.104786
0.215534
-0.252466
0.952263
0.0642611
-0.471275
-0.929003
-0.323605
-1.3868
-0.726013
1.34584
0.972032
1.10045
-0.977913
0.413228
1.08386
0.679503
-1.36959
0.672728
-0.632494
-1.4458
-2.58093
-2.3651
1.6128
1.44517
-0.599444
0.502154
-1.21567
0.57922
0.0873158
0.572342
-0.357731
0.0364865
0.676886
-2.62842
0.48404
0.226168
-0.830505
-0.0512894
0.477795
0.213526
0.203817
0.709103
0.368804
-1.71162
0.211123
-0.547452
-0.153852
-1.55222
1.22572
-1.99985
-0.345302
-0.267101
1.97227
0.502046
0.659617
-0.933197
-0.998437
0.589626
-1.19734
0.515677
-1.9014
1.63045
0.104183
1.37763
-2.42853
-0.460594
-0.500187
0.338864
-2.40248
-0.0597793
-0.856032
-0.15452
0.930028
-1.73884
-0.775273
0.216102
-0.399
-0.323026
-1.45341
0.306211
0.0529166
-0.902911
-0.118175
0.774333
-0.881238
2.0708
0.0486565
0.29108
1.51961
0.757395
0.793766
1.33552
-1.07369
-1.38876
-0.331629
0.206372
-0.408522
-1.09246
0.435329
0.933901
-0.38386
-1.79012
-1.23082
-1.03613
0.683442
-1.1736
2.23729
-0.683734
-0.631132
-0.800239
0.450285
-0.188458
-0.585776
-0.435854
0.00262001
-1.59831
1.36846
-1.32158
-0.369314
-0.644994
-0.0851419
0.61961
-0.142429
0.680351
-0.0557322
1.58023
-0.940033
-1.55825
1.01434
-0.264772
0.906455
-0.522273
-1.86324
0.00549558
1.06561
0.717401
-0.78164
-0.285132
-0.105763
0.172074
-0.239783
-0.9121
0.563923
1.87655
0.00840566
1.00256
0.708188
-0.0431665
0.872704
0.494704
-1.53346
-0.391666
1.86684
-1.06596
-0.155894
0.905467
-1.821
-1.00838
0.0704629
-0.257855
-1.16652
0.710012
-1.1685
-1.94999
1.65143
0.00675279
0.243289
-0.701221
0.625866
-0.958192
0.512764
1.0381
-0.634682
0.14643
1.62202
0.229723
0.275016
-0.771622
0.699833
-1.55411
1.76423
-0.256134
-1.67028
0.218834
-0.749199
-0.225629
-0.443691
0.645691
0.593582
0.517899
0.49613
1.62921
-0.781355
1.09749
-0.738189
1.47368
1.34831
0.268249
0.0530102
-0.111469
-0.428292
-1.48349
-3.64828
0.511761
0.0414631
0.823905
0.0860412
-0.374646
-0.310773
-1.54714
-0.806906
-0.346129
0.326521
1.8049
0.298704
-0.740327
0.514131
0.458978
-0.814798
-0.147377
0.095555
-1.5763
1.14165
-1.2403
2.00157
3.6037
-0.158092
-0.372433
-0.935615
0.166847
0.160796
-1.12368
0.693688
0.351193
0.384599
-0.17439
0.842218
-0.989865
1.10681
-0.272102
0.663117
1.59664
-2.15516
-1.17576
0.184501
-0.190422
-0.5051
0.150102
-0.100071
1.15436
0.791937
0.443123
-0.393507
-0.660797
-0.497571
-0.513893
1.47601
-0.0121144
-0.270709
-0.1794
0.470698
-0.122353
0.412322
0.29108
-1.05997
0.231777
0.0789572
0.463532
-0.0451693
0.861745
-1.12414
-0.39507
0.371667
0.115237
0.137887
-0.146779
1.07199
0.151441
0.23798
-0.366244
0.528992
-0.683997
-0.432277
-1.38515
1.09892
-2.39399
-1.15622
0.436746
0.970457
-0.164687
2.15074
-0.139179
-0.652511
2.43384
-0.0947554
-0.690577
-0.120937
-0.0173009
-0.235384
-1.15401
-1.19043
-1.06737
-1.43623
-1.18096
-0.0638176
-3.94468
-1.40751
1.97529
-1.39133
0.167839
-0.857517
2.05106
0.67019
0.818353
-0.031834
-1.78185
-0.53565
-0.460963
-0.402909
0.78867
2.9584
1.47512
1.04196
-0.748794
2.21448
0.0431744
0.579756
1.82533
0.247635
-0.694996
1.03507
0.802446
1.0905
-1.50523
0.545989
0.0747879
-3.34321
-0.784076
0.351689
0.556453
0.649487
1.39006
-0.119803
0.208827
-0.440187
-0.99833
0.463345
0.993168
-0.336714
-0.567767
0.254558
-0.173252
0.929352
-1.76814
-2.77335
-0.60869
-0.245052
-0.0139769
0.0105161
0.0265833
0.0115796
-0.347744
-1.32522
1.86888
0.244765
-0.0434753
0.0974749
0.779858
0.101135
1.69026
-1.212
0.417128
-0.409975
-0.16138
-0.138936
-2.68711
-0.553043
0.64838
0.0539693
-0.588406
0.0589954
-0.395952
0.749305
-0.815744
-0.97003
0.477114
-0.404143
-0.727471
-0.178678
0.589697
-0.412738
0.327068
0.524138
-1.529
0.277055
-0.250468
0.184027
1.08415
0.185168
-0.891011
1.42217
-0.235892
-0.106013
-0.822157
0.396681
0.450806
0.649796
-0.320763
-0.623869
0.0150925
-0.0942743
0.385614
0.725558
1.452
0.220628
-0.100282
-1.50349
-0.772984
-0.731666
-1.03132
1.31243
-0.45046
-1.6294
0.44278
-0.358375
0.278666
0.9331
1.63528
-0.953722
-0.314815
0.797484
-0.242409
0.684403
0.564753
0.924192
-0.58118
-0.333785
-0.167634
-1.65023
1.34828
0.565099
2.62672
-1.59751
0.658674
0.0943035
0.422846
0.672247
0.723532
-0.24441
-0.232036
-0.240495
0.828401
-0.109446
-0.0893058
1.82231
-1.2436
0.120086
-1.49467
0.334208
0.00289536
1.19996
1.04542
-1.45778
-0.260536
-0.613647
-0.420046
1.38284
-0.00273598
-0.10684
0.565464
-0.352844
0.494188
-0.736308
-0.0541781
-0.291172
-2.70505
0.326013
1.42643
1.64722
-1.19445
0.144985
-0.515102
1.33304
-1.39984
0.0388647
0.814446
-1.16608
-1.71776
-0.348168
0.566922
0.123672
-0.351083
0.0211547
-0.572915
-0.800349
0.291743
-2.9955
-0.0133301
-0.395603
0.351358
1.0695
-1.21293
-1.17005
-0.594958
-0.346737
0.620853
0.404803
-0.499127
0.107428
-0.49084
-0.570307
-2.03341
-1.14012
-0.0185574
0.761103
0.988807
0.924535
-0.829259
0.422601
1.98526
0.409915
-1.52389
0.468053
0.283334
-0.561723
-0.160439
-0.919098
-1.18638
0.0995121
0.0133236
0.0204861
0.971515
-0.522402
-0.382533
-0.0708193
0.763777
0.135571
0.257634
-0.593309
0.0720224
1.98207
-0.563954
-0.0394476
-0.813061
-0.055148
0.55997
1.32086
0.659739
-0.0313471
-0.164258
-0.125744
-0.892787
0.043447
1.3395
0.607398
0.594304
-0.428077
0.710775
0.0210253
0.670817
-0.962962
-0.220992
0.587151
0.193337
-0.111579
0.934073
0.867322
-0.287767
-1.70332
-1.26122
-1.25093
-2.48212
-0.96651
-1.13559
-1.4017
1.02628
-0.0224219
-1.83008
1.06912
1.12808
-0.430455
-1.08674
-0.841156
0.21655
0.360065
1.78397
1.24955
0.387309
-0.614243
-0.195191
-0.0588216
-1.86278
0.136189
-0.89409
0.334769
0.119472
-0.680362
-0.118732
0.173783
2.03589
0.20313
1.0679
-0.178679
1.35457
1.42636
0.189615
1.21572
-0.95371
0.922794
0.586968
-0.0521338
0.0221948
0.26972
0.498567
-1.45692
-1.062
-0.931371
0.0915523
-0.456769
0.39543
0.460681
-0.798942
0.737173
4.68398
-2.43648
1.61623
-0.746763
-0.760375
0.0893784
-0.431051
0.485583
-0.158949
1.08209
0.920268
-0.812244
1.08593
1.05924
0.423656
-1.07576
-1.21507
0.677613
-0.386616
0.991408
-0.371593
-0.511035
-0.534141
-0.559879
0.84341
-0.0688959
0.399114
2.02918
-0.409516
-1.65716
-1.1513
0.651399
0.00953687
-0.439326
0.727346
-0.420841
1.62969
-0.346013
0.491391
-0.150764
-1.79418
0.526286
-1.82004
0.677802
1.70546
-0.47619
0.659224
0.880967
-0.595445
-0.282295
-0.198908
2.32357
0.978677
-0.609038
-0.633976
0.155626
0.211214
-0.626366
-0.202847
1.33403
1.01225
2.9328
-0.750762
-0.16352
-0.643299
-0.363081
0.406451
-0.561515
-3.42808
0.200062
-0.741568
0.67774
-0.928781
0.808404
-0.678305
-0.35229
-0.0798743
-0.862415
0.338703
1.02952
-0.339715
-0.0524033
-1.12476
0.662849
0.766898
0.0322699
-0.323564
-1.01339
-0.46961
0.38879
-0.825302
1.62834
-0.521051
-0.559682
0.328186
-1.92694
-0.736262
-0.358857
1.49603
0.239998
-0.569998
0.621388
-1.44135
-0.427227
-1.21341
2.3008
0.170996
-1.6398
-0.450929
-0.956679
-2.01753
-0.341687
0.151697
0.502968
-0.567548
-0.606569
0.171128
-0.642455
0.580566
-0.957384
0.45513
-1.26884
-0.153752
0.00350929
1.41848
0.119293
-0.137591
0.154414
-1.00542
0.366814
-0.96472
-0.359797
0.740796
0.167029
-0.308345
0.959902
-0.898711
-1.31765
0.489696
-1.05975
0.322803
-0.356527
-0.00206163
0.523007
0.460405
-0.131958
0.183241
0.32001
1.04441
-0.279612
0.289653
0.139519
0.587217
-0.68758
-0.57938
0.676345
-0.507284
0.855607
-1.01579
0.0488977
-0.0611435
-0.619884
2.54287
0.806262
0.0511815
-1.09957
-1.03716
-1.27789
-0.397213
0.193174
1.13746
-0.331861
-0.213718
-2.26994
0.593971
0.567073
-1.35448
-0.406745
-1.99187
0.0826561
0.351602
-0.58718
-1.30057
1.89481
-0.0862175
-0.3839
-0.811833
0.89107
-0.708445
0.318318
1.53077
-0.120895
1.39093
-0.439773
1.1667
-0.850757
-0.554629
2.16782
0.228672
-0.442325
0.126901
0.241127
-0.208673
-0.255728
0.173955
1.34557
0.526124
-0.827247
0.568639
1.9543
-0.266844
0.356596
1.17426
2.81112
0.460031
-1.87273
0.371149
-2.39004
-1.16265
0.880597
1.2857
-0.405267
-0.00851637
0.913909
1.09363
0.803158
0.151064
0.844022
0.895321
-0.0763671
0.442214
-0.316294
-0.942899
1.12319
1.24415
0.0725837
-0.0811816
-0.00916719
-0.672626
0.281125
-0.338338
-0.309038
-1.1769
0.716068
-0.237401
-2.59959
0.414698
-1.39125
0.0960635
-0.111753
-3.0828
0.128059
-0.0829259
-1.61472
-0.919656
-0.449892
0.86049
-0.345227
-0.405755
0.836325
-0.517491
1.50551
0.693151
-0.879317
1.72921
-0.0189472
1.08501
-1.0212
0.0628486
-0.307184
0.267585
-1.52505
-1.29355
-2.17836
-0.448988
-0.465343
0.654821
0.172489
-0.348566
-0.490216
0.835325
-2.29837
-0.109339
0.339189
-2.90092
-0.521079
-0.633349
1.63986
-2.15864
0.763103
0.608563
0.227784
-0.710439
0.990533
-0.872594
0.226638
-0.341912
-1.10274
1.25166
-1.11134
1.69393
0.190943
-0.798192
0.150411
0.0888319
-0.106519
-1.1718
-1.35432
1.26928
-0.380811
-0.0922591
0.295872
-1.13526
1.16328
-1.05637
-1.45226
-0.222651
-0.421818
-1.03594
0.684105
-1.27561
-1.13339
0.364683
-0.144429
1.41742
-0.346645
0.611603
0.479134
-0.675373
1.39227
0.432039
-1.01039
-0.206398
1.66289
-0.255282
0.629933
-1.22155
0.029881
-1.75048
1.19618
-0.187517
-0.793487
0.0880828
1.47486
0.258157
0.582824
-0.528705
0.552257
-0.745816
0.165627
0.121483
1.50336
-0.606257
0.031955
-1.39841
0.511942
-0.227559
-0.121816
0.117929
0.310142
-0.569462
0.532209
-0.260257
0.323993
0.185192
-0.709628
-0.430127
-0.428996
1.40085
-0.345702
0.221032
0.164077
-1.53869
0.554069
-0.276589
2.35394
-1.46956
-1.24032
-1.20135
-0.793975
0.0591833
0.52991
-0.514984
-1.7155
-1.27022
-0.19481
-0.674399
-0.422615
-0.432723
-0.512981
0.728718
2.83582
-1.44603
-0.912104
0.215401
0.722035
-0.0350408
-0.928562
0.403135
0.0316279
1.32198
0.68553
0.97198
-0.574382
1.33415
-0.643097
0.0816097
-0.108046
1.29884
1.03315
-1.09531
0.351559
-0.275534
0.13437
-0.535324
-0.320532
-0.270293
-0.411816
0.688221
0.681141
0.0249343
-0.219217
-0.0395822
-1.1147
2.42756
0.286605
-0.615322
0.00953612
0.0919088
1.16638
1.588
0.108322
-0.906631
0.668806
0.427791
0.486098
-1.15238
0.092014
-0.25267
-0.910051
-0.418349
1.13189
0.522391
-1.13462
0.206444
-0.105189
-0.705013
-0.14289
1.33169
0.91987
-0.848401
-0.391456
-0.778194
0.195759
-0.472332
-2.35156
1.24311
0.0889528
0.801145
-0.386752
-0.546101
-0.556204
-0.23841
1.04538
0.640629
1.07414
-0.259571
-0.508526
-1.70597
-0.607633
-0.688245
-0.527408
-1.0513
0.733201
0.880782
0.224775
0.405349
2.69641
1.21941
1.81488
1.58015
0.61246
-0.0755583
-1.9265
-0.100094
-0.169733
-0.974641
0.118507
0.561351
-2.11052
-0.41474
-0.349653
-0.588942
0.378969
-0.466412
-0.360819
-0.704385
-0.253324
-1.34768
-2.17592
0.061316
1.9397
-0.414449
-1.97346
0.0996089
0.000904011
0.755201
-1.39104
0.518119
-1.06128
-0.587233
0.0177467
0.426975
-1.30954
0.414505
-0.220269
-0.091024
1.71888
-1.24522
0.342713
-0.27923
1.2953
-1.22553
0.121685
-0.141486
0.418974
-1.82229
-0.163126
-0.835405
-0.54548
-0.153499
0.598925
0.102601
-0.388379
0.969301
0.241588
0.0430321
-0.23436
1.20785
1.20349
-0.73495
-0.257158
2.4452
0.0739387
-0.00955358
0.0889679
0.573775
1.53022
0.147383
-0.503357
-0.361084
0.633979
0.213706
-1.03186
0.345151
-0.584133
0.955839
-1.86013
1.25644
2.31556
0.239643
-0.257905
1.32303
-0.952953
-1.31702
-1.65347
-0.00688178
-0.0440822
0.00098298
1.57801
-0.543167
0.653673
-0.841105
-1.74796
-0.344221
0.652286
-0.633719
-0.290647
1.13841
-0.369215
0.498354
-0.05057
-0.998641
-0.113269
-0.0933631
1.15259
-2.66971
-0.177182
0.314075
-0.632418
1.31501
-1.82901
0.0252105
0.660823
-0.336796
-0.980056
1.53874
0.346572
1.6761
-0.745587
0.556657
-0.760161
-0.491291
-2.69476
0.153063
0.366872
-0.473524
1.03485
-0.343705
-0.08675
0.956026
0.654065
0.156666
-0.334733
0.176455
2.0561
-0.272727
-1.07541
-0.0549265
0.897312
0.591597
-0.265931
-0.0386137
-0.187348
-1.92176
-0.231924
-0.0953907
0.483741
-0.176814
-0.58761
1.15475
-0.733045
-0.0322486
-1.00903
0.742664
-1.07698
0.0139544
-0.210105
-0.318748
0.252146
-1.44512
0.164281
-0.0446495
0.536265
0.569595
-0.0400544
0.840991
0.860561
-0.489728
0.13355
0.420543
-0.262035
1.05747
-0.167112
-0.319209
-0.574049
-0.664264
-0.662338
0.349639
-0.657986
-0.743557
-0.169183
-1.13696
-0.604127
-1.08249
-0.926143
0.971751
-0.419365
-1.25902
-2.34094
0.961903
1.23647
0.39859
0.705885
-0.551994
-0.0305867
-0.636375
0.0786089
0.250886
-0.636487
-0.569754
-2.04582
0.59984
-1.25202
0.868401
1.7686
-1.63908
-0.651195
-0.576603
-0.408236
0.0415378
0.486082
1.2409
-0.184153
-1.61208
-0.846262
-0.685159
-1.56053
1.98259
-0.938613
-0.0270624
-0.561994
-1.33769
-0.189093
-0.219602
0.421626
1.87633
0.0942158
-0.289899
-0.900347
-0.642436
2.41972
-1.20769
0.620419
0.615511
0.889319
0.0833122
-0.920337
0.815632
-0.259591
-0.639593
0.480447
-2.14683
1.10122
-0.98102
-0.404542
1.53258
-2.5614
2.44208
-0.443558
1.14844
1.58167
-1.4227
-1.15071
-0.61405
-1.46547
-0.620211
-0.197741
0.0113479
0.246057
-0.282574
1.02341
0.431692
-1.56482
2.97352
-0.13518
0.39892
0.463015
-0.34235
-0.690062
-0.25881
0.369626
0.309447
-0.478892
0.000925069
0.794732
1.55192
-0.171766
0.713358
0.809526
-0.471279
1.42106
-0.192584
-0.793154
-1.86117
0.798082
-0.0595664
0.335386
0.575434
-0.485171
1.04309
0.294987
-0.755739
0.942789
-0.369237
-1.22441
0.155969
1.33904
0.958914
-0.0141116
1.58858
0.938006
0.295235
-0.39445
1.48445
-0.477305
0.169398
-0.962337
0.443812
-0.650306
0.274909
0.379955
1.12889
1.09094
0.542909
2.28363
0.809256
0.522682
-1.33997
-1.06624
-0.104141
0.0236853
-0.923154
0.25527
-0.901876
-0.158039
-0.583737
-0.295529
-0.527123
0.205439
0.811441
-0.426443
0.797479
0.191684
0.531151
1.04036
0.0346145
0.0487974
0.464675
0.0574886
-2.03383
1.32948
0.395132
-1.17749
-0.900055
0.331512
-0.177347
-1.20301
-1.31739
-1.29062
0.920052
0.765875
1.11595
0.592764
-0.997157
0.171253
-0.179974
1.41959
-0.000575074
-0.261404
1.49945
-1.39082
-0.833146
-0.311881
-0.256511
-0.628991
-2.88139
-0.718594
-0.245432
0.260674
0.179954
-0.890102
-1.55653
-2.02242
-0.304066
0.855843
-0.102551
-1.12225
-0.340878
0.319797
-2.51973
-0.815349
0.0696324
-0.671112
0.199801
-0.880483
-1.78649
0.111607
-0.586101
-0.23703
-0.508856
1.61881
-0.293529
-0.724354
-0.693468
-0.647832
-0.00472893
-1.02042
0.343682
0.751223
0.177451
-0.53176
-0.0994673
0.035957
-0.0286486
-0.402686
0.0668215
2.23469
0.139074
-2.11438
1.31948
2.9834
-0.489411
-0.434843
0.227102
-0.238703
-0.63392
-1.27584
1.37855
1.06959
-0.696063
-1.36632
-0.188357
-0.739124
-0.702701
0.141982
-1.4776
0.959507
-0.561383
-0.871231
-0.779115
-1.63435
-1.08395
-1.00764
0.47777
-0.493572
-0.897053
0.387181
-1.0701
1.50135
-0.632215
0.415795
-0.598422
-1.22994
0.310548
0.794508
0.870611
-1.56436
0.25895
0.791937
-1.27148
0.328256
-0.639533
-0.15405
-0.49534
1.40895
-1.11257
-2.19759
-0.24048
-1.91744
1.38209
-0.265997
-0.0249034
-1.78471
0.901217
-0.571536
-0.704021
-1.60659
-0.291406
-0.0811679
1.41681
-0.240632
0.0694461
-0.775305
0.23484
0.219447
-0.231065
-2.13559
1.31969
0.0402015
-1.45035
-0.340064
-0.265188
1.50666
-0.921755
0.219268
0.0425584
-0.908917
0.949067
-0.197204
-0.393959
-0.0867951
-1.94283
-0.0137866
0.487425
-1.01195
2.3597
1.13803
-1.19171
0.740194
0.451685
-2.91047
-0.817128
0.465838
-0.955778
0.44989
0.913102
-0.11003
0.454696
1.16681
-0.78491
0.965134
-0.408577
-0.294345
0.560342
0.217362
-0.658927
0.0737179
-0.188689
-0.46515
0.272727
-0.565822
0.835012
1.51432
-0.111687
0.66775
1.06348
0.160855
0.0432688
2.14499
0.541731
1.26379
0.586887
0.0543011
1.3211
-0.541864
0.426373
-0.406349
-1.77357
0.0248925
1.12749
1.13501
0.0391271
-0.134687
-0.0195624
0.254486
-0.614486
-0.3252
-0.37826
-0.0688414
0.65704
-0.490212
2.74371
-0.0341357
-0.92122
-0.275435
0.744336
2.38887
1.08751
-0.024096
-0.815245
0.88926
-0.26292
-2.99339
0.462258
-0.390247
0.947802
0.642602
0.568663
-2.16538
0.502447
0.160379
0.0967162
-0.555639
2.02171
-0.567399
-0.435958
0.325542
1.16548
0.64758
-0.696347
-0.253372
0.649141
-0.765839
-0.0904145
0.922927
-1.34187
-0.444716
-0.610998
-1.3183
0.241127
-0.619731
-1.47843
-0.877562
-0.110302
0.971505
-0.505234
-0.304102
-1.95248
0.870881
1.72647
-0.534742
-2.18978
-0.181307
-0.226417
0.0569325
0.336892
0.772555
-0.18096
0.107413
-0.223703
0.321196
-1.93825
0.0937373
0.63465
-0.0304937
0.439365
0.564083
-0.67631
-1.17799
-0.483042
-1.93164
0.874703
-0.373619
0.972302
-0.104084
-0.192804
-2.4033
0.358562
0.0822422
-0.0646713
0.246778
0.142643
1.32017
1.60041
0.841084
-1.02867
0.54703
0.775375
0.475177
0.0683285
-1.13816
0.492626
0.197392
0.353002
-0.145074
1.46678
-0.280118
1.71476
0.288802
-0.305493
-0.698057
2.2384
0.876253
-0.292724
-2.41649
0.988577
-0.0456408
-0.0284646
0.0966605
-0.800816
-0.208034
-0.331959
-0.202918
0.686206
0.280523
-0.24286
-0.164058
0.713462
-2.46496
0.235506
0.150094
0.541068
0.808624
0.459413
-0.623307
1.08671
-0.25485
0.284908
-0.469298
-1.99559
0.743903
0.446976
-0.203782
1.71652
-0.484181
0.852982
-0.789533
-0.0407068
0.265821
0.0253145
-0.448424
0.50033
-0.594225
0.733433
-0.951372
-0.31544
-1.9653
-0.973678
0.529494
0.28874
0.263429
0.841866
1.34258
0.966505
0.575845
0.804628
1.34518
-3.10992
1.49956
1.05904
-0.548873
-0.496499
-0.87455
-0.827559
0.772245
-0.0582548
-0.733929
-0.909983
0.0928402
-0.684561
0.902517
1.25212
0.153659
0.138382
-0.940082
0.713757
0.226776
0.0152748
0.196284
1.1493
-0.852512
0.0879044
-0.322641
0.587948
0.0149005
0.16915
0.246035
-0.361401
0.00370846
-0.41262
-0.253264
-0.0164142
3.2573
-0.136731
0.506053
1.67571
3.01535
0.537571
0.307524
0.243589
-1.49909
-0.191979
-0.10205
0.0572448
0.18921
2.04378
1.05713
-1.12237
1.58992
0.491318
0.675975
0.641746
-3.30881
-1.18271
-0.340824
0.43271
-0.174923
0.052554
-0.116336
-0.268119
0.460356
-1.04222
-0.345295
-1.44882
-0.493623
-0.949516
-0.60635
1.71926
0.167746
0.424266
0.0866746
0.721605
-0.142892
0.521685
0.691568
-0.213003
-1.08818
0.383394
0.265089
-0.754259
0.424746
-0.0761997
-0.729597
2.34543
0.936588
-0.811686
2.65681
-0.739034
0.246132
-1.30742
0.0905387
-0.0374754
-2.42393
-0.0312431
0.538361
0.0356975
-1.03869
-1.16829
0.839171
-0.511028
-0.233156
0.0682673
-0.211226
1.10912
0.276872
-2.71395
-3.10378
-0.481693
0.0130437
-0.50044
-0.699536
-1.06891
0.530919
-1.61724
0.45973
1.36507
-0.427108
-0.18591
-0.504987
1.95281
0.119118
-0.173373
1.04433
-0.0315974
0.225884
-1.1804
-0.634277
2.84672
0.509208
3.03299
2.37171
0.131671
0.0147509
0.388261
0.683969
-0.178675
0.763779
0.314634
0.139396
-1.55224
-0.679483
1.06415
0.416457
1.08188
0.375918
-1.14928
-0.101544
0.446114
0.287499
-0.440679
-0.231283
-0.656646
1.48027
0.653295
0.773781
0.229644
0.197501
1.00867
1.05424
0.625775
-0.0388059
-0.3798
-1.73416
-1.33087
1.40723
-0.0892756
-1.07878
-0.120493
-0.803152
0.261859
0.523866
1.18895
0.17837
-0.316619
-0.724064
-1.20924
1.11151
0.155417
2.07602
0.579055
0.351401
-0.469185
2.24378
-0.545624
-0.554369
-0.40065
-0.458037
-1.75085
0.7839
1.23535
-1.39504
-1.10941
-1.09492
-1.61872
-0.117872
0.675038
-0.595366
0.437052
-0.144701
0.523301
-0.588202
2.66064
0.103483
-0.463626
0.809062
-1.12292
-1.11916
-0.8458
0.28594
1.19582
-0.440164
-0.678975
-0.517837
0.0563643
-1.04588
0.301541
-0.137551
0.0713895
-0.250846
2.01402
0.322028
-0.295614
-0.394991
1.21752
-0.174434
0.0981321
-1.50084
1.77736
-0.568522
0.703191
-1.80579
1.26721
-0.0791966
0.0308628
-0.454729
0.143834
0.153566
-1.29731
-1.22952
-0.173604
-0.423306
0.0121654
1.64316
1.0784
0.521584
1.85833
-0.512644
-0.352489
0.0106637
-0.983203
-0.305756
0.123517
-0.374207
-1.75345
0.64691
-0.941835
0.569858
0.377459
0.365732
-0.00104708
-0.291295
-1.48719
-1.03484
-0.546992
1.76327
-1.31567
-2.29376
0.445532
-1.16303
-0.701461
0.221642
0.88241
-2.83391
2.64872
-0.087319
0.13156
1.03463
-0.676766
1.47965
-0.256097
-1.64509
0.294052
-0.479122
-0.00764677
-0.557491
0.223869
-0.265375
-1.11846
-0.886166
0.725248
-1.56024
-0.0745025
0.012062
-0.302077
0.334959
0.471098
-0.395726
-1.07152
0.931958
1.82234
0.29415
0.415759
0.884721
-0.536247
2.50546
-0.593167
-1.65862
-0.261853
0.0206561
0.442475
0.517191
1.85686
0.966729
0.311703
-0.131907
0.20669
-0.282297
0.311154
0.996724
0.65374
-1.18717
1.35974
-1.48077
-0.675511
-0.89169
1.16062
-0.586383
-1.03033
0.0671184
-1.23605
-0.98477
1.18853
1.39884
-0.81159
0.770063
-1.97988
-0.861568
0.370438
0.496194
-1.09262
0.710205
0.607677
-0.449987
-0.739407
2.05921
0.0966907
0.859844
0.873201
-1.05884
-1.17609
0.222418
-0.683826
-0.629747
0.822019
0.593648
0.0415987
0.0841242
-0.360266
0.391354
0.103013
0.799028
0.957254
0.723764
-0.140526
0.318221
0.490338
-0.16152
-0.468525
0.405929
-0.484249
-2.57898
1.59841
-0.187461
1.11469
0.373587
-0.714166
-1.45207
0.888061
1.41774
-0.504246
0.0923203
0.805528
1.9202
1.15843
-1.77915
0.138753
0.914226
0.835248
-0.827629
-0.0168808
-1.06054
-2.00475
1.13884
1.65047
0.256469
-0.795384
0.795485
-0.442004
0.633681
1.286
0.580883
-1.04731
0.341197
-0.437556
-1.89377
-0.0703317
-0.218348
-1.02202
-1.05714
0.905671
0.740001
0.110146
-0.88664
0.333476
-0.21302
-0.115314
0.378548
0.337511
0.290199
-0.122985
-0.968393
1.03533
0.989566
-0.304046
-0.323218
2.17362
-0.091601
1.04503
-0.356333
-0.765717
-1.79258
0.801778
4.19873
-0.727021
0.140196
-0.453109
-1.02419
-0.0824452
-1.07484
-1.68473
1.00916
0.12045
0.702551
0.984508
-1.12001
1.60697
-0.108325
-0.123263
0.105553
-0.345629
-1.38933
0.374567
0.108239
-0.267751
1.05056
0.254893
-1.65798
0.494002
-0.678569
-0.887195
-1.95519
3.85427
0.217809
-0.379519
-2.04788
-1.20679
0.0759436
-0.546288
-1.62943
-0.160258
1.44634
0.702819
-0.905979
1.57743
-0.0570493
-0.518594
0.0025208
-0.0233097
0.42113
-1.39852
1.64362
0.236912
0.935643
-0.044764
-0.50481
-0.442656
1.23988
0.35284
-1.28262
0.633754
0.514027
0.626611
0.436909
-0.964206
-0.1075
0.241744
0.399083
-0.097395
0.141839
0.31959
0.382063
0.331367
-1.16924
-0.153286
0.498268
-0.121958
0.797064
0.55616
-1.0288
0.940136
0.884755
-0.00963514
0.414434
-0.290903
0.504111
-0.477842
-0.710049
-0.497413
1.84718
-2.06776
0.123404
1.50281
-0.317538
-1.33899
-0.50037
0.89881
-0.165096
1.95483
-0.330828
-1.22254
0.215053
0.0887788
0.38659
-0.513957
0.0163414
-0.333155
-0.167913
1.7327
0.196879
-0.0213662
0.570145
-0.0103242
2.82357
1.55926
0.902928
-1.95401
-1.56269
-0.0945845
-0.243277
-2.46557
0.571134
0.710188
-0.127915
0.00812373
-1.26063
-2.05706
0.990559
0.413907
2.4967
-0.0638575
0.413662
-0.208287
0.667305
-0.324664
0.706918
0.461283
1.19433
-0.788725
-0.192139
0.0617601
0.24089
0.608304
0.557919
-0.212675
-1.00627
0.146222
0.39579
-0.613083
-1.19789
0.745681
-0.0818993
-1.07883
1.7654
-0.300559
-0.476228
-1.86813
1.11031
-1.83893
-1.01215
-1.10891
-0.22196
1.24853
-0.261366
-0.101805
0.63487
0.596555
-0.0235795
-0.491169
0.551214
-1.56155
-0.676502
-0.374773
0.336251
-2.01781
-0.41218
0.288587
1.56592
-0.721701
1.44919
-1.17979
-0.153779
-1.28307
0.257748
0.560879
0.00359221
0.443945
-0.1896
-0.500008
-0.355273
-0.152977
-1.44331
-0.520353
-0.559334
0.85062
0.690986
-1.11534
-1.31628
0.350463
0.756184
1.31082
0.323233
-0.385041
0.33858
0.79331
-0.411443
-0.622211
-0.555745
0.0228795
0.0159061
-0.242564
0.588041
0.0653567
-0.0981744
-1.34667
0.221493
-0.990858
1.12699
0.0657039
-0.334324
0.157658
-1.1647
-0.497599
-0.34484
-0.853382
-0.374726
-1.09789
1.21312
-0.191783
0.300733
1.45263
0.289379
0.425752
1.04513
-1.27024
0.772755
0.922782
0.42166
-1.15059
-0.630046
-0.157414
0.56991
0.390818
-0.371849
-0.957568
-0.656878
-0.954448
0.578771
-0.333382
-1.64937
0.104624
0.310664
2.27312
-1.15562
-1.88862
-0.173648
-1.87555
0.368521
1.04955
2.14207
0.860269
0.651287
0.556034
-0.866395
0.130273
-0.173873
-2.73782
-0.728847
0.370584
0.715523
-1.94279
-0.390049
-0.87944
-2.83127
-0.0474135
0.749227
-0.491628
-2.57048
-1.74819
-0.131061
-0.182047
1.8329
0.503972
0.411786
0.606216
-2.21605
0.207726
0.866147
-0.842396
1.0783
0.50985
-1.79534
0.53689
-0.0132624
0.674088
-0.0153908
-1.58424
0.415409
0.695801
0.444359
0.0339187
0.0337835
0.189702
-1.30649
2.33706
-0.0671696
0.934361
0.236462
0.265024
-0.710567
0.516105
-0.150121
-0.255209
-0.260929
0.506167
-2.34279
-0.700889
-1.0657
0.350843
-0.0506411
-0.99092
0.932358
0.275033
0.00904591
0.716815
-3.32049
-0.689963
0.147793
-0.483987
0.0889418
0.456453
0.681004
0.0283184
0.569173
1.06214
0.0938465
-1.02442
0.661515
-0.129927
0.685805
-0.0648964
1.69821
-1.3564
-0.556488
0.0826017
0.37525
0.219931
0.359938
-1.77939
-2.55269
1.55239
0.030997
-2.78195
0.761671
-0.344795
-0.386982
0.571263
0.497595
-0.235649
0.486663
0.914741
1.46495
-0.0814656
-0.407966
0.891182
-1.514
1.14709
0.306347
0.0451685
-1.46666
0.102791
0.744695
-0.589933
0.473377
0.391221
-0.731078
0.108647
0.0399937
-0.30649
-1.30849
-0.195241
-1.82823
-0.458688
-0.637547
-0.725339
0.528208
0.983287
1.08988
-2.99093
0.548405
0.117684
0.129064
0.787464
-0.219325
-0.373217
0.546715
-0.829832
1.58361
1.22188
0.313956
-0.0431428
0.908601
0.606714
-0.821404
-1.90256
1.2323
-0.113303
0.87271
0.283009
0.444423
0.252832
-0.251654
-0.227595
2.53591
-0.386561
-0.395603
-1.55469
-1.06967
-2.01078
1.1421
0.217511
-0.586209
-1.08427
0.243087
-0.0588555
0.355388
-0.763046
-0.150711
0.50657
0.487862
-0.608967
1.51121
-1.91754
0.364705
0.0767321
-0.799492
0.372058
-0.692875
0.24734
-0.00563581
0.0235609
-1.44131
0.334619
0.233667
0.839836
0.319085
1.43876
0.115748
-0.230158
0.549909
0.0726465
-0.177021
2.57279
-0.458745
-0.0656288
-0.47623
0.0680891
-0.552936
0.500585
-0.46109
-2.27395
-0.664966
-1.10782
2.75968
-0.363814
-0.772517
1.26893
-2.47162
-0.395466
-2.42276
-1.32297
0.847105
-0.408089
-1.3089
0.710109
1.36204
-0.44915
-0.409994
-0.776576
0.388916
1.01475
-0.451166
1.94196
1.24455
-0.876359
0.444308
-1.54948
-1.09579
-0.364654
