-1.63228
5.68883
3.29569
-1.79758
-1.85956
-1.85682
-3.41118
-1.08532
1.52265
3.13678
1.68084
-4.12271
-1.30614
-5.60558
1.72129
3.04435
-1.96563
2.06071
-4.26453
-3.00222
-1.86974
-1.05493
-10.3996
4.60509
3.69126
3.13329
-3.27487
-3.46159
5.1836
-3.71963
-2.52087
-1.27427
4.78966
-8.20074
-3.5084
-2.60636
2.25685
2.77522
1.95965
-2.82992
1.82027
-2.66163
1.65881
1.91253
2.1198
4.21547
2.59676
-3.27315
7.13591
-3.06402
-6.97745
-4.55261
2.65004
3.2627
1.8505
-2.7886
5.7915
-3.11565
8.29368
-3.56373
1.20165
6.8257
3.10956
-4.43457
3.35567
6.73546
1.52504
2.95697
-5.74411
1.76463
3.15317
-3.9699
7.02056
-2.28214
-2.81572
5.22104
-3.00529
-0.838791
1.31268
5.339
-2.49634
3.56731
4.93307
-7.19745
1.86703
2.97417
2.04895
3.78102
-1.97625
-5.09408
3.38375
1.50428
-5.40377
1.91266
-5.2233
-3.24095
3.00722
-1.57958
7.03969
4.89777
5.74377
-0.641159
5.1443
-7.90253
1.23389
-8.29101
-7.3724
-7.21106
3.08643
1.96721
-2.52445
-6.09144
2.19814
-4.66737
4.26389
2.34111
8.96971
-3.04951
3.18033
-2.46102
5.13752
4.04121
6.88797
-3.59718
3.44543
5.79604
3.67602
-2.80485
2.22541
-1.12851
-6.05204
3.69064
-3.78802
5.04419
-5.48434
6.94307
4.11475
3.04571
1.7058
2.96011
3.88396
-2.13954
3.74922
-1.4189
-4.64797
4.02114
-1.12569
-3.7804
-2.08435
-2.28509
-5.62765
-3.67279
-4.33438
-5.46849
-2.74578
12.7292
5.00046
2.16109
3.92991
5.36947
2.31183
1.64314
1.7231
4.50824
3.50839
3.81647
2.4429
1.25217
2.04822
3.75037
2.64663
5.68146
6.99436
2.9939
-1.39746
1.58928
2.75822
-5.10433
-3.0986
-4.47572
-4.59328
1.13078
-2.44528
4.3224
4.93891
-3.44489
-4.59671
6.72971
2.53678
1.14029
2.65275
6.37862
3.61284
-3.49251
-4.52784
-2.54783
10.0512
1.67746
-2.75586
9.98174
1.61584
-1.71601
1.77604
-4.45887
6.02499
-5.16393
-2.83132
-2.71156
-4.05202
-5.54728
-8.09999
-1.75618
-1.52167
0.964141
-1.84903
-2.57381
-5.54484
4.44587
-5.34783
-2.30782
-2.33642
1.78938
1.51791
-3.01189
-3.8102
1.95739
4.45779
-2.19347
-2.69401
1.93106
-0.937567
-3.87741
-4.36563
-4.01288
3.12376
3.44836
-1.90316
3.89055
3.11446
4.84937
-3.40011
-2.45346
5.36927
-2.1001
-1.40612
-4.98083
-3.114
3.56629
2.50787
1.78414
-4.16798
-6.84321
-9.35411
-2.35822
3.17397
1.62461
-5.00434
3.23745
-6.13412
-2.4873
-2.29069
-4.10636
-6.51782
-2.61103
-4.97777
4.26383
-3.29962
7.39065
3.06597
3.04169
-3.98111
-3.16071
-4.38715
-1.01506
2.08005
-4.82963
5.28971
-5.12676
4.48122
5.32554
3.15324
2.20398
-0.656169
-6.68823
1.50491
-4.2449
-4.93732
4.26931
-3.07013
-5.93626
1.77329
4.61494
2.67616
-1.93991
2.28264
-6.44529
1.27733
5.37311
2.18331
-4.30913
-2.24723
4.64908
3.1254
5.89574
-3.04988
-7.30211
-3.45173
3.50599
5.22115
0.61395
2.1574
-7.86616
3.63503
-3.12976
-1.86418
-4.63199
4.48553
2.55642
-2.88197
-2.31427
-6.70955
-6.71053
-6.15113
3.62265
-1.3019
-1.59382
-2.90876
2.88105
-0.70046
-1.5954
-1.70526
4.00978
-3.55943
-4.71636
-5.29666
-2.93043
2.65344
4.76911
3.84744
-4.10216
3.40529
-3.27277
5.36974
4.98378
4.05239
-4.53456
-2.22633
-4.14014
-2.75146
-7.06095
-1.41117
-7.80535
5.13708
5.1832
-2.29674
4.22471
-1.62574
-2.01177
3.93011
-1.99929
-2.17911
-1.55231
-6.33384
3.44912
2.9549
-2.94839
-3.48733
2.8234
1.25923
3.13278
7.9996
4.51025
1.64538
2.55699
-2.56424
-1.39779
6.50499
-3.64795
4.03028
-3.60541
2.24133
6.18677
9.33943
3.4742
4.55126
4.42259
3.4355
-1.75938
-3.37099
-3.21834
-4.71398
1.93179
-4.10224
4.45029
-2.86346
-4.47221
-2.13513
-4.77077
2.03166
1.62735
-1.22103
-4.29143
-2.49901
-5.04078
3.89948
-3.77988
3.77882
-2.69375
2.79632
5.43349
4.07849
1.91344
-3.85067
2.08834
-2.64706
-4.42239
-2.39473
5.09797
4.15066
-1.30419
-1.94828
7.52179
2.99725
2.66923
4.71398
3.09921
5.70372
4.6204
4.87529
-3.12451
2.36918
3.33626
-1.56679
-0.710666
10.8942
-4.91057
4.35361
-1.45813
-5.08496
-1.71935
-4.76534
3.52946
6.81969
6.06457
1.1092
2.27193
2.50634
-3.39732
2.73709
-2.23711
-2.058
-3.13491
-6.03219
-5.18622
-1.68446
4.65323
-4.67676
-5.56739
3.87138
-5.67506
1.20126
3.46621
-9.51595
-6.55996
-6.21259
-5.15607
3.85399
5.09566
3.50902
-3.85535
1.99584
5.7782
-2.6733
-2.71009
2.34517
-5.17477
-5.22684
-6.36204
9.86433
-3.83068
6.93572
2.13921
-1.40213
-2.57918
2.26347
1.29591
6.72005
-4.63566
-6.04858
2.12245
-5.65849
-4.28374
7.34666
2.17458
5.35904
7.27483
3.22492
-0.472304
-0.769378
4.10308
-2.55341
1.01346
5.444
5.36809
6.73806
8.73576
16.2117
-5.94829
0.514087
-2.6905
-3.23566
-0.780106
2.35023
-4.30205
-2.84417
5.01799
2.37276
-4.2102
-2.26867
4.33161
-8.35318
3.56098
5.46791
-1.85738
-5.77246
1.56755
1.65573
-3.15324
1.71486
1.44933
1.75834
1.88756
6.02393
3.72342
5.41997
2.73993
3.61495
-5.28516
1.5269
3.42633
2.94123
2.29103
4.55189
6.00701
3.90849
-4.39304
4.98357
-2.58739
-3.10517
-3.67931
-0.801724
4.18805
1.70643
-2.75809
-3.43722
-3.36519
6.72185
-4.32479
-4.19993
-2.01633
4.80802
1.17764
-0.2618
5.92664
4.57833
0.902483
4.12732
-1.54435
-1.17546
4.2603
-3.35819
4.01757
-4.06228
1.67848
2.88497
4.84206
3.0484
4.30844
4.46773
-3.53985
3.92418
-7.04066
6.60626
4.47745
4.35718
2.92571
3.63398
-4.95218
1.14272
2.11477
4.93455
-2.44659
-4.36991
3.88252
2.76848
3.10336
2.78914
3.24305
4.91143
3.20935
2.36663
2.74638
3.21781
-9.30939
-5.48816
-5.93614
-4.39363
-5.81007
-7.49972
-2.50685
-3.67095
-2.79291
1.55391
2.93544
-7.07337
-3.96154
4.30972
6.46082
3.77154
-3.69869
-3.80837
-2.60229
-2.53422
3.72783
3.56867
1.44966
-1.8664
0.717925
2.60343
-3.50691
3.04305
1.31117
2.75082
-1.99051
2.31935
-2.28893
-3.76549
-2.08588
2.27138
7.62258
2.24927
-3.3616
4.85863
-2.86431
-3.10682
-2.0907
-3.98178
2.74425
3.08772
-0.585239
-1.73119
-4.98016
5.79257
1.98155
5.97008
-1.99776
1.34387
2.52434
4.59131
-3.30606
-5.00363
-5.73958
5.06148
-1.96883
-1.10327
4.20207
2.85004
2.29518
4.09732
6.73149
-3.00953
10.476
6.41973
-6.52849
7.47263
5.95956
-2.47332
-0.8788
-4.06469
4.73021
-3.36201
-3.12857
7.32499
1.66881
3.22736
2.42153
-3.72711
-7.16083
-2.18939
3.97885
2.28207
-1.71562
-4.6343
1.24245
1.14391
3.0621
2.79448
1.90655
-3.06928
3.49294
3.2763
-4.05362
3.5167
4.16324
2.55127
2.72417
-2.87131
1.62286
-6.78454
-2.03139
-2.17594
2.4859
4.77478
-3.49198
-4.36895
-7.55999
-4.38434
5.2041
1.48718
-1.1847
8.57191
-3.64084
-3.90543
-3.7261
-5.55719
-3.30614
2.18183
-2.43386
1.97794
-7.21542
-1.00491
4.6389
-5.45006
-3.19407
-5.53974
4.35609
-5.71529
-3.56381
-5.61436
-2.47776
-2.79899
-2.84899
-2.49126
4.12847
-3.7027
-3.61483
2.37313
2.64776
5.25727
4.46521
7.8695
4.84948
-2.69924
4.98794
-4.35007
-6.66619
-2.95403
-3.90472
-2.61302
-9.26215
-1.58553
-2.82813
-6.79973
-0.900113
2.88821
4.7802
4.65862
-2.72769
-6.47602
-4.9729
-2.90454
2.11517
7.37806
-6.16008
-5.3253
-1.89531
-2.19122
-3.40389
4.75349
6.01302
-4.06961
-0.864591
-4.8406
1.35138
4.95915
2.38368
-4.82909
-1.93776
-0.492225
-6.3999
-6.18296
-0.879547
-2.54541
-1.7004
4.16107
4.36518
-4.42003
6.73512
3.98966
5.52149
2.01189
-3.15902
-0.604895
9.04922
-4.76685
-6.33526
3.80948
4.6717
3.10147
1.8504
-2.29183
1.2201
-3.69114
-2.67583
-3.16033
1.44247
4.78356
1.29137
-2.05754
-2.53526
6.50817
2.55795
2.47273
-3.78505
-3.27431
-3.86007
-1.65022
-2.99795
-0.903211
-3.76409
-3.06124
5.33063
-1.86155
-3.89895
3.5266
8.08574
2.41784
-2.71272
3.49316
-5.36588
1.35985
3.174
-5.9663
6.80592
-4.10416
1.01146
-5.00215
-6.59434
2.27292
-0.563133
4.14742
-9.74303
-2.95107
3.33399
-2.25022
3.19736
1.45135
6.24491
6.49563
-1.88432
2.21131
-2.09725
-2.9528
2.80162
2.57849
5.69933
2.29301
-6.05624
3.30733
2.1749
-1.21552
-8.84808
-1.02057
2.84211
-7.81805
-2.12668
2.92526
1.50116
-5.35768
-4.19321
-1.98272
-6.46395
-7.3563
6.87204
-2.81998
-1.87321
4.10498
2.3237
-4.22442
7.24141
-3.49985
5.75523
-6.96167
-2.69211
1.88265
3.27489
-3.01421
-3.51035
-3.85601
0.467853
3.67293
2.81722
-2.01899
-3.70102
-2.39297
-3.54448
6.29736
-2.96583
-2.13187
3.95651
2.62252
-5.45192
2.03813
-3.83701
5.96799
4.91438
5.84857
-1.08489
-4.26004
-2.38091
-1.66301
-1.75926
-4.65796
-2.04973
-4.70663
-4.74374
-5.30218
-3.58655
4.07209
-1.82695
-1.9945
4.31597
-2.72152
-2.97072
-1.831
-2.38174
-4.7715
-3.71555
2.24407
-5.08814
-5.38469
-4.67826
-6.34564
2.06995
5.07788
-6.28041
-2.80532
-4.29783
6.62346
-3.56767
2.66554
5.60968
3.71937
-6.11335
-4.9571
7.99621
-2.13316
-3.80125
-5.92733
-1.88829
4.39718
-5.49832
4.46087
2.32595
1.5899
-2.48978
-8.91919
-6.28258
-1.689
-3.35838
2.93613
3.32038
-0.648914
7.89891
3.20321
3.88082
4.14815
4.96388
-7.90246
-3.2921
1.41959
-2.50967
-8.15171
3.14064
1.98776
-3.94064
1.15744
-4.58059
-4.96174
7.11242
1.50641
5.61509
-7.10786
-4.79854
2.16834
1.78707
4.71353
-1.08691
1.96657
-2.8048
1.37984
2.61118
-4.60053
-4.34687
5.6397
-6.27269
-7.31975
-2.8346
5.5056
4.42468
3.85332
9.54618
1.85582
2.58851
5.90569
-4.5377
1.39242
6.18817
9.83769
-8.44154
-2.96175
-2.40287
3.80093
-4.41919
-6.34345
-4.24632
-3.28119
-1.89625
-3.9776
3.51283
-8.06146
-2.977
2.58799
3.19664
-1.92139
1.75647
6.51241
-3.46579
4.56894
-6.10172
1.04503
3.34611
-4.40613
7.97754
5.31345
1.54178
3.47326
1.16856
-3.93506
5.58145
2.20651
1.38106
3.80677
0.339406
0.368332
2.91956
3.20598
2.29788
1.06689
2.54924
3.69711
-3.58026
-2.70928
1.65776
-6.89259
3.24029
4.32697
4.8764
-2.31863
1.71288
4.00803
3.96389
-0.927356
11.9054
2.21684
-1.22906
-4.38259
3.39684
2.4447
-2.36439
4.97889
4.72129
4.18564
3.1979
-2.14059
-2.07641
7.30932
-3.32238
0.571422
3.14647
6.76451
-6.74178
3.97101
3.23255
1.18041
-7.57735
0.854708
-5.30057
-0.953854
-2.46732
-4.49391
7.40077
5.58339
-2.50672
-7.83544
-3.91436
4.0521
3.34406
4.85685
3.45666
-5.94734
-4.15834
-3.45
4.21094
-1.3813
-2.09733
-3.57258
-6.82327
-1.07381
4.03749
-1.91937
-7.20267
2.09465
1.17455
-2.482
3.00665
9.74376
4.21569
2.10771
8.25046
-3.65492
-4.26781
4.73083
-1.89938
-1.39722
-4.24047
0.578427
2.03
-4.1765
-5.05268
2.9899
5.69691
0.753129
-2.65622
-5.38058
-8.69667
-3.29333
3.67233
2.80757
-5.12768
3.76952
-4.129
5.8228
1.26228
-3.47137
-2.94681
-4.0178
3.80946
-1.10514
-5.24057
-1.28292
5.25864
9.42328
3.36873
4.33895
1.06942
-3.97859
-4.81898
-9.36111
4.37784
-3.44946
-9.65346
-2.92537
-2.10857
1.31835
-2.45455
3.56756
3.04094
-4.54543
3.25873
-2.09962
1.60501
5.08772
-2.11742
2.53889
3.39925
7.53026
4.76141
2.35437
2.92818
-2.33812
-3.88988
-1.70522
1.17331
1.77709
-4.38317
-4.89981
-4.42082
-1.78715
-5.216
3.50076
2.19179
-0.481485
-4.12519
3.53187
1.58731
2.92657
3.17564
-5.1805
-4.96997
-3.06716
-0.804966
-4.18825
5.16131
-5.76383
-3.74058
3.40355
1.65865
4.27405
-2.48866
6.19086
1.46516
2.20678
-4.01564
2.15532
3.87127
-3.16694
1.98513
6.41396
1.52162
4.86964
-3.67821
-3.23672
-0.686283
-2.74495
-4.19904
-8.53259
-2.72074
8.16549
2.20463
6.45353
-6.67407
-4.22498
4.22088
2.41764
9.96279
1.78384
3.58057
2.31142
2.31885
-2.64358
-5.77162
-2.7142
1.72569
3.85802
-3.61121
1.14438
-3.97977
-2.17723
-3.069
-3.22178
3.03686
4.71539
-2.44559
-6.23243
3.8821
2.36194
2.45062
-3.54227
-3.09561
-4.52739
2.7477
2.16014
3.17402
1.58708
3.26411
-2.29467
-3.50305
-2.33804
6.79937
-0.474272
-3.41207
-1.39982
3.06564
-4.72812
3.62356
2.23711
1.40337
-2.06646
-1.99577
-2.22449
-2.656
-3.39239
-4.11186
4.82211
5.15226
-1.63561
3.48018
5.6167
-2.32614
-1.37951
-4.9589
5.74162
-3.18675
-3.92516
4.13506
2.03828
-4.87208
-2.11572
-2.56967
-5.28369
-3.40301
2.80415
-4.08731
3.98007
1.97224
-2.64296
6.12044
-3.6472
5.97767
-1.5152
2.09259
7.81384
-6.08211
2.84419
-1.48934
-6.89947
5.93397
10.3165
3.97544
1.44747
2.59899
4.09875
-2.26564
2.9148
1.55313
-4.85489
4.89743
-0.981584
-2.30033
-5.79541
1.17858
-1.08531
-5.11482
-4.86775
-2.43307
-3.99773
-5.03834
2.42458
-3.14304
5.36202
1.18331
4.69313
0.696855
1.54636
4.56646
5.24788
3.97201
7.12587
5.50456
-1.883
-4.5828
3.8108
-2.85783
1.76178
4.91776
3.08693
-5.21385
3.79362
-4.47266
3.98014
-4.47054
-4.30035
-8.54281
-5.00504
3.99069
-1.16848
-2.26113
3.58583
-1.65928
5.27876
-1.17764
5.71839
2.68949
4.57546
-0.713523
8.58764
-4.05486
-1.71517
-1.03959
-8.19485
-7.01416
-5.36497
-5.23519
-2.33116
-3.26297
-3.43403
-6.71312
3.35048
-2.78176
5.94678
8.09775
3.42499
2.32798
-0.996853
-1.19596
0.793199
5.75758
2.98849
-2.34949
6.97365
5.03683
0.720974
-2.02105
2.35242
3.14827
3.39388
-2.90931
-2.1416
1.85378
3.44777
3.86286
4.73748
-6.4957
-1.39352
2.03884
4.51481
3.73472
3.85779
-2.00099
-4.61618
2.77163
3.38479
6.55177
0.424073
2.50684
2.40595
5.68942
5.97697
0.644559
2.05168
3.17002
2.76148
-5.1736
-6.71626
-5.2299
-6.75036
1.85523
-6.84889
6.09811
3.64372
-4.604
-2.4238
4.27443
-5.47446
-4.92019
-4.99294
-3.29957
2.84955
-3.13368
-1.93328
2.24952
2.2486
9.86945
3.59464
4.41426
-5.68231
3.17528
-3.0431
-4.44986
5.92404
-2.06113
-5.96851
2.10171
1.94265
14.711
-5.0537
2.97225
-4.34253
-6.34977
-1.45834
3.2002
4.64503
5.33211
2.78546
3.05829
-4.78878
1.22348
-1.49099
3.75613
-2.0207
-2.71861
-2.93644
-5.63146
-3.08774
3.24431
-3.46323
2.04567
-7.59532
-4.75309
-1.07493
-5.3756
4.21898
-5.42334
2.56137
3.83536
-6.61353
-3.22624
-3.41066
-1.65666
-1.66471
-2.60248
3.75607
2.98817
-4.03067
3.86602
0.50945
-1.03925
1.80874
4.15855
1.30484
-1.07906
-6.10167
0.981387
3.24973
-5.43666
3.57977
3.51347
7.5158
-2.5914
2.55351
4.74716
6.42958
-5.00128
-3.04527
-4.39084
3.6682
4.33113
4.14684
-6.02592
7.23784
-1.10495
-7.52832
2.05046
-1.28656
-2.82679
-9.01345
1.27921
-2.88255
2.58143
4.63833
2.08832
4.26408
-6.24141
-1.51587
-5.89764
-3.0285
0.571999
-3.96539
-1.93077
-3.6316
-4.36136
-7.27292
1.2525
2.16417
-3.72479
1.4158
-2.44844
5.43312
1.55393
-0.913583
1.56779
6.44772
2.34677
-5.65004
3.86178
4.51426
2.76185
2.71539
-1.18164
-7.2017
2.178
-1.83184
-7.32354
6.33926
4.29935
1.93052
-2.95685
-6.9987
-2.70622
-5.17328
-5.70032
3.89375
6.21502
4.073
8.35925
-4.06851
7.29101
2.8533
-4.65354
9.22516
8.45411
8.0156
-2.59046
2.87895
8.73205
3.057
4.83853
1.64023
5.38242
2.50876
-2.8264
-5.00105
-5.36776
-1.34396
2.12788
4.81949
1.99357
3.30749
1.66801
-5.22091
-1.85657
2.04357
-2.55224
-5.18844
-2.56175
-1.97073
-4.4125
-2.78256
3.17174
1.36267
8.35429
7.43231
-2.79639
-3.07532
6.07962
7.27387
2.25044
-6.36014
-2.5823
1.99246
6.99004
-9.19272
-2.88805
1.8476
3.03028
3.18986
3.12748
4.71012
-2.17692
4.94123
-6.9771
3.05993
-2.67379
3.67799
-3.19905
-4.12417
3.47905
-3.73098
2.38064
3.1539
-2.68923
7.6306
3.33309
7.08588
1.00525
-2.83181
-3.22577
-5.94562
12.0351
-2.98892
-2.37344
-5.17307
6.34377
-2.11129
2.71824
-2.92234
9.8313
-6.07021
2.36816
2.88265
3.78916
-3.12879
-4.10005
4.76552
6.58537
3.51765
2.42924
-2.01552
-4.16453
3.44378
2.43941
2.42652
-1.52541
1.58752
-5.0354
-13.2002
-4.1374
-3.81374
4.31566
1.25923
2.42867
1.92308
9.06871
5.39867
-8.92389
6.81761
-2.20282
-6.99574
2.02454
4.30685
4.0371
2.50496
-2.25272
-2.91934
3.53099
2.59812
-3.82485
4.26482
4.37392
5.27465
-2.14326
-2.16303
1.69023
-1.25789
3.43532
3.4649
1.79649
-3.25576
-4.55591
3.98313
4.80499
-1.42178
3.54525
1.51083
3.13714
7.47696
4.59996
4.30983
2.77952
4.0406
-5.63802
-7.71685
-2.94155
-5.29702
3.0769
-5.94773
2.39052
3.44657
-4.32889
-2.59132
5.32719
2.39236
6.39025
-2.6091
-1.79178
-2.09713
-1.39046
-2.76628
3.63503
3.62692
3.83256
2.62462
1.94406
5.11701
3.17026
3.87671
5.73831
1.72044
-7.73566
2.05657
6.65977
2.1608
-0.959232
-0.670004
-4.02631
7.559
2.19842
6.33719
2.54369
1.94492
1.96075
6.37459
-4.60493
-3.17516
-6.03077
-2.99977
4.30177
-1.25863
-1.9756
-3.10381
-4.28095
-1.93444
-2.95906
1.29951
4.6736
2.86273
4.37866
-2.98324
-2.46054
-2.37516
2.17622
-2.63821
-1.56469
4.22306
-2.04957
-6.08541
-3.79059
-3.65862
-2.95845
-3.09207
-7.05821
4.23229
6.6508
-2.47355
0.726943
2.45379
3.77148
-1.69
6.33807
0.641727
2.10014
0.870296
6.5485
-1.13948
-4.18587
-2.5113
2.58335
5.8778
4.52524
3.21271
4.82782
-1.82643
6.5371
4.36852
3.55137
-4.76845
6.01259
4.84918
-2.31322
5.5996
4.81569
-3.10323
-2.33625
2.19452
9.2943
2.98037
4.68467
4.8098
-4.92263
-5.1574
5.02609
-1.39957
2.02554
-5.50999
-1.43085
-3.54682
-5.52233
3.19066
3.17454
1.6739
3.53734
-4.75299
-3.18963
-3.70207
1.62103
2.14913
5.23471
-5.4894
-2.55689
-5.67136
-2.14519
-4.1114
5.18204
5.75668
3.91169
-1.10686
-0.368777
1.11572
-4.08235
-4.16158
-5.2213
4.88762
2.79433
5.47905
3.12834
0.873794
4.97773
1.64716
1.53946
2.07953
4.3404
2.19291
1.8543
-6.87621
-4.33044
-2.94649
1.59166
-1.65665
-3.80846
4.1695
-2.14281
4.31458
4.09563
2.19476
3.89082
-4.73801
-1.13791
1.09269
4.25117
4.46692
-3.67332
-3.38562
-4.18059
-6.1773
-3.00745
3.10957
4.45711
2.39292
-2.55917
-2.74085
2.65546
3.65752
-1.82878
4.75843
2.92124
6.63096
0.771102
3.67226
2.36311
3.60725
-4.01176
-5.93747
-5.34692
4.37344
-3.25678
3.26399
3.50577
1.61809
-5.60081
0.640065
3.06326
3.75493
2.35959
3.39806
-1.87002
3.22022
5.78168
3.75988
-3.19409
2.60688
-2.73029
1.14957
3.65862
-2.88051
10.0345
-5.10186
7.01023
-2.4106
3.35116
4.30286
3.11282
2.94217
-7.26066
-2.79754
1.23918
-5.80569
-4.11147
1.91243
-6.27549
-6.51269
-5.58252
-8.25339
2.94494
-5.28162
-5.08769
7.29311
4.93366
4.94499
1.93851
2.17035
4.20549
2.29386
4.54024
4.12113
-6.00123
-6.82316
8.27976
8.67875
4.18852
-6.01277
2.48496
2.6089
4.98094
4.61226
-5.81442
-4.28504
3.00973
1.56836
-1.93517
-3.42112
2.25547
1.88449
7.64731
-1.71759
-3.60877
-1.50529
-5.64377
-3.06125
-5.42969
-4.53884
6.59446
-1.85177
-1.33161
5.14275
6.57132
9.45585
2.62611
-2.4536
1.50613
-1.29428
4.15691
-3.76376
-3.25517
2.98127
4.19022
4.60154
-8.34667
-5.78409
7.67724
-5.85268
-2.73214
-6.38294
-2.75762
-3.31155
-6.38987
-7.51163
-4.56039
-4.94347
-1.34314
-7.39022
2.95976
-3.32177
-5.30474
-7.49248
-3.35261
2.39054
-4.36006
2.40963
3.83268
9.84026
-3.4276
-5.01902
-3.36217
-1.52886
-2.51766
2.2726
4.48871
-4.47317
2.66205
-7.99434
2.19668
12.3312
4.17536
-3.65926
-3.30312
2.70314
3.93052
-5.61512
-5.47998
-1.03057
2.55452
-3.93318
1.63565
5.09834
7.82569
4.97567
-6.03614
4.37714
4.34216
-2.20538
1.53677
1.99542
-1.88158
-5.3359
-5.05124
-2.79408
-2.70711
-2.82397
-6.11482
2.0232
1.7843
-3.71855
-5.99446
1.64554
-1.43491
-3.34713
-3.80228
-2.22811
-2.8524
-4.91954
6.15717
2.21674
-1.59148
2.93962
-2.59843
-12.1915
-3.07771
3.36529
1.76549
2.71648
2.0598
4.02898
-4.28334
-3.57177
-0.906751
1.11632
4.3341
5.4558
4.3866
-5.9056
2.19669
-1.1591
2.96616
3.87556
2.00947
-1.35664
-1.76273
-3.3493
-2.1876
-0.90149
3.19742
-2.51629
4.13963
4.43338
4.43778
3.38079
2.5197
-3.18693
-3.53992
-2.66013
-3.40579
-3.38207
3.15153
2.60013
5.94743
-0.163019
-2.82793
-2.8892
-3.83805
2.92782
6.75671
-3.37574
-2.5219
1.8888
2.49165
-1.43937
-0.839515
9.23053
6.60355
-2.49367
3.70747
4.54535
2.22947
-3.30676
-1.94226
-6.38955
5.34152
3.63379
-2.47958
-2.97329
-7.23094
-3.23789
8.70283
4.83064
2.16782
-5.25269
3.72923
-1.63352
-1.11571
5.49968
2.80935
1.45154
-3.70728
2.73744
-2.55417
3.40504
-4.9305
-1.17465
-3.57609
0.554251
3.8642
10.6356
-5.33432
-2.30847
-1.0582
-8.1302
3.59717
2.14445
-3.49344
-2.58374
-2.21428
-1.17769
3.1243
3.58127
1.62361
6.72931
6.49677
4.37719
5.12824
-4.28498
3.74857
3.04705
-5.01964
-0.927282
4.09049
3.18694
6.14774
3.35005
-3.04629
4.53339
2.48428
4.58244
2.01842
0.713541
-1.83388
-8.40898
3.45002
2.41981
4.35821
4.52703
2.10277
-3.77131
2.56372
5.93699
3.77081
-8.90068
-3.88964
-3.21118
4.98628
-2.0932
-5.38886
-2.8331
-1.97948
-3.001
3.57484
7.78454
-4.35206
-3.2498
3.56823
2.58839
-4.01514
-2.44136
-5.75421
2.15825
7.19199
1.96057
1.01543
-7.1275
2.22614
3.18474
3.02793
-4.02928
4.69963
2.32622
-1.60532
-5.89584
1.02448
-4.23265
1.37532
-11.4581
1.15369
-1.96041
-3.05069
2.0717
-6.06032
2.14416
-2.61879
-1.79513
4.91806
1.95799
4.18844
-4.67351
-2.54028
-3.68118
-3.79137
7.57763
-6.98245
-2.98717
-3.73047
-1.29677
2.3019
-8.09895
-2.67923
-3.25855
-4.86263
5.98031
-4.30162
-2.3679
1.07877
-2.73934
-6.78567
1.06663
3.58303
5.34676
-4.32247
1.16594
-9.91769
-3.06384
-1.74328
5.60699
1.75058
5.26666
-1.80185
-2.61582
-8.93473
2.4598
4.40659
2.36836
0.38067
1.22139
4.18078
2.12746
4.0934
-3.33222
1.37735
-3.47492
4.819
6.16566
-2.36744
8.7742
2.46272
3.87917
3.22581
1.07268
-4.32262
-1.6963
-2.28093
-4.31797
2.21114
2.30986
3.20331
2.6448
4.39944
-5.58774
3.7931
-3.10982
-2.22912
4.78314
5.18977
-1.42747
5.39785
3.61059
2.23773
4.62706
-8.13208
3.42464
-3.36492
-3.68149
-1.08027
3.45326
3.48118
2.75149
-4.95298
-4.56755
-3.94991
-1.706
1.87447
-5.22499
-5.77208
-1.51752
1.45615
-3.96918
-3.41074
-2.16273
-5.44666
4.15105
6.90831
5.07592
-5.32072
-2.50682
-1.89906
-4.12547
-2.69878
4.87356
-2.73074
4.92049
-0.769677
4.44906
-3.7111
4.77937
4.67646
-3.23419
2.40152
2.82426
-0.856755
3.80857
-5.45412
-1.68469
3.36733
3.74343
1.94055
-1.61845
1.44202
-7.69986
-2.13076
2.29193
2.82772
-4.11975
-1.00284
-6.41374
-2.1919
2.84118
5.85604
-7.15502
-6.92853
-2.40552
-3.1276
-4.2989
-4.35884
-3.77834
0.943729
-1.56028
-3.43045
-0.971324
-2.99656
-4.781
-1.25428
-4.96151
-3.78591
3.34538
1.21637
-3.14731
-4.04428
-6.00718
-6.80372
2.6666
3.79453
3.94919
3.81938
-4.81642
4.51366
1.80287
-4.28021
-2.71476
-4.89789
-8.69959
-2.72242
7.87623
1.31391
-3.46316
2.45249
-3.27124
-4.37809
3.5628
-3.93194
-3.00844
1.74182
1.52537
2.66861
-3.03574
5.18134
-1.88685
-4.63166
-1.861
3.75668
1.33733
-5.83874
-7.56999
-3.32839
4.6328
-3.27459
0.549678
-1.64813
6.8376
2.28289
-2.96265
2.77208
-2.92297
-7.36423
-5.48451
-4.45722
1.45639
4.9766
7.61588
-2.71741
-2.96287
-2.66313
3.55647
-7.73097
-1.38805
-5.64556
-3.73775
-3.30982
-2.42633
-1.65164
4.08951
-0.92309
-4.03812
-2.48468
-2.47014
3.32286
-5.48319
-5.22559
-7.88883
-4.54009
-4.489
-6.84358
-2.17713
6.27776
-3.15228
-1.68128
4.58072
-7.2969
-3.89072
3.31506
4.00781
2.43938
2.7979
-2.71058
4.51522
1.61347
2.20241
-3.28836
-2.6732
2.01014
1.51538
-1.64028
-2.45918
-5.49513
1.65658
2.97578
3.21591
3.27414
1.66408
-3.64946
3.54555
5.65195
2.86002
-3.04114
-3.50229
-5.53098
-5.49943
-0.679848
-5.43052
2.99982
-5.18465
-5.77461
5.00227
-3.77329
-7.16604
-2.25057
5.77518
2.91869
4.7749
6.22712
-3.91257
-3.88849
-5.75677
-1.20449
5.77077
3.35736
-3.00488
4.81641
-2.71925
5.11765
1.85908
-2.8779
-1.53914
-4.93448
-5.86695
4.26037
-2.88319
-3.9539
3.10435
-3.54774
-4.75603
2.78669
-1.53686
-5.0178
1.62641
-5.23443
-2.98558
2.6946
-1.60963
3.71871
-6.75778
4.369
2.63726
4.64257
2.46169
-2.77883
-2.27707
3.04206
3.82237
1.22871
-0.398426
-4.7679
-2.15754
-4.43905
7.0666
-5.23453
2.51962
3.89065
3.58641
2.69136
2.48867
-2.92084
-5.38243
-1.1508
3.06828
-1.75469
3.32426
-2.82419
-3.81347
3.868
1.88061
7.30076
3.52342
-2.03354
2.9566
-3.97014
2.80394
2.86681
1.78284
5.50341
-2.55847
-4.07786
-5.10889
-2.99721
9.37885
-3.32227
-2.43552
4.41607
2.17643
-2.35795
3.11565
3.81023
-3.2787
-4.27698
5.89387
-2.06371
-1.93074
4.05834
-1.21552
-2.31289
3.13152
-2.16898
-3.59474
1.67947
-2.78647
-3.75717
-1.46794
-2.30334
-3.27488
7.57215
-3.75586
4.82411
-3.26295
6.93214
2.00716
4.44673
6.15369
2.01337
-5.98509
-2.76649
-2.06916
-3.62416
-2.73021
3.63998
-5.32671
2.8268
-0.997936
-4.45367
3.13067
4.93937
2.88319
1.99982
6.32344
4.51737
6.06781
1.47328
4.42487
-1.53012
-2.49539
2.03076
3.34293
4.83532
3.2858
-2.77998
4.5157
-6.00095
9.41214
-4.93228
3.54136
-3.83505
-8.10897
-4.10348
3.89403
-8.32471
-9.89576
-2.78026
2.35004
-2.15276
1.60761
5.29494
3.79768
1.10905
3.11141
-6.67134
2.14626
5.43683
3.30342
2.63358
-4.62349
-5.73272
-3.2218
1.92967
-6.97203
1.89904
-5.74456
-3.4917
-3.5946
-2.4457
3.13259
-6.36562
-1.63689
-4.62183
4.30469
1.31961
-5.0346
-6.53624
-2.57886
3.20861
-2.51085
3.51871
1.5781
-4.61691
2.14373
7.37567
-1.84765
4.09861
3.52439
6.02357
-0.741048
8.27379
1.65783
-5.42919
2.91695
1.91081
5.22321
-2.67929
-2.33038
-2.20519
-5.54744
-3.40706
4.37094
-2.89959
-4.52416
2.31938
3.36598
-2.91105
2.7512
-4.63957
6.31655
-6.47406
-5.89704
-3.14322
3.69075
3.33225
-2.72456
1.55651
-3.73154
3.66291
1.34798
-4.09944
-5.08696
-6.00191
-2.0482
-8.1087
5.19642
-1.13484
-5.93581
-8.17543
1.58684
4.39866
-2.38749
3.49687
6.87742
-5.61071
1.71559
3.38265
0.921152
-1.62807
6.14984
4.68354
-3.77773
-1.20112
2.76942
-2.35946
-1.12092
-1.87971
-1.79536
-2.30739
-4.01446
-4.1381
-1.32708
-1.305
-3.83248
3.38139
4.21753
-4.39029
7.21661
2.93509
5.13156
3.76116
3.328
3.38373
4.67589
2.02426
-0.917763
4.11463
2.22469
2.35147
3.5441
3.39539
-5.63395
-2.50948
-6.47234
1.82189
7.17939
-3.48788
6.37703
2.16306
-0.981472
8.56245
3.42756
4.01395
7.28279
-3.30484
2.48748
3.64157
-4.33996
5.17949
-9.52214
-1.65273
4.12282
6.27976
2.15978
2.33174
5.48515
-0.774093
-4.16091
-5.53522
-2.34134
2.69222
1.58499
4.88101
-6.8179
-2.17934
3.36372
2.66188
-3.20395
-1.80436
-1.39525
-3.6015
-5.98377
3.56849
-1.49471
-6.20987
4.78486
-4.17254
2.29445
-2.58953
2.48727
2.20137
2.82156
2.28898
3.88931
4.61862
5.10572
-3.03049
-2.6591
-2.88449
-2.41244
1.90523
2.75939
3.00604
0.729059
-1.11641
-5.0233
-1.2296
3.04076
-3.11966
-8.82427
-4.7254
-3.47118
1.56712
2.86434
-3.94185
-2.94606
3.14776
-3.759
-3.51959
-6.44021
4.78318
1.31968
1.08919
-2.37541
-3.6688
-3.96429
7.08286
3.30717
4.62536
-6.30864
-1.54899
3.30025
-2.67379
-2.88282
4.24369
-3.09001
3.70307
3.68407
2.30175
5.96439
3.90479
-2.51879
2.1374
5.20782
-4.15148
-2.57312
-2.7047
-9.72283
8.28099
-2.21552
4.81159
2.09819
5.31126
-9.18921
1.86156
3.65721
2.40451
4.24594
11.1297
2.45626
5.44316
4.14034
-8.61598
1.22253
3.82237
-3.22423
6.66337
-7.26178
2.81061
2.68112
-2.71339
7.50874
-5.50477
3.40129
2.38497
7.2885
6.92842
-1.74152
6.30864
2.41053
-7.32945
3.79842
-3.59451
-6.60358
-2.86418
-4.34006
4.10844
1.36525
-7.21891
0.857504
4.90226
-3.5798
-1.49049
3.00798
2.42318
6.43682
-2.91899
7.4844
2.69859
-1.55874
1.54554
2.4972
1.2541
-1.19676
-4.03685
3.95532
3.34865
-2.40461
-4.08044
4.06108
2.0698
3.50957
5.52809
10.0692
8.13187
0.544254
3.12731
3.66115
4.21128
0.989794
-2.47198
-3.60521
-5.94883
0.958418
-5.57288
-2.28237
-2.35511
3.36161
2.54745
6.0303
5.50607
-5.28972
-3.25794
4.10859
1.77249
3.77739
3.56199
5.87224
-2.8167
2.08375
-8.154
-6.46823
-4.17395
-2.70295
3.81507
3.61356
-3.06274
2.68494
-4.20828
-4.09603
2.36649
1.71464
-4.61501
-3.13223
3.89606
-3.56658
-4.50366
-7.63701
-6.30439
10.6402
5.08874
4.88029
7.60291
0.334857
-3.30197
-11.5165
-3.74114
2.49113
5.02101
-0.884314
-1.52994
-2.52832
-4.74998
2.73566
4.84897
-7.56724
-2.05286
-2.12898
-3.14228
-4.95775
9.20153
-4.18653
-11.1073
5.06694
3.53218
-3.45868
2.68275
-3.66992
-6.49895
-4.17947
2.37197
-1.9392
-7.42982
2.30754
-2.2696
2.45558
1.36728
-1.96455
-1.98934
2.82669
5.7989
-3.10928
3.48077
3.88739
5.43297
2.86127
4.10388
0.772865
2.32511
4.26594
5.82158
1.39145
-6.67447
0.89781
3.6116
-5.5784
-7.03963
3.46795
-2.14853
-4.01783
-2.92658
1.7109
4.4317
5.43442
-1.82962
-4.40806
-2.10513
-3.18769
-6.5689
-2.59693
0.338434
-5.12389
4.54419
-4.69292
2.05002
-2.36837
4.76012
-2.04878
-4.24714
10.2205
5.22645
7.21147
2.21184
-2.27107
5.56556
-1.48681
-4.36818
-7.16414
5.04118
-3.67066
-5.53753
-1.6286
-5.8006
-7.58169
8.06797
-1.90031
1.42802
2.21271
4.75587
2.13325
7.98681
-4.26123
2.24353
-4.95949
-1.4412
-4.87777
-0.846216
-6.21542
-2.09807
4.18595
1.26026
2.82091
-1.90386
1.83545
-2.87434
-2.2584
-7.34198
-3.95154
-3.75444
-1.86114
3.62735
6.33967
-3.08724
6.26025
-1.78817
-2.17909
5.20464
-3.78002
-2.84669
0.619367
3.82123
9.16737
-4.30064
1.78138
5.20784
-1.59872
5.24887
-5.22175
-2.49164
1.81917
-2.34603
4.66343
4.00093
2.60667
4.71302
-4.70883
-11.177
-4.40212
-5.62119
-1.54946
1.54156
4.24125
-6.05619
1.295
-6.05772
2.93303
4.6542
7.17176
7.90226
2.17975
5.00282
5.10051
1.56803
-4.41372
-2.92087
6.08147
2.8869
2.2502
-0.396193
8.79134
6.76317
-4.5829
-2.74241
4.1937
-1.89455
1.57137
0.396552
3.03309
2.97688
-2.49104
-2.62709
2.491
2.32025
3.48882
1.97788
-4.12036
-1.59245
-2.33334
-4.64967
4.39927
2.67569
2.67469
-2.72729
4.95896
7.39275
-5.37709
-0.73028
-2.49488
2.12621
-2.38122
-8.36501
2.05111
2.35611
-2.19413
-1.4355
-1.43738
-4.87239
-4.05282
-5.3705
-2.66743
-2.95516
1.89176
0.99733
-2.85515
-2.43199
-4.5925
4.09301
3.08362
3.58738
3.0218
6.43639
5.11165
-1.98347
3.94224
3.89945
-6.93655
1.20807
4.51893
-2.5243
10.6386
3.68537
2.24879
3.03244
2.46487
4.50473
3.65969
2.28717
2.81312
3.06481
3.00266
1.41559
-3.22393
5.09176
-1.22844
-4.42648
-3.19595
-4.59921
3.17682
2.98647
-6.92562
5.42984
-1.88938
-2.56413
-4.26444
-4.70154
-2.09823
-2.61679
-4.3226
-1.28713
-4.91184
-9.44469
-1.94199
-8.74809
-1.75252
2.53931
2.60276
-2.65554
3.29474
3.20395
2.24223
4.09608
-2.72537
-3.28563
-4.5772
-2.96391
-2.93347
2.60852
-6.81353
2.1523
1.67466
4.26614
3.36239
2.29913
-5.03936
5.01094
-5.46426
4.21456
2.2516
-1.46365
-5.72061
-1.42171
-4.53019
-2.27259
-1.64738
-1.76842
-1.49309
7.17652
2.80026
-2.11397
3.72857
-3.94589
1.57343
4.345
1.87916
2.83394
3.64879
3.46511
5.70266
-2.83212
3.05751
-3.16065
-3.7987
2.1698
4.03121
5.84895
-3.09908
-5.16222
1.98553
6.21446
3.72662
3.41133
3.41795
-5.84215
-2.34195
-2.93758
3.92832
8.1307
5.11923
2.71603
2.77727
-2.51984
-1.56658
-4.33113
-6.54658
-2.22777
-1.02276
4.53303
-3.15725
6.0396
-6.36669
-1.08843
-3.89426
-5.62094
5.74031
3.64739
7.70069
1.95102
-4.13429
-2.0434
0.55399
-2.07777
-9.30885
4.35503
-3.33219
-0.382361
2.62875
-6.9305
-3.33162
-6.05327
-3.17952
2.56847
2.82135
7.02835
-7.14265
3.7687
1.94012
-2.04932
-6.9551
3.49618
-3.82447
-2.75404
-7.1134
3.40145
2.73183
1.58231
7.11285
4.41673
8.6495
6.26118
3.3268
2.66011
6.30561
5.2459
4.69153
1.27402
3.56053
5.63866
-4.22549
1.89842
4.38569
7.84937
1.92374
5.84435
3.19599
-2.25262
-4.78675
3.37734
-3.90172
-3.28433
-2.17036
-4.21518
-2.71686
2.38486
3.07994
-3.14161
5.97937
1.34034
4.85682
-1.22578
-2.68449
-2.79146
1.76705
3.73493
-3.34543
-4.17269
-6.6649
2.51489
-3.47556
-1.55656
-4.12773
-2.7185
2.21927
5.64583
2.8948
4.59346
-3.66262
2.50456
-4.52531
-3.86198
-4.45781
-6.45187
-3.95438
-2.86499
-0.867093
3.26303
1.83618
2.0919
-3.47925
-4.11111
-3.12395
3.43609
-6.57235
2.67329
-3.23776
5.62177
-0.307241
-4.10003
-3.72604
3.05089
2.05542
-3.69214
-1.61855
3.54924
4.58477
2.35275
4.3537
-2.18731
-2.79413
0.87048
3.25229
4.44709
5.43008
4.48392
1.83502
1.65696
2.803
5.91438
5.6886
-6.61016
-3.83049
-2.7402
1.70169
3.49419
-1.86667
-1.12141
-8.6785
-5.6434
2.77085
4.34869
5.93962
-3.51134
5.63868
-2.00132
-4.76211
2.99223
6.18079
0.894154
2.79388
-2.89025
2.51456
-5.0081
4.041
1.26213
9.87657
-4.45847
-1.85693
-0.661923
5.26663
2.35074
2.81896
3.48639
-3.51037
1.87315
2.26803
6.41033
-8.42365
5.75905
-2.05678
-5.04158
-5.35719
2.16388
-5.11911
2.32717
6.33574
-6.00759
-1.89218
-3.98314
-3.54421
-2.71203
-3.5771
3.94338
4.11888
-1.96015
-3.28156
-3.9801
-2.24673
-1.72439
-7.26978
1.20318
11.3244
4.54976
-1.96273
-4.45592
5.05605
-7.59581
-3.637
-3.81138
-0.994251
3.00106
2.89176
2.29879
1.50014
-2.42632
-1.12096
-6.05344
-3.87516
-3.6046
1.48114
-4.52398
-4.03366
1.60332
-4.81768
-2.56838
3.3593
2.39994
6.55816
0.610491
3.6464
-5.62697
-3.26203
-2.48271
3.81144
-5.1252
-4.58829
-5.09662
-7.14911
-5.75729
-3.23259
-2.57527
-4.832
0.925386
-3.0159
5.56245
-8.22146
-4.38753
2.2142
1.2323
-6.60343
-1.88288
2.45115
3.29772
-4.34703
-5.03999
-7.64249
4.7075
-1.97704
6.81694
1.42801
-4.26589
6.66698
2.17231
3.13666
3.28227
1.70436
-2.11455
-4.45941
1.81065
4.6466
5.58753
-3.06124
1.86736
6.79749
-5.02005
6.90863
2.51526
3.98415
-1.6403
-4.71723
1.9065
-2.37587
-1.64863
-3.11889
-3.29783
3.18052
-3.46459
-1.38494
-5.41207
4.18961
4.52435
-4.46657
-2.12428
-3.83931
-2.85459
-5.88626
-4.68032
-1.90943
3.63107
-2.27604
4.49835
1.40292
2.09759
2.01438
1.78869
-6.2743
-6.3083
1.73539
-2.8465
2.68481
3.87819
-7.44472
-4.5031
5.01312
3.27076
-2.93231
-0.585162
-2.23512
-6.19557
-1.11684
-4.82355
-3.05105
-1.57571
-2.78249
-1.37504
-11.2087
4.51481
5.34555
2.27254
-5.55125
-5.3591
-2.43528
4.753
3.15529
-6.66046
1.09658
-0.827037
4.20547
-3.32744
-3.41153
-2.0407
-4.07188
-4.89551
-2.83378
0.958673
-2.58646
-4.24159
0.865165
-3.86594
-2.37406
-5.17413
-2.85516
1.02909
-3.93973
-5.39604
-7.19815
-3.71732
-4.30946
-4.01289
-6.43416
-4.12589
-1.91671
2.81328
1.66204
7.25285
1.24684
1.44088
4.37469
-4.63632
4.58141
-5.66734
-4.89837
-1.48908
-3.97662
2.60333
-6.86423
4.19921
-4.70806
1.61315
6.71099
2.99046
-1.5508
-1.87965
-3.40475
2.88973
3.40158
-1.34332
-2.05403
6.55797
-2.83368
6.93652
-9.20824
-2.3216
-3.83961
-2.51188
2.96707
4.55228
2.26579
-2.59302
-2.15455
1.88492
4.88612
1.83875
0.214515
-5.86797
-4.34011
-1.92192
3.54657
-3.79609
1.23758
3.07232
-5.4677
-3.74071
-4.97921
-3.31763
5.66732
5.76939
4.91129
5.38132
-5.40764
-1.57122
6.46802
7.23081
1.68365
5.68854
-3.44175
9.03107
4.89321
-4.2531
-7.31419
-2.15316
-3.19004
0.690972
2.98611
1.27494
4.15113
-2.29084
4.5915
-3.83181
-4.32309
1.86975
-2.54535
-2.58578
3.45242
2.24211
-1.28405
3.39833
6.11563
3.53463
3.73197
-5.90406
0.806741
6.28073
3.36627
-4.05206
5.07692
-1.01828
3.64151
3.83738
3.66196
2.48817
3.26343
-1.40601
2.72167
1.95042
1.73304
7.7257
2.27256
4.24669
7.52625
6.58824
8.2168
3.4391
-3.49405
-3.79234
-7.27982
-3.92931
5.33852
4.40918
-2.93893
2.39157
3.21943
4.71129
5.61193
5.72715
3.57442
-4.76678
-3.75876
-4.7865
4.12041
-3.28449
-7.09945
-1.29171
0.965478
3.68157
-2.75117
-1.85341
-2.87876
1.76439
-7.53244
0.537218
-5.80867
-2.34443
4.02905
-4.57743
5.02894
-2.78053
3.15392
2.74373
2.78993
3.22425
6.22676
4.21369
3.42342
-2.32675
1.51058
4.15931
-5.12104
-6.85521
-5.07969
-4.35601
-2.16122
-4.61366
2.42591
3.22416
7.58728
-4.20699
4.53722
-6.40914
-3.25013
-2.04621
4.75838
-0.976358
-0.843264
-5.34212
3.01017
6.67122
-9.47896
3.78272
-8.42366
-4.69115
2.68834
-3.32057
-2.70284
0.435968
-2.2532
3.84134
-2.80388
-0.763293
-3.02108
5.90215
3.80488
7.18511
5.11218
2.76304
-3.74535
4.00766
2.387
1.77872
3.12263
-5.43842
5.73491
1.09949
0.724758
4.607
2.7609
-0.643997
-2.96955
5.18828
-4.54284
4.04815
6.4009
5.78271
2.75887
3.69195
3.17957
-1.18045
-4.29749
-2.41837
-4.62521
-1.67022
-3.52665
-3.32295
8.13081
4.20205
9.65725
2.44007
7.45436
-3.28679
-3.32916
-3.66278
-4.54672
1.70363
-1.89019
-3.1044
-3.47357
-5.29704
-5.27421
-5.12659
1.18815
6.14439
-4.66186
3.22219
-2.34861
-3.94941
2.87993
3.0832
-2.2896
-4.69126
1.47394
2.76932
-3.44312
-4.00331
6.15298
3.74655
4.64874
2.05762
-4.81212
-3.38855
2.56394
2.35328
-4.06178
6.35091
-1.84188
3.88018
-3.12689
-2.54988
-4.53739
-4.12201
-7.50355
-1.52303
3.36488
1.3535
-6.82373
-3.11196
3.80615
1.69549
9.00843
1.5976
3.75426
-1.65007
-3.58154
-2.30477
-9.09681
-3.1749
-3.7814
-4.68712
-6.29055
5.51697
-7.75987
-5.2398
-3.97237
-5.31847
2.38168
-4.27768
1.15398
1.4329
3.04919
-1.47903
-3.70451
6.13566
-2.36962
4.40752
3.08251
4.68172
-7.7181
-5.91461
1.77014
4.29889
-2.3523
2.34262
-3.88906
4.79056
-2.79645
-3.53218
-3.42753
-0.646314
-3.51831
3.51418
-11.283
3.36921
4.38233
2.51386
2.87904
-3.01824
-13.0998
5.38573
-1.07431
2.19416
6.11775
-2.59662
-3.09001
2.11753
2.59062
5.3891
-2.84139
-3.43069
1.60136
5.31994
-4.34511
-3.25816
2.5877
1.88799
2.64285
4.14945
-2.25221
1.86818
-5.55159
-1.41732
1.19579
-1.00816
-2.49348
-1.81111
-2.34055
4.25045
3.6607
5.82679
-1.9649
3.08244
-2.73947
-4.06531
-4.80641
-0.980022
-1.45164
2.82264
5.20482
-4.12154
-3.9948
4.03584
-5.71836
-3.35217
-2.98084
9.69413
2.09635
3.21527
-5.01517
-5.39394
-0.181589
2.03903
3.17503
1.27554
4.8035
-1.85531
1.96032
5.74127
4.55961
1.12022
5.86372
-1.83374
4.722
-6.88643
-3.92772
4.36154
-1.80705
2.07494
-3.0288
5.05102
1.84407
3.46498
-9.77752
-2.14715
-3.13523
4.82214
3.99559
-4.99347
3.90137
2.17526
2.69452
-2.64396
6.95112
2.64628
2.8992
0.721727
-1.00928
3.26198
-3.61154
1.6002
4.95736
8.45
-3.54728
-2.81406
-2.37758
-7.94033
0.567214
-1.53102
-3.01607
-7.11911
4.11219
-4.98988
-4.88027
1.98187
2.28855
-4.02028
-3.45808
-3.25077
-2.08017
-4.97434
4.7822
-2.70101
2.83564
1.26778
-3.99852
-2.00623
2.00964
-4.63919
7.12038
-4.04272
-5.92906
3.91475
3.88467
-2.48929
-4.75134
1.69751
-1.33134
-8.08886
3.53615
4.96132
2.42757
3.60036
-8.18526
-2.95078
8.94452
2.31719
3.97886
3.14109
0.577428
-4.10793
3.01241
1.44607
-1.15738
3.37084
-1.98193
2.71049
-2.24194
-5.00155
5.10176
-2.45912
-1.21514
-4.9402
3.24933
-1.99744
2.99351
2.35544
-1.97614
4.91491
1.38566
1.65216
6.17479
-3.70883
-6.00725
-4.88146
3.51827
1.22935
-4.05954
-3.65721
-2.64883
-7.39284
2.53507
-2.04741
-7.35601
-11.9964
-4.42782
2.71563
-4.76621
4.22423
7.94052
-6.20434
-3.5042
3.37565
-4.41701
-3.17635
-1.64609
-3.84409
-3.49593
3.57291
3.17689
-7.297
4.89609
3.27135
-4.0943
-2.27244
-5.91929
-3.99674
3.02708
4.70195
8.80656
-2.42008
5.38699
-2.88713
-2.01903
4.88049
-2.98467
-1.65585
2.61804
-3.49365
-1.53509
-3.70445
-9.98083
5.50978
-6.18645
-2.46393
-1.21701
3.49297
-4.95503
4.94109
7.2413
3.35103
0.893069
1.64812
1.70981
-3.11662
-4.54385
-9.64956
-1.41151
4.34225
2.67888
-5.23261
1.8751
3.2584
4.92809
-2.37881
-3.72504
-1.33976
6.4282
4.43536
3.61189
-2.12676
-4.26189
-3.97343
2.39573
5.73726
4.19068
2.80602
3.08575
1.40608
-1.41878
2.86358
-2.1052
-2.59539
-2.5221
4.87403
-6.91335
4.3107
-5.26547
2.66454
-1.81106
-3.23388
-1.56605
-6.32467
-6.76524
-2.046
1.24143
8.32317
3.39354
3.60248
3.97849
6.5977
1.67782
3.37135
7.35784
-4.59643
-1.94389
6.72218
2.53979
-2.52063
1.51904
-4.06533
-4.37871
-4.97834
3.02334
4.28873
-3.05381
-1.99994
-2.54794
2.64425
-9.16814
-4.60862
-3.96097
-7.37589
2.39155
1.41299
-1.65976
0.948679
3.10714
-3.85597
-5.31205
3.74496
7.08771
-1.61249
1.09677
3.84397
1.77291
-4.22079
3.02622
-3.71239
-1.4712
4.80383
3.9265
9.37758
-0.947277
-2.52919
-2.29099
-3.30163
-2.11009
2.31635
-3.59237
-4.65906
3.42122
2.40693
5.6724
4.39831
0.749544
7.38152
-3.47352
2.71351
-4.18652
3.84468
4.45043
3.41616
2.80558
3.41256
4.96127
2.98534
1.98405
5.23709
-9.43936
-2.66498
1.64751
3.04802
3.32691
1.04799
-5.84542
1.3292
-2.41074
-7.17913
2.78506
2.62095
-3.82466
-4.72785
-2.35266
2.34452
3.46649
3.35829
2.63988
2.96445
1.36448
-5.75762
2.18859
7.80262
-6.42773
7.61653
-3.34419
1.1867
5.83542
-1.39588
-6.33555
-1.59326
2.91593
8.22699
-4.08116
3.7757
-2.02042
3.70398
-6.28282
-6.64974
-6.16319
7.27743
-4.29215
1.19519
4.9004
3.30045
-0.970534
-4.67534
-4.12757
-2.1878
-6.93315
-5.05004
1.15833
1.53815
5.76938
2.82996
3.5465
-1.54478
-2.18157
0.609219
-4.70473
-3.09985
-4.43329
-2.99728
-3.85686
-3.2646
-4.80501
5.92846
-7.38932
-4.79015
-3.38807
-7.35198
-4.04663
-3.6159
-2.15621
-4.14923
2.56895
-4.15484
-1.43615
3.4876
2.94277
5.13723
3.01895
-6.21435
4.60065
1.30908
-6.3866
5.26461
-3.92045
-1.81517
4.92951
-2.09767
4.17788
-4.66422
-1.70613
-2.31769
-2.21646
-2.84629
12.1126
3.82298
4.58141
3.78745
2.15078
3.67192
1.32904
-3.30456
-4.84602
-1.63103
-5.12761
4.71769
-3.28446
3.89322
3.13199
2.06593
-1.80955
-2.48004
3.76957
2.46441
-4.37469
2.98497
8.32204
4.20623
5.13048
1.63121
5.36364
3.33745
-5.97152
5.12109
2.038
-4.82072
3.78755
-3.10134
-3.69043
-1.50177
-7.91407
2.9452
1.18334
-3.08834
-4.28858
-5.44197
-3.03379
-3.0587
-8.82491
-1.13661
2.61967
-2.29897
0.851764
-5.23722
-4.55612
3.06051
6.25645
3.55521
5.89348
4.24359
-8.5853
5.0292
2.4322
-2.41111
-4.95345
-3.55184
-2.4801
4.79837
6.07337
5.91939
2.09213
2.55425
-1.58843
-4.28328
3.4918
10.2243
-7.76091
2.12434
-1.63603
-4.73379
-2.78925
-2.18545
-3.92906
2.47707
5.51564
-2.27005
-2.51417
4.86796
1.77911
2.99608
2.49461
-3.25054
-1.3175
-3.51934
2.24106
-3.13431
-6.20179
5.0176
5.28155
-6.95593
5.07926
3.76231
5.90661
2.06349
-4.05985
-3.15831
4.19343
3.61158
5.41423
2.19126
4.59999
3.6559
2.42827
1.43775
2.32767
-4.48121
3.66702
-2.94272
-1.47283
-4.41975
2.60635
4.63764
-2.44903
4.40963
5.84094
-5.60437
11.4404
5.26285
4.94956
4.33219
-3.96731
-4.63988
-3.90412
1.71653
-8.08905
-0.789176
7.69708
-8.12762
1.30152
1.66753
3.72918
1.7596
-4.37695
-6.02223
0.79092
2.82969
-0.525696
-1.47533
-1.10335
-10.0022
-2.01272
7.33286
2.46803
-5.65305
-5.43637
6.69894
-1.28017
-2.95377
-8.76831
2.15455
-7.9252
5.35561
-3.30204
-9.3264
3.17687
1.49764
-3.65623
-2.30638
-1.55851
-4.70844
3.63419
4.1697
3.37144
4.51749
-2.85829
-9.95929
1.72843
-2.78761
-6.96271
-6.85107
-1.54656
1.43143
2.49991
5.67564
5.51691
2.68663
4.23927
-5.23788
-2.08421
2.91296
-1.48168
0.712891
2.54319
2.90391
1.75644
3.52009
-1.96846
-4.05977
1.09731
4.28643
3.05856
3.35864
-6.03371
4.65886
3.96203
-1.95561
3.00391
-6.00541
-2.8389
-3.95709
1.3972
-4.04337
2.4321
-3.98258
-1.97459
-3.9908
-4.95577
-3.91805
-5.71111
2.85365
-5.42114
-2.85831
3.22367
3.87881
-4.00462
-4.30023
2.82178
-3.60503
-1.58172
-3.22646
-3.64867
-2.12013
-3.96763
3.08326
-3.27792
2.90307
-0.800666
-0.398686
2.12947
1.07232
4.45382
-4.18754
-2.42149
9.34456
-3.66152
4.22931
-7.27319
-1.03485
-3.19243
3.47821
-2.99655
1.75558
-3.69722
2.16189
-4.57534
3.67233
6.71213
2.79197
4.51842
-3.21425
-6.34297
4.78533
-3.2491
4.03563
4.20319
-1.53826
4.36061
4.51477
4.78586
-3.63545
1.33489
-3.74157
7.82634
3.83351
0.932833
-2.26708
-1.88758
-4.99517
8.21576
-2.68212
5.42304
-7.01742
1.98507
2.91811
3.53318
-1.34207
6.36558
0.397842
2.5795
-4.88447
5.82285
-5.84458
-3.32419
-4.00129
-2.78026
3.59917
2.39812
-5.96318
6.9657
-3.45093
-0.98908
-1.9039
2.16633
-4.06896
-3.67015
6.49108
-1.94069
-2.22834
-5.5848
-6.77332
-6.83251
5.22791
-3.18271
-6.14384
-8.02836
-5.75588
-6.14465
3.00432
-4.04947
-2.51535
4.68591
3.6956
-3.86795
-2.5717
-4.39772
4.64824
6.41878
-2.10743
-8.10823
2.61733
-2.42206
1.79841
6.55483
8.35982
-3.17383
4.51529
4.44987
-2.52272
-8.93875
5.05545
-4.99803
-3.49375
5.73863
1.72055
-3.34654
-3.31259
-6.0559
2.64226
-2.49542
2.6422
-3.99831
-3.13841
-2.2978
3.96118
-2.74576
-2.27841
-6.40708
-6.7933
7.07175
4.75247
4.43294
-5.85052
1.91167
-4.28588
-7.11432
-1.17484
4.52589
2.84214
-1.11929
3.67035
2.88058
0.904172
4.45269
3.73522
3.25926
-4.16843
-2.17774
-2.63402
-4.98746
7.06905
-2.55807
-3.89339
5.44442
4.62243
-3.03912
-3.41855
7.13499
1.91829
-2.71419
-3.55328
-4.71604
3.16706
1.81229
-2.99778
-3.30339
-4.53646
-4.36705
5.71556
6.23655
2.54822
4.60497
2.52476
-3.36598
3.00013
4.08914
3.57985
2.98672
1.32407
2.93837
6.58849
4.96983
4.30528
-2.20058
-2.02602
-5.33485
-0.535203
1.01631
-3.55949
3.76433
5.71572
-2.87847
1.37726
-2.9729
-3.49183
-3.29074
2.538
-4.06916
-1.60382
4.08779
-3.41752
-1.84432
2.63446
0.531442
2.96188
1.61901
-5.59614
2.53403
2.33595
0.708106
1.69779
-4.15314
5.03184
-2.35507
2.4075
2.64854
5.35916
4.76849
-1.89298
-3.33565
-1.84314
-2.45825
-7.16298
3.86621
2.92286
6.96332
3.22397
-2.23028
-2.40069
-2.47425
-2.76583
-3.67942
3.57059
-1.59097
-2.71294
-5.31729
-0.933408
-2.55099
-3.07387
-5.97233
2.63348
1.48968
-4.98069
3.79673
4.36953
-8.61239
-2.34444
-4.97374
-4.3928
-2.20427
3.53037
2.37067
-2.59537
-5.62382
-4.61718
-3.3846
-5.19531
-3.90257
-1.83425
5.51017
6.04292
3.55576
-1.86589
-5.11009
-0.55475
7.64052
-2.88255
9.03308
1.83998
5.09103
4.3468
-4.65493
6.50999
6.34831
4.75103
4.25089
4.89773
1.62897
2.79127
-5.45664
-3.9177
4.64978
-4.98658
2.15854
-2.70268
-6.34188
-1.47488
5.54535
8.10125
-3.5329
-2.15306
-5.12824
-3.65997
-2.88149
6.15779
-3.99389
-6.95257
-5.67237
-6.51461
-5.58117
-5.07722
-3.61874
-0.67179
2.5246
-1.11444
1.92959
3.29829
4.70127
3.52861
5.66583
-2.79296
-2.44857
3.10701
9.66512
2.5149
3.39485
4.4101
2.84587
-5.441
-1.98035
4.16531
-4.2059
-3.28035
1.5163
5.95332
1.19504
-6.04777
-1.18575
4.3929
6.52577
7.8435
-3.19038
2.74046
-2.99958
3.6336
5.43268
-7.89772
1.46326
-1.09933
2.49859
2.15858
-10.2052
4.62438
5.2919
2.70092
2.17792
0.792602
-4.68883
-3.833
2.67932
4.51577
12.7036
-3.56102
2.02591
-4.96156
3.23771
2.05
-5.86375
-3.27861
-0.768338
1.69375
0.965035
-1.26378
-3.59321
-1.66406
-4.5761
-0.522169
-4.59741
6.02063
2.75849
3.42854
2.13006
3.72059
3.52503
-5.07219
-0.479078
-1.40164
1.62281
5.80676
-2.51772
4.58458
-2.72256
-1.9776
3.7536
-2.62857
-2.17543
-1.69582
1.90413
-4.33347
-4.27165
-2.23345
-3.37188
4.48074
5.41098
-2.07943
-2.22259
2.15818
4.08383
-2.51309
2.35036
-2.18751
-2.36058
-4.03244
7.51586
2.94717
2.06645
4.35883
6.37287
14.8778
1.76146
-4.12526
-4.68438
-2.883
5.88295
3.39806
1.27174
-3.90458
-3.08728
-3.62641
-11.9381
2.31218
-9.58841
-2.09839
-5.05709
-1.54855
-5.74002
-3.96845
-3.4199
-7.97778
3.98202
2.27635
6.10275
6.7506
10.3682
-3.173
-5.30376
4.47513
-2.04549
4.55883
-1.95348
-2.57903
7.40651
0.704215
-7.08771
1.57796
-2.61084
4.40434
-5.20251
-4.3675
1.32861
-3.4186
-3.40543
4.73977
2.37058
3.62873
6.01929
-5.78371
-2.29948
3.24646
-2.067
7.06828
-3.73869
-2.32871
0.601948
-2.70781
-4.81452
-2.40127
-4.53479
-1.51811
-6.89316
2.23851
-1.97938
-6.27351
-7.39611
-2.62213
2.08626
2.21699
-1.47431
6.13846
-2.37891
4.02967
3.03644
-0.595663
1.61132
3.46225
5.15501
2.40607
1.90603
1.53655
3.78449
1.32366
-3.94208
3.25412
9.08878
9.06682
4.7984
-1.72421
-2.49659
-3.57348
1.80332
2.87085
3.42166
3.26256
3.3207
-3.49448
6.83775
5.08754
2.9411
2.67394
-3.92944
5.20747
4.20129
4.04439
-5.166
4.67452
1.61315
-4.57285
1.93786
3.67026
4.56837
6.31995
1.12856
-3.9182
2.37537
-4.17293
-7.21544
2.59099
-4.12536
-4.18326
-3.85906
0.634224
6.75453
3.89187
-2.78426
2.52323
3.57965
5.44855
-1.18848
-5.33119
4.49544
-7.8225
4.29288
-3.34625
-5.52608
1.22069
1.99756
5.33292
1.21924
-3.02919
-2.42497
-4.1834
-7.69792
-2.46167
-4.54522
-3.16954
4.20831
-2.46875
-3.782
1.56922
1.73786
2.08626
-2.70355
-1.11135
-1.75048
-2.7692
-6.71722
-1.03284
9.36392
2.14578
-3.23341
2.36515
-5.4475
1.66647
1.7179
2.14997
-10.8826
-0.951957
1.27133
-2.31447
-5.33109
-4.60259
2.4255
-2.62442
-3.03504
1.97944
3
3.39782
4.27558
4.11166
-2.52499
0.586994
-6.43988
-3.73746
1.50015
2.64636
3.62704
-6.33319
-1.8118
5.88587
2.36619
7.1827
-0.642885
-1.65677
-5.98391
2.85106
2.40114
3.18804
4.74769
-4.53317
2.83921
7.51512
-1.69606
-5.7045
-3.11927
-2.95704
1.65641
-1.33035
-3.41071
10.6626
6.19211
-5.58301
-4.45081
-1.76695
5.01324
-1.79154
6.20238
-6.3201
-1.50527
3.86413
-4.8968
1.02971
-3.26646
3.65733
3.66931
-2.6389
-2.41394
-1.60917
-4.1196
2.72911
-2.12858
-3.74298
-6.20081
-5.97377
-3.74093
-2.2998
5.42449
2.87966
2.26478
-4.76378
-0.315757
-3.90018
-4.57122
3.28109
6.35321
-1.2371
-3.77172
-3.22688
-3.59828
4.22501
4.58384
-2.23838
-3.30224
-5.68927
-5.64073
4.41693
-2.56736
4.38804
4.00039
5.67432
1.20603
3.91106
-3.26016
-2.3189
2.01712
4.10617
1.77224
-2.66479
-2.60428
5.16386
1.90401
-2.41506
-7.82686
-3.36583
-6.04587
-2.69083
-7.08326
0.75753
4.06396
6.8773
5.64627
6.06478
2.65484
-3.04726
-1.21076
3.87613
5.17762
-2.74934
3.44339
-3.97334
1.79759
-2.50219
-1.54391
-4.74389
-2.5645
-4.70652
-6.83171
-4.47743
-3.47954
2.30054
6.48108
4.68562
3.04448
-1.25595
4.46507
3.99363
7.06954
5.1376
3.7494
5.38358
5.266
-3.42764
-5.64047
-2.55624
-5.95072
7.8733
-4.08274
-3.11652
-3.40005
-4.09937
6.55303
-2.9985
2.80867
-9.31758
-5.64641
3.97744
-5.23419
-7.08289
9.13715
3.78745
-2.7641
-3.86303
-2.97694
-4.08981
3.70544
-3.51845
3.8553
-2.21433
-4.18164
2.28912
5.60694
-5.14419
-2.86611
0.598986
-9.68024
-3.46939
-6.58624
2.93247
-5.08695
-8.77032
-1.12361
-4.88931
-8.27575
2.09156
1.73713
-3.16384
-3.55816
-3.1598
3.68932
-4.13363
-7.5199
-2.69557
2.95003
10.2799
-2.8225
2.21931
1.77267
1.11885
-2.00873
-1.38293
2.94758
-5.61315
-3.1303
-3.19438
-0.256118
6.29975
4.19576
-3.08107
-4.03116
-3.076
-3.06214
-3.06894
-2.13839
-4.4414
-2.17332
3.37307
-3.48052
3.13776
3.39747
2.15536
-2.23314
-1.87865
2.38411
-1.00862
-4.47064
4.398
-3.09717
-3.10204
-2.82107
-3.53128
1.53381
-4.61644
-2.19811
3.76556
3.49486
3.20788
3.91802
-4.17147
1.38095
3.84551
3.86478
2.39862
3.249
-0.269153
7.02295
1.3424
-5.92382
-3.15419
2.15118
-2.21357
2.09982
-1.43786
15.0153
1.07366
3.04465
3.11812
2.05729
3.19438
6.10222
-1.89915
-4.80817
5.03193
-2.27118
5.76881
2.16401
2.31383
1.90809
-3.92592
-7.38834
-4.44865
-6.68946
-1.40596
-7.10373
-5.22059
-1.99619
-2.22424
1.36932
6.29777
7.48333
3.72713
-5.25191
-1.57599
1.66022
4.29042
-4.2781
0.215973
-2.85221
-5.33019
-0.918945
4.01569
5.55475
-3.81276
-5.17674
-12.2798
-1.28937
-1.60213
-2.30953
-3.26932
3.49593
-4.27445
-3.83922
-2.58138
-6.24516
-1.46844
2.55658
2.00618
5.16533
2.29907
3.34692
-3.411
-7.13972
1.60846
10.3619
3.62371
-4.30144
-1.19629
-4.42328
-5.16193
-3.2149
-2.41503
-2.64529
-3.46389
1.90416
1.43589
12.0306
-3.31447
-3.08743
6.9864
5.08978
-3.56573
-1.6274
2.47435
0.877628
-1.81041
2.10345
5.09134
-3.44139
2.41405
-5.52269
8.56129
5.00974
6.57925
2.04927
-9.44582
-4.91784
-1.97276
1.23162
-1.51291
-2.93649
5.43654
-2.71452
1.99219
-3.54549
-5.08331
4.47844
-5.09417
-4.98937
3.90124
-4.94996
4.26664
-1.77903
-4.299
-3.17739
0.413904
2.27038
3.79951
-7.59168
5.42336
2.29507
1.48414
-3.06974
-2.69067
1.7843
4.46001
-2.98096
1.13669
3.48112
1.94013
2.7679
2.56158
-3.89502
-6.2383
3.03094
2.0354
6.71464
4.4446
-4.04356
-3.16506
1.18406
5.46472
3.76437
-6.52761
-4.21021
-4.00449
1.58279
3.89469
3.49814
3.99949
-1.54836
2.47586
2.94318
-4.7344
-0.563085
-3.6784
4.04288
-2.01614
-1.55185
-3.62505
-2.6862
6.71032
1.72237
7.70216
1.81984
3.98792
3.59299
-5.39726
-3.42671
4.25013
1.04696
1.76591
-1.67025
-9.86199
-2.06778
3.24154
4.33642
1.8921
1.56559
-2.92754
4.79735
-2.11038
2.20941
-5.47395
-2.68873
-4.25429
5.12714
-3.92519
3.7556
3.72238
-5.59494
-1.78158
4.37196
3.95898
2.61269
1.25653
1.51036
-3.98801
2.41656
2.40181
-3.90916
-2.01995
-0.802121
-2.51461
5.08626
-3.54336
3.68588
-3.15233
-9.82362
-3.71742
-1.35718
-4.77343
-3.53402
0.416616
-3.70107
3.23222
-5.35078
2.85692
-3.87468
-4.77494
7.66268
4.15093
2.44093
1.35346
-2.64284
-5.5231
1.97806
2.0086
6.14559
-2.33188
-3.56008
1.17234
6.00662
1.72764
1.35203
4.22572
0.731941
9.72841
2.62693
5.2231
4.60448
-3.88856
-3.10002
-6.42346
4.63246
-2.96822
1.80063
-4.62096
-6.87656
7.34974
2.43226
4.093
5.88196
5.6405
6.30433
4.47867
3.01733
3.94285
-2.7982
-6.73023
5.58459
-6.45057
-2.97803
-3.19046
-1.48533
-1.78433
6.54806
-4.34768
1.82948
6.15035
-2.17115
-3.72912
4.01687
3.59859
-1.40884
-2.03634
-3.19249
-4.62436
-1.93468
-4.55921
8.36709
7.37959
6.30638
1.10679
6.54547
6.91224
3.50376
-4.76773
-6.72207
4.45002
-5.30733
-3.4326
-5.50521
9.12187
6.37338
-4.45463
3.60483
-1.55247
-3.12298
-3.0622
1.98573
5.54496
1.85324
-2.57625
10.5123
5.59593
3.71816
-4.11514
-5.12566
-9.47369
-3.02289
2.18155
-4.04759
-7.19138
-3.98429
-1.98479
5.21925
5.79198
6.08562
-1.53789
3.85799
10.0199
4.52944
-6.62632
1.76608
-4.02395
-4.65144
3.47822
-2.77252
-5.1838
6.48734
2.39711
4.01885
3.19213
3.16313
2.93528
-2.68056
1.2028
1.46864
2.5787
-3.40743
2.4673
-6.31605
-3.34987
4.37099
3.09422
-1.39351
3.52987
-5.62822
-4.28684
-7.55528
-0.988193
-3.65278
-3.2952
0.99576
-4.25127
-5.01161
5.33798
2.31327
3.42252
6.16488
-1.82729
-4.17856
-7.65253
-4.23975
-9.99657
-4.51113
-1.30024
4.54968
-1.65033
-3.85413
1.28789
3.58702
5.11824
3.454
2.29391
2.46178
2.36179
1.0341
-2.06967
-5.63505
3.6793
-4.81178
6.55123
0.989219
-1.46458
5.55232
-2.99599
-2.68359
-7.83505
-4.63667
-2.96268
2.95978
5.83709
6.4583
6.63479
5.06716
-1.06209
-6.06206
0.690991
-5.5654
-5.16956
3.77456
5.65267
-2.11381
-5.17391
1.70309
-2.56884
3.32917
-3.02394
-2.67712
-2.3282
-3.83255
-6.59681
-1.30885
2.26102
-3.05076
3.94244
3.55773
2.098
-1.34689
-0.705744
-7.91216
-2.87813
-4.53951
-0.976697
5.0543
5.3948
-5.70698
3.7464
10.7025
6.38617
-0.889794
3.63784
1.07313
4.65081
-3.25371
-3.38367
5.60117
-5.09104
-9.03731
-4.97111
-2.66205
7.35587
-5.84108
2.02087
-2.14536
-4.5184
-4.51638
-1.4724
-1.59302
3.6508
-1.57771
-4.26724
8.99864
1.79678
-2.37958
4.55937
1.45141
-2.43218
-2.81857
-7.74408
-4.89088
1.68037
5.56028
6.10212
2.53217
6.23947
2.99433
-4.61016
-4.62697
-6.61849
4.69208
-1.24587
3.24015
7.97503
6.23605
7.54456
-1.25246
-3.09887
-3.17137
-2.66517
1.08577
-4.14198
2.96948
2.08599
-2.30524
-2.66621
-1.90604
-3.25771
2.64151
4.10454
2.00132
-12.9827
-4.0092
4.3838
2.78748
-1.21784
-4.42794
2.17553
-3.57186
1.36288
4.22718
-2.81362
-3.43338
2.92112
5.09306
6.72183
-4.93854
-1.52879
2.01784
2.29031
-4.45202
5.05879
2.19545
-4.74844
11.3503
5.23664
4.10074
2.88828
2.77931
-3.83847
-1.19618
4.58108
4.08002
3.95933
-5.75823
2.14609
2.29068
-2.05665
2.93694
-6.23315
5.37868
2.13541
2.01552
-1.53042
-3.63853
3.97369
1.8299
0.394167
-2.60617
3.04136
4.92906
4.57344
-4.34578
-5.94565
-1.46927
-3.74512
-4.22178
-0.847787
2.76416
5.16266
8.27741
-2.50596
1.84659
-6.12582
3.14171
-1.55813
-2.89781
4.45221
3.00732
0.763082
-2.36453
-4.11715
4.76456
2.14271
3.88609
1.61448
-5.35088
-4.2541
-1.51356
0.870519
-4.59299
-2.41837
-6.04808
2.34029
4.71784
3.83184
-2.59547
-2.34358
2.85229
-3.90135
-6.37972
1.71446
-1.21089
-1.33716
-5.29399
1.36421
-7.74508
-4.70744
-4.20813
4.1209
-5.26041
-5.87084
2.57829
2.25127
6.28066
-5.04542
-5.55955
-3.93876
-4.14442
-4.38325
-2.86611
6.08349
-2.7938
3.55185
5.42563
4.80945
3.79981
2.85203
3.42843
-2.74413
5.43642
-2.63529
2.02013
-4.23452
-7.34973
-4.6878
7.77583
6.01883
1.02994
-5.1294
-6.78645
6.84831
4.63704
-2.02455
5.44983
6.08519
1.86426
1.0249
-2.216
-4.61928
-1.47711
-8.8449
-5.19828
-2.80716
-6.12257
2.56467
4.59604
5.47605
6.45765
4.53133
1.86091
2.15131
1.977
-4.37851
11.5496
2.8979
6.25558
1.35871
-2.14557
7.64451
-1.61026
-2.53017
-1.7643
-7.51343
1.2978
1.88063
2.49953
-1.05897
-6.15315
6.7086
3.63286
3.12788
4.09823
2.5462
5.21431
-7.72289
2.4896
-0.687454
-2.98333
-2.76462
4.68623
0.842781
5.00929
1.94606
-2.46335
-7.31575
-8.80286
-3.50075
-4.67343
-3.80816
-5.36512
-5.57768
-0.377422
-5.26983
2.31078
-9.97908
3.73838
1.57972
2.24415
3.54447
-3.54859
6.00827
-4.49689
1.6063
5.62785
3.73018
-0.57077
-2.83097
-4.70059
-2.19722
1.46866
-2.80077
-1.77419
-3.76122
1.95757
-2.79325
1.26096
4.23961
3.65609
2.75744
2.55583
1.61441
-0.999119
6.83307
-3.23804
8.77941
0.810482
2.73312
-8.61577
-2.34982
7.74478
8.05159
-0.821727
4.18321
4.53647
4.81186
-1.10782
-4.55202
-5.63379
-1.48748
-2.5197
3.8438
-5.51687
1.24848
-3.75051
-2.43245
2.14519
2.70766
-2.13857
4.21601
-2.26346
-3.10843
-5.3926
2.6984
-1.40909
-5.45898
3.50376
1.48395
-3.34731
2.40863
-4.3289
4.7973
-2.59622
1.77884
2.17155
-5.84168
-1.47662
-4.50217
-1.70156
-10.4776
-0.929249
-3.88998
-0.824379
-0.22086
5.13996
3.65809
1.01227
0.961215
3.56362
3.91461
1.73134
-2.78763
-1.57538
2.36866
-3.50751
3.49063
-2.62659
1.61554
2.26788
-6.23754
-1.89243
5.82201
4.81998
-4.51744
0.899913
2.63529
4.56046
2.6389
-2.74459
2.06412
5.12636
-8.25423
2.2796
7.43031
-1.70108
-4.97697
-4.00519
-10.3981
-3.53985
-3.71189
-4.54025
1.43868
-0.847409
2.52843
-7.00305
-1.73546
2.77558
4.04533
7.40421
3.16418
3.7037
3.80853
-3.37608
-3.21183
3.90951
-6.51545
7.26671
1.65914
1.97966
-4.48873
-4.74751
-3.42322
-4.47732
1.3299
-6.9369
3.84305
-3.50158
-3.55487
-5.11705
-5.3884
-8.9409
-3.68025
3.46177
-2.04394
-5.53678
-5.86963
-7.04405
-4.38776
6.23691
7.62181
4.30358
6.40742
-5.03915
-2.38432
0.342134
-4.01787
2.92948
-4.03804
-3.08353
3.15587
7.39873
8.3182
0.977368
-1.23277
-3.13193
2.50201
-3.98713
-6.44567
5.50912
8.03055
1.86601
3.08439
-2.14957
1.72778
-2.8685
4.99584
-2.77676
12.4118
-2.06833
-2.37452
1.31676
2.59512
-7.1766
1.35817
1.04662
-2.39145
6.01126
4.08197
-4.13299
1.20283
-2.43801
-4.58045
3.69076
4.71971
6.53195
2.29068
5.78305
3.03998
-6.78449
4.66614
4.58199
-3.44919
1.57659
2.9642
-2.78902
3.56078
-6.78166
2.62681
-2.60265
-2.62402
6.64184
-1.70278
0.91768
-2.5184
5.63718
-2.64578
-3.60248
-2.88196
-3.46177
2.77982
-1.22748
5.76087
4.94441
-2.40964
-4.88048
-4.56426
2.32568
-3.47782
-2.84963
-8.08668
-1.78143
3.90813
-3.26113
1.70777
3.60153
-5.03352
-3.76859
3.68556
2.03316
6.75816
1.67875
2.30506
-3.46662
-4.419
-4.51763
-3.71676
7.37882
-1.84346
-6.22909
2.26256
3.72318
5.07683
2.34833
-3.4603
-3.32015
-1.78082
-3.11699
-2.56189
-1.82968
-1.32703
-2.37046
-3.24262
-3.28266
1.9523
-2.47016
-5.12422
3.96533
-3.33375
-2.78005
-3.93883
-1.65477
4.85083
6.67241
-3.61836
-4.34297
4.7527
-6.13604
-4.30335
-4.72469
1.64525
-6.7329
2.76479
3.58831
-2.41952
-11.5971
-2.22918
-0.760315
-6.09198
8.19205
2.0999
-6.99908
-4.31291
-5.12472
3.64106
-1.8433
-4.39772
2.68115
1.92585
-2.19996
1.78196
3.07324
2.45999
7.08132
-2.86688
-4.73842
7.52193
3.01356
-2.2305
0.82346
-5.13859
-1.11384
3.81981
-2.71388
-4.74486
1.00417
-3.04034
1.32364
-4.51496
5.45708
-4.80711
2.73699
-5.42396
3.24113
-2.91976
5.60914
-3.40106
3.3276
-4.00167
-5.26659
-2.01892
3.10043
5.49846
-2.77735
4.9893
4.2023
6.97936
-5.84892
-3.8401
-2.39692
-7.5832
-1.07411
2.52272
4.11807
4.47264
-3.69226
4.1471
3.08969
-1.13018
2.98184
-4.23035
-1.92561
5.68768
4.9948
2.78029
4.96659
2.20626
-1.84229
-4.32905
-1.89164
2.73909
-4.82573
7.07857
6.75578
-2.00669
-3.57981
-1.99652
-1.21254
-2.71625
5.18759
3.65889
4.89943
2.13269
-1.56878
3.05769
4.00785
2.20137
5.02241
1.17752
-4.52181
1.99378
-7.39599
-2.63318
-2.23662
1.20804
-2.72032
2.53756
1.46382
-5.75602
2.67549
2.78825
2.34384
-3.58067
4.24317
1.17623
-2.15105
-0.963518
-3.924
0.480788
1.5947
-6.7461
5.1662
4.24041
5.6254
3.88483
-2.2214
2.56965
3.03005
-3.84834
-1.5169
8.39546
-4.41892
2.44823
-6.34681
-3.90942
-6.59991
-4.11667
-3.21373
-3.54495
9.088
-1.95176
4.62069
-2.79562
-2.67413
-6.14603
-2.28131
8.73725
5.10417
-6.95919
-1.93629
4.13572
7.41627
4.66849
2.86817
3.43686
2.696
3.43536
-3.32383
-1.19405
-2.89143
3.94181
9.18297
1.47461
-2.86867
-2.86865
-0.945937
2.25548
0.798217
-2.59501
4.03186
-5.28717
1.75708
4.78232
-5.32801
2.46592
-3.55395
-0.98903
-2.84741
6.50157
2.75946
0.63281
4.08608
-1.76574
-0.913965
3.62012
-4.26791
2.53934
-1.15456
0.888255
2.66657
6.56871
3.20281
-3.63366
4.42471
-1.50787
-4.70412
2.63887
-3.49952
1.70174
-4.71943
-6.74671
-10.9678
3.94335
-3.06383
3.36354
2.09031
-5.01952
-1.18331
-1.30433
-0.586196
4.33825
4.56017
2.85449
3.49555
4.5306
-1.40338
2.64482
1.96291
3.34125
0.88331
-7.03242
-3.35177
-4.03817
-3.80713
0.678148
-4.25926
2.80264
-4.3471
-4.12578
-4.72588
-3.43168
-6.63538
2.37859
-7.58965
-5.95155
4.53551
3.70837
-2.77547
-3.11302
-3.2668
-4.2796
9.56323
-2.52998
-5.72301
-4.13389
3.35878
8.98404
4.40943
1.31624
-2.25438
1.91045
-7.03959
-0.766603
5.25171
3.00638
-2.54041
-2.27873
0.829618
-3.39669
-2.49566
4.58191
2.20026
-4.2405
-6.52333
-2.52719
-1.17825
4.37427
-1.91842
6.17111
2.92412
3.96467
-2.67221
2.54017
3.51731
-4.69395
-7.12892
2.03
-1.95339
3.99673
-3.30184
-4.08312
-9.11867
2.00799
-3.62324
-2.28158
2.09301
3.85589
1.69406
4.29646
4.36051
3.91066
-2.43185
4.65025
3.56737
-3.08114
-5.23179
-8.95599
-6.01941
-1.64801
5.46146
-3.25248
-2.12274
5.28858
3.59954
-3.15248
-5.19701
3.18905
6.68387
2.89989
-1.05565
-4.36846
-3.46959
-3.61713
0.550001
2.96639
4.15971
3.01462
4.08543
2.24081
-2.3795
5.9836
5.44811
-1.99726
-2.06044
-5.00765
3.3367
2.89615
-2.26233
-0.601277
-5.41423
-3.66246
-1.65672
-5.18012
5.54941
3.00412
-4.42421
-3.51793
-1.90072
-3.26573
-4.30626
2.72971
-4.87904
-1.41024
-3.09922
-0.682813
0.256778
-6.84215
2.05123
3.194
-1.5817
-5.70358
-4.21662
-1.62282
2.83473
1.07204
-1.97353
2.70119
-2.61958
-4.83576
-4.70438
2.68368
4.23114
3.02582
-8.05117
-2.96444
-2.45593
3.74196
4.69479
-1.4052
0.738078
4.03731
1.34694
5.80526
2.45282
-3.10376
-7.3476
-3.52061
2.98471
1.21036
-3.61435
5.09962
-4.70058
-3.73645
-2.5054
-3.28288
-1.1884
-1.82544
-2.73339
3.71262
3.09047
-7.64474
-5.95039
5.23703
4.64051
-1.90835
-3.14943
2.28841
-5.93943
1.07793
-3.50735
-4.49158
-4.17249
2.19511
-3.21361
-3.35048
-4.08942
-3.9532
2.0762
2.48827
-2.64692
-3.83076
-1.36454
1.31311
3.36515
-1.2223
-1.44808
5.78062
4.22434
-3.30066
-5.77515
-3.81475
-2.33888
3.65226
6.70393
1.32651
2.7487
8.24569
4.05291
3.92358
5.03258
1.22041
-4.16128
-7.21257
-3.74504
-1.39851
3.29028
4.56411
-6.4689
4.34101
4.58708
1.0851
-7.39095
-3.48219
2.70364
-3.7737
-2.26639
1.80747
-3.62988
4.91445
-2.40911
-1.71158
-3.21015
3.27283
6.42303
4.57633
-3.99946
4.7388
3.96519
4.13219
5.03669
1.49757
6.09767
-3.31186
-6.9593
-3.97311
-5.84153
-4.02388
1.76871
4.19856
-1.94938
-4.60752
-4.8204
2.25818
1.71365
1.23344
-2.9383
2.63206
-1.89596
1.71675
-1.10712
-1.54003
-2.34855
-1.66714
3.24063
-7.48907
3.68597
2.61219
-2.11909
3.67974
3.50929
5.13532
3.61813
3.69057
3.59977
5.03131
4.06293
1.50052
-5.32018
-8.55649
-8.57092
-2.90738
3.22284
3.99555
-3.16975
3.07747
-3.39337
-5.5932
5.91124
-6.41693
-5.94323
-1.60228
-1.46165
-7.3375
13.9433
-4.9625
2.43826
-3.71236
-2.30165
2.04727
1.61895
1.94205
2.8357
-4.74004
5.72163
-2.996
2.0558
-5.05872
2.76523
0.983593
3.6286
-2.28387
1.43146
-2.41377
-2.58961
-2.93701
7.5468
2.83825
-7.37078
1.09971
-1.97583
-1.42348
5.47345
6.35279
1.78019
0.216445
2.90517
5.90905
5.89123
-2.9627
3.3541
5.37158
3.29227
-3.89793
2.21996
5.75962
-0.753388
-1.90156
-1.58095
-1.28804
4.39966
4.27123
2.15759
-2.45419
5.25584
6.37072
5.34305
-6.07133
-3.19799
2.99241
-4.7755
-3.74636
-6.12038
4.34857
3.91597
5.40123
8.2425
-4.25938
3.32608
-3.5635
4.69217
-1.82564
-4.70505
2.15069
3.11076
-7.23184
5.00793
2.4499
1.99816
-4.74526
3.2213
7.03333
-1.97858
5.53425
3.03359
2.94851
4.09633
2.62828
2.77229
2.86727
3.23592
2.07387
1.41679
3.23279
-6.09185
2.74223
-1.8854
2.20759
6.3786
2.21045
-3.95755
-4.82106
3.93661
-3.34675
4.39353
1.06141
2.3825
3.03573
-2.13351
-3.51286
4.92821
9.50128
4.35465
-3.79979
-4.61719
-2.61414
-2.16696
3.94915
3.86848
-1.62206
2.98235
-6.54502
-1.93607
-6.43222
-2.05176
5.75412
1.14994
-2.4854
-2.82083
-3.07752
-4.56536
4.28475
8.91394
-2.69864
5.76874
3.899
1.57011
-1.81714
-5.38731
-3.6464
-2.51675
4.79135
4.55573
-1.98553
-2.31448
-7.24241
3.55276
-5.40503
-0.616657
-3.80516
-3.75986
3.3523
2.0702
2.7319
-6.22819
0.781406
-5.16403
0.392264
3.71144
2.39403
-1.34963
-5.03538
-2.26743
8.12714
-3.89794
-6.13545
6.27726
1.01639
4.75281
4.52729
1.02599
-5.14409
-2.4969
-2.71161
-3.31371
1.60612
2.36496
1.74918
4.55138
-2.92047
-0.360919
-2.13902
2.45833
-7.60558
-7.00724
-3.61889
4.69356
4.05758
-2.71379
2.22688
3.64152
-2.0311
-1.12117
4.28115
-1.05315
-4.76559
8.16677
-2.87505
2.02113
-3.60137
-3.09266
-5.70554
3.03819
1.2685
0.84877
-3.93682
-2.29915
3.84743
-4.45942
-4.05879
-1.92564
-1.15813
4.75426
1.21634
-2.74087
-4.19281
4.50918
3.77333
2.57725
4.05405
2.2776
3.15155
-4.12129
-1.46616
-3.94864
-2.65583
-4.50337
-2.17253
1.92987
2.51737
2.04015
1.38763
2.37657
-1.41345
5.15391
-3.79496
4.74411
2.41926
-2.95866
4.65858
-2.58457
-3.75112
5.3339
-6.72181
-2.59228
1.01449
3.05907
-2.67456
-2.03943
4.24592
2.70913
-2.50617
-4.39875
2.12846
5.19433
-1.43422
5.7218
-9.88489
-8.12864
-1.12298
3.14293
5.06695
1.48751
2.5884
4.57398
-2.42581
7.17702
3.90588
-0.58735
-5.62932
-2.1737
2.18534
4.18828
3.54194
-3.74929
-3.32805
-2.87086
5.45953
1.6902
-7.07281
3.00929
5.08907
6.02438
1.90462
2.11554
-3.61617
-6.18967
-5.31413
2.64448
-4.03465
-4.4506
-2.4094
-8.33336
-5.39321
4.77455
2.28846
-5.28019
-3.12903
2.77184
-0.676773
-0.6997
-5.83036
5.18024
1.20025
-2.72876
-4.10748
-5.60737
-3.45946
3.19825
2.7116
-3.02873
-2.66919
5.46352
3.46844
-3.17353
-3.12655
-4.74355
1.08104
-9.62442
-2.40376
-4.69786
5.27969
2.30106
1.52652
-2.20158
-0.566515
5.58447
-6.22675
-2.78868
-1.04555
11.7932
2.14656
-5.40786
-2.44139
-1.046
-4.02356
-0.549373
3.62848
-5.19371
3.32529
2.92203
5.82894
-4.86323
2.23917
-5.57034
2.9153
-2.14906
1.62819
3.6947
4.56699
9.21806
1.3657
-2.22676
-1.9277
-3.85385
0.525059
4.95825
2.58422
1.05083
-7.04381
3.09733
-3.18275
-2.79182
-4.98843
4.83756
-1.45386
3.71485
1.53681
-1.3154
1.7956
1.21541
2.33137
7.79362
-1.83073
5.337
-7.3685
1.30592
3.33733
-5.89753
3.21971
4.40665
-8.01002
7.14605
-3.89627
3.13962
-3.64983
-5.02188
-6.39407
-7.92206
-3.35122
0.847937
3.61117
2.23487
2.39529
3.55569
-1.8842
5.04997
2.33614
-1.40841
-3.58326
-5.85652
-1.97585
-1.7757
-3.23
-3.76486
-4.50219
-6.71635
-1.81065
-1.35456
8.87738
-1.68543
-0.965184
-2.30905
-3.31339
-2.5822
-6.3644
4.10353
-3.54279
2.39569
5.24897
2.69485
-1.31057
-4.77343
1.43262
9.13671
3.91532
1.54724
1.61055
-3.12356
-4.87305
-3.76843
6.31429
-0.881635
0.529448
2.90058
-2.77369
5.01644
-2.49818
3.24507
-2.7677
-5.76923
-3.92641
4.59159
3.72342
2.65946
4.00256
-3.05114
-3.10282
2.20005
4.13684
-5.24739
-4.00076
3.84653
6.88094
-3.66813
-3.27738
-4.77409
2.06475
3.20669
-1.78491
1.98605
-3.98064
4.14737
-1.31535
-6.75905
-4.58346
3.17268
5.26075
-3.39898
1.71036
-1.61622
-4.82891
4.30778
-3.99753
-3.73973
2.24854
-3.21119
5.2972
-1.25036
-2.80936
-7.74647
1.32449
6.25803
1.34765
7.51502
3.11676
-3.5317
-2.05104
-5.99952
-2.76007
4.13454
0.966612
-4.01646
2.78316
-1.03306
1.64274
-3.83083
-3.59811
-2.97806
-3.52668
2.94357
-2.2475
-3.4908
-2.73962
1.1223
4.30937
4.15456
-5.19545
2.43221
-7.32763
-1.58736
-2.85742
-1.67273
1.41626
6.06504
-4.80635
3.68541
8.30211
3.89754
4.04731
3.19915
3.27614
9.57918
-3.88157
2.12198
-5.92412
-7.0231
-8.37631
7.98987
2.79088
-4.41787
2.64783
6.22956
-5.45811
-3.82065
4.33652
-5.50647
2.12068
-2.4048
2.21949
2.94579
-2.02274
2.03969
1.59007
-3.01863
5.83165
-1.84986
5.31588
-5.54041
-2.90512
-2.4665
-3.18687
-2.85395
2.57308
-2.37876
-4.75996
-3.33444
2.38304
1.99767
2.8696
1.80787
1.96022
1.63135
1.75588
5.61888
-3.33795
2.30398
8.67938
-3.20655
-2.20637
-0.643686
-6.7151
-2.57697
-2.126
4.20941
-2.88446
1.72634
-5.44461
5.23897
-1.95441
-1.70343
3.97935
1.12409
-2.29231
7.50389
6.38282
1.72403
-4.36453
1.89214
-1.09513
-6.11667
6.12914
4.59429
2.50924
-7.13942
4.0461
4.26464
-3.22734
-5.70812
-6.48418
5.83626
-1.81294
-1.67936
2.4738
-6.56443
-3.53522
-1.00301
-8.35422
-4.41579
-3.79058
-3.3541
-2.54058
2.62893
2.19021
-7.24643
-2.50721
3.49543
1.74581
1.55187
1.93867
3.44878
6.23542
6.30568
1.0603
-5.53947
-11.0341
4.57903
-5.68284
0.990946
-6.4606
-3.68419
-1.31544
-6.84298
-3.09795
2.85128
5.11491
-1.30775
3.08265
2.03194
1.70184
-5.7423
3.43119
-5.61439
9.82772
6.18442
-3.63055
1.44207
-2.53849
3.80532
2.16849
2.97616
1.10959
-3.15022
-5.03526
-3.96533
-5.08081
-3.10982
4.22376
1.09852
-5.3446
-3.78046
4.17646
2.25057
3.38448
-5.13201
-2.52986
2.26193
-3.62842
4.68228
1.97077
-2.06852
4.42026
-8.38644
-3.22578
3.06503
-8.23107
-2.0959
-1.58967
-4.33043
1.87761
4.9266
3.22298
5.72817
1.4438
1.41549
7.77178
-2.13541
1.14934
3.16659
-3.69701
3.32341
-2.50193
-3.79084
-3.29524
1.66018
-3.69421
-7.7665
-5.70954
1.04476
-2.30358
-4.07184
5.0796
-2.1587
3.56603
2.05065
2.98865
1.6323
4.00791
2.98061
-2.06401
-3.63836
-4.44658
-3.31766
6.40489
6.33108
5.02608
6.41111
-2.56707
-3.64312
2.9371
-2.13603
-9.37157
2.99478
-4.48042
5.32632
-3.14216
-7.73167
-1.26882
-6.66995
-4.36445
-4.17323
-4.63803
-1.03406
4.29597
-2.51833
6.53879
0.695279
-2.1633
1.51171
2.35671
0.973607
2.55745
3.76941
-4.41544
-4.47449
-2.48525
-3.21145
-3.09077
4.8497
1.63111
1.47075
1.74173
3.01291
3.44832
8.10601
1.88269
-1.90364
2.35184
6.1953
8.40989
5.25641
5.09491
-5.4814
2.58595
4.29066
4.24309
-3.3706
7.11487
1.14442
2.4419
3.52001
2.04898
7.60974
-5.26901
2.77848
-2.94181
-5.11288
-4.63097
-9.03666
-5.56624
-2.82726
-6.21944
-3.66256
-6.26513
-2.09519
-3.68755
-7.23339
2.3845
3.02882
3.72932
5.49128
1.3213
2.50666
3.08497
1.64357
3.0064
-5.17163
-4.31123
5.46737
6.21862
-4.32555
-3.69793
-2.14134
-3.04505
4.98953
-8.26934
1.53089
3.42786
-5.03577
-5.77152
2.3786
8.73397
5.50555
9.02187
-1.5358
2.69222
4.95584
2.7241
-3.90199
-1.64816
-5.42807
1.85199
6.29989
2.83343
2.30388
4.55843
0.735164
4.81127
2.83836
4.61698
-4.30606
-4.98173
1.69183
11.0689
5.47642
-1.88459
2.03623
-4.60788
3.68239
2.92048
7.84787
-7.71914
1.48508
2.6978
-2.71189
-2.30399
4.56307
1.03688
6.16495
5.34499
4.17331
1.81517
-9.68358
3.1083
-0.923389
-5.51606
-1.93828
-4.53614
5.10981
2.51197
-3.49202
-1.01958
5.69048
2.45741
-5.20266
2.09775
4.29078
-4.92406
-5.05882
4.89701
5.00787
3.73488
-3.74042
-2.53869
5.64191
-4.9906
0.91761
1.85772
-4.74871
-4.73101
5.34126
3.87737
1.77556
-6.84562
5.63789
5.16253
-1.77717
5.7162
3.74903
-4.9661
-2.7326
1.26358
3.31736
-8.36359
2.18164
1.76167
-2.99762
-3.42572
4.19025
-3.82214
1.75377
3.29469
-1.77342
-5.03065
-2.01477
4.19443
-1.63791
1.06923
-8.89949
4.89006
-1.51596
-3.50481
1.82228
-6.41473
-3.53458
4.61206
2.47257
-3.14938
3.48577
2.10223
-2.40222
-5.93128
-4.81843
-3.84524
8.94788
-2.30551
5.24986
6.38671
-6.5736
-2.52847
-2.99698
-3.00901
-6.72014
-2.94885
-5.19418
3.9031
-4.87027
-1.50246
-3.91882
-2.02336
-3.68933
-6.66392
-5.01222
7.32843
-2.13444
1.57838
2.84819
-2.3742
-6.16418
4.51849
-5.23084
-5.91676
3.67897
-2.29354
-3.61106
-2.58675
-3.12085
4.63619
-3.19487
3.27816
5.58246
-5.44154
3.62197
4.12423
-1.8215
-5.32095
-3.1653
-2.31992
-5.25035
5.68203
-4.28717
-6.69805
-2.12454
-6.55153
-2.13033
-3.6415
-1.782
1.24158
3.16
7.04954
-2.09574
3.4052
-2.5456
8.31029
-6.1553
2.76055
4.81896
-2.75931
3.92944
6.24019
-1.87618
0.291088
-3.29195
-1.39501
-7.00195
-5.02649
-2.76067
-5.61952
4.12756
-3.17612
-3.86425
-3.47251
-4.93935
-1.67671
6.01761
-4.28128
-3.688
-6.17328
-1.41456
-6.52896
-5.77836
3.39526
0.714869
3.22348
-4.1108
3.44477
-1.84909
-7.12205
4.31828
2.11745
-4.33196
2.17025
-1.60542
0.609429
-1.07201
5.35157
8.66164
3.22255
7.04907
-2.55024
-4.52465
-5.05352
-3.01595
-4.94317
-2.92813
-2.074
-4.02339
6.69732
3.60922
3.56304
1.30847
-1.94307
-2.44235
-3.00432
3.88884
-1.5326
-3.14022
-5.75317
1.63725
-7.36324
-3.11386
4.22492
3.42395
-2.93157
-3.94072
-8.21284
3.62586
2.8899
-1.60223
-4.25046
-1.89596
-4.29294
1.5446
-8.94152
3.12219
-2.10037
-3.41558
-2.22707
-2.06102
2.51496
4.1188
-2.56152
3.3364
-3.97276
2.33175
3.0875
-2.63125
2.3833
-5.16644
-5.37146
1.23262
-0.977579
-4.7342
3.98944
-1.53565
-1.94029
-4.0058
4.83968
-1.3991
-3.13246
-5.8037
5.28453
-3.04189
-8.40131
-3.27895
-5.4726
-6.85009
3.84799
8.23902
-6.36476
-2.36374
-5.06291
4.78723
-7.11793
-3.26014
1.41797
-6.31516
-2.22785
-4.82888
5.04211
6.75279
2.88623
-0.703314
5.25022
-3.19481
-1.97852
-5.57016
-2.27513
-2.50107
2.18546
6.22635
-1.75749
3.4255
-4.88544
-4.24306
3.01455
-8.16741
-3.94514
-3.10316
2.25974
-3.64686
5.75642
-2.94071
3.17672
3.63494
3.91052
6.12726
-3.07859
-4.34868
-3.22753
-8.19035
-8.00676
1.80705
1.41453
-4.28701
3.97102
-2.60682
2.07624
-0.298034
-1.7974
3.25812
4.25601
-0.810288
-5.3912
-6.79534
-1.3704
-2.34693
-3.55406
6.60952
-1.67399
3.70484
4.04039
-6.54679
-3.03535
-4.67858
-2.58507
-3.67915
5.40498
-1.98901
-5.30667
-8.48645
-4.85136
-1.15673
-2.6022
-2.01516
6.64147
6.12555
-1.85279
1.01801
-4.62857
6.90355
1.73636
-4.29719
1.15574
2.2628
1.74702
-4.13708
-0.60102
1.55464
-3.18045
-5.8143
-1.56508
-2.66892
6.69991
2.85757
-1.79505
3.7987
2.31624
-5.1796
2.08418
-4.27804
-2.63719
5.52482
-4.01462
2.89934
3.87464
7.09763
-3.44921
1.07503
-2.4121
-3.03384
3.75702
-1.60033
-7.25274
-4.89926
5.87753
-2.24471
3.28644
2.06019
4.43299
-2.70762
3.22477
-1.79672
-1.90566
1.76423
2.00517
2.94192
-4.21524
-3.57211
-5.56862
-4.40973
3.30117
-2.89775
-4.2124
-6.48809
-2.40759
5.5006
4.6718
-3.99397
4.84191
-5.57111
5.27198
-4.29579
-6.54675
-3.75307
3.26012
-1.83972
-2.38671
1.734
-4.26776
2.20817
4.60676
3.04741
-5.59769
-0.665422
4.02507
4.75661
5.84153
-2.21737
-0.97488
-5.45536
7.18031
-2.7104
4.64751
-3.53255
-2.31831
-1.45717
2.21505
7.29153
-6.36647
4.81471
-3.64742
-3.07605
-0.879077
2.43334
-3.91668
-4.85978
2.85799
-1.37751
-3.12243
2.50455
2.2524
-4.71723
-2.26932
-5.60873
1.39611
-5.29286
2.32415
-1.81809
2.32604
8.19024
-2.85698
-3.62541
-1.46117
3.39427
5.66293
2.17032
2.44191
-8.00897
-1.81642
-5.00775
-2.63192
1.45337
-2.381
0.84558
2.66073
-3.01765
4.75932
-3.17188
-3.71061
-2.59036
-3.34841
-4.68943
2.08564
7.61604
-5.87176
-4.57708
3.08783
3.5555
-3.49417
-5.11124
3.3267
6.39874
3.87346
-2.37164
3.93884
-4.87971
-3.92075
-3.88035
-3.374
5.53554
1.10536
-1.24338
-5.33236
-4.3125
-3.69083
-2.15213
2.95466
2.7017
-6.05662
-7.20533
2.9175
3.38349
1.12019
4.59944
-2.37511
5.06024
1.63974
2.93799
-9.80399
-3.14744
-4.93406
3.36483
-3.87907
3.85313
-7.09078
-1.51189
-2.81973
3.48989
4.00765
-1.96615
-5.64897
-4.60268
4.5299
3.13875
2.47925
2.55363
-1.2797
-4.40302
5.46356
2.81946
-1.32196
2.71108
-10.2552
2.93616
4.20762
5.19471
12.7771
-2.79365
4.3013
8.27265
-4.50724
-1.11641
-2.27164
-2.91557
-2.7544
4.56149
-1.42327
6.10509
2.06771
-4.3879
-3.9399
-0.975189
-2.16319
-1.05758
4.71502
1.26819
-3.25696
4.94348
-3.76836
-4.75477
-3.51717
2.7695
2.35405
2.95501
6.65799
-2.55671
2.36146
-2.75612
5.70835
3.09978
-6.70971
-1.89993
4.06682
-3.90682
4.43778
-5.68252
3.5436
3.8617
5.61434
-2.74171
-2.26487
1.49618
2.62786
-3.02649
5.72767
-2.86169
3.35897
3.55574
-5.21883
-7.61075
-2.97787
-1.68295
-5.43074
-5.90806
2.58984
-5.88466
-2.85448
2.01566
-1.37492
3.47498
-6.2772
5.64184
-2.05045
4.52523
-4.21006
-2.22095
3.46231
-4.96656
-2.11102
3.71237
-4.93689
0.772302
2.45994
3.59541
5.67624
1.19148
1.72254
-2.93471
3.69635
2.17872
-3.51904
4.34492
5.04054
4.69717
2.32505
-3.16322
-2.65888
-4.36135
2.4083
-2.67993
-2.22667
-1.28266
3.81455
2.50368
-2.01949
2.91007
3.13963
-4.20049
-5.10054
3.98391
3.68008
-1.3734
4.67439
-2.32361
3.10228
-1.52847
-3.03219
-4.33495
-2.31514
-2.01615
5.16037
3.11151
-4.29517
-1.05718
4.25675
-5.8655
5.05697
-5.73557
3.19618
2.14485
-2.46067
-3.04342
-5.14736
-5.19664
3.00793
3.02719
-4.52677
-8.54196
-2.20699
-5.6993
-2.83174
3.28542
7.34625
-1.66077
4.20613
-7.66528
-2.07691
5.45944
3.70367
1.63421
-2.1328
8.1441
2.07749
-7.19369
-1.18216
-2.03522
-8.42892
-6.14991
-2.34783
4.97127
9.129
5.48919
1.98545
-1.14751
-2.4783
-2.49484
-3.39747
-2.78704
2.75971
-2.04253
3.91144
-0.539543
3.54184
-3.40503
2.33399
-1.78731
-7.4519
-7.14633
1.91193
-1.17618
4.26955
3.54176
-3.54375
5.95902
-6.46991
-1.87181
-7.36802
1.36936
-5.80299
4.45242
2.09695
2.26302
3.35417
-1.82854
-4.72702
2.63465
-2.58411
-2.74027
-1.50356
-4.77016
-3.21969
-5.20806
-4.47826
-3.2948
6.88655
5.18851
-3.01583
-4.30049
3.79399
2.06646
2.13618
-1.37784
-4.21863
3.72184
6.295
-5.11787
2.40548
2.35754
1.08524
7.08285
7.19879
-2.55858
-2.53503
1.83986
3.91921
0.618794
-3.7565
4.4661
-9.45964
0.750072
1.56954
-3.66306
3.74636
1.15099
5.75947
3.13261
3.86232
-2.45545
6.4251
-0.944931
1.31401
-4.49596
-4.42791
2.85317
1.68841
-4.12802
-3.01025
-2.94007
2.14686
2.52031
2.85457
-3.90646
6.53292
1.46951
-1.40734
3.5568
6.36501
4.96928
-3.57789
-0.993606
-0.845762
2.29561
-4.7468
-4.13873
3.78974
2.31323
-11.0015
1.745
-3.23417
-6.98442
2.41845
-2.51518
-5.87283
-1.3922
3.55408
1.01331
-2.86435
-3.84443
-6.37198
-3.15354
-8.1594
-2.56907
-1.44243
-2.78379
-6.95819
1.87983
-3.37056
3.65099
-4.25076
4.10678
-3.51673
4.52876
-3.53541
3.99566
2.7644
-2.24034
3.8533
-4.96541
3.41808
5.16687
2.69188
-3.11972
4.91297
5.72446
7.56265
-6.45973
-4.248
-6.66492
-5.03403
-7.88222
-10.1682
4.83909
4.05289
-6.45926
-2.35242
3.09134
3.89008
1.13965
9.66973
6.9312
4.20014
2.02565
1.27515
7.47258
5.16232
-2.49532
3.91237
-3.15556
-4.35198
-2.25423
3.1431
0.944181
5.54202
2.23323
-4.6141
-5.49828
7.32525
2.11202
-3.56168
4.28809
5.66886
-3.62511
4.22095
-3.70937
4.31467
-3.65121
-8.96956
-3.39885
-0.99814
3.47053
-9.41057
2.57763
-4.61383
-2.19673
-3.29763
-3.0299
-8.21338
2.35653
-5.22088
1.74793
5.56165
-3.9645
2.64413
4.36547
-2.23381
2.25788
-2.65668
4.09252
-2.79462
5.99738
-2.83311
-1.76283
-1.44279
-7.15239
2.80946
8.77507
-2.07536
1.9608
3.70604
-0.819453
5.38114
-3.94556
-2.30302
-1.47424
3.46999
1.85545
2.24692
-4.08094
2.70889
-5.01278
3.12041
-2.28448
-3.7534
5.90084
4.45592
5.93409
-2.8181
-8.29056
-3.05329
3.71617
-3.82386
-2.20653
-8.59709
-5.07034
2.31239
-2.27929
-3.76513
-7.05257
2.10717
-3.02022
2.67193
-2.78051
-4.14925
2.48397
2.62786
-3.97455
2.22575
-1.19596
-2.89315
-1.56422
-6.37486
-5.52406
-3.20172
5.57607
-5.20186
3.84243
9.75161
4.3283
-1.02603
8.1034
3.45823
5.22147
3.64601
4.9619
2.73137
4.99924
-1.98356
-1.70628
-3.78217
2.15568
-7.95142
3.84401
-4.97449
-3.0382
-4.75216
2.72877
1.36978
5.76043
2.10246
-3.28256
1.4825
6.58848
3.28802
2.97367
2.50672
11.807
1.06883
-2.74976
-4.65108
4.92561
7.63545
-3.82916
-3.13515
6.80349
-2.37998
-6.16298
-2.03529
2.2285
-5.29917
3.09413
4.25717
-5.89217
-1.49736
-1.76792
-0.930243
2.26753
-3.32215
-6.60189
2.71581
1.68961
-3.15283
0.863048
3.1627
4.43899
-2.35598
-3.30047
4.6346
-2.33392
-8.72755
2.88816
4.68752
1.62932
4.64465
2.93924
2.43795
-1.47545
-1.32114
-5.0773
5.27335
-3.28911
-3.87838
-9.2617
-8.37293
7.34306
-4.16819
4.58868
2.88119
3.14029
1.21149
-3.01293
-7.39148
-3.25137
6.74988
-3.08438
2.83161
-5.76169
-5.07323
-1.4369
-1.50734
4.17436
7.53588
-1.48111
3.47559
6.49046
-1.48236
8.48479
-3.59244
-2.2554
-3.49151
-4.9708
5.90637
1.00014
2.43399
-1.95861
-3.64801
-4.99241
1.92723
2.08294
5.8973
5.00436
-8.81163
-3.94647
-0.347253
-2.92798
-7.70682
2.5437
-4.72033
3.23847
-1.06981
-6.82623
-1.95337
4.69904
-1.10728
5.31489
5.90487
5.68259
-2.86295
-2.66415
4.21431
1.34362
-6.25334
9.63085
-4.21173
-6.0156
-7.56811
-4.66481
5.15094
2.38617
7.97338
4.62132
3.04371
-2.20531
-2.14059
1.16167
2.41955
3.24671
-4.03467
-6.77547
1.23987
-4.00661
2.1058
1.61169
2.04452
-6.29538
2.04134
-5.24962
-4.00413
-4.57278
-2.50264
-1.01608
-1.08842
-3.94002
-4.36111
-1.78875
-3.76791
2.91383
-2.54007
-3.64484
-2.07506
5.20241
2.42356
1.72681
3.96642
7.69036
4.65844
2.61055
4.91572
1.96272
-3.79718
-2.9826
-5.21385
2.76293
2.59211
4.38204
2.85925
5.44849
4.44749
7.27821
3.21139
1.84596
1.60377
4.05633
-3.41857
6.47673
7.70137
-5.43313
-9.57295
-2.99893
1.59098
2.17368
-2.60097
3.08035
-3.4222
-2.13608
-2.46301
4.93185
6.55533
6.58131
2.31849
-1.37144
0.951371
9.2979
3.09737
1.79975
-1.79788
-2.05409
-1.57314
3.83883
6.28462
2.1932
-3.52361
-3.07706
-3.64969
-2.75544
-2.13536
0.804485
-6.82469
-9.43708
-4.07043
4.93255
2.69817
-3.48392
-9.12885
6.02918
3.94124
-3.62678
5.4249
-5.0678
3.80091
2.85203
2.72019
7.00138
4.76967
-4.01309
-2.824
2.03191
4.67142
-1.84014
-6.3789
2.40417
5.91112
-4.67905
-1.07444
-3.59991
-1.50106
-3.19475
-6.60654
4.50934
2.72485
2.7625
2.41051
0.971987
4.29023
-1.67505
4.70186
5.96445
3.90594
1.87285
3.61049
-8.47912
5.04752
-10.6096
1.47008
6.76491
-3.48511
1.40548
2.31073
-1.74014
4.26742
4.17243
7.39302
4.97128
7.29497
3.77951
3.06946
6.61792
-2.82177
-3.01281
4.21137
2.52216
-3.50099
2.4874
7.92483
-2.99323
7.65975
-5.07907
-4.45401
-4.96346
5.65306
2.58076
1.1912
-2.52503
-4.12117
-0.505804
1.61026
-3.8304
1.91066
5.00689
4.78687
-2.95011
7.82203
2.57362
6.89072
3.61564
2.53741
2.40941
-4.96825
-3.25471
1.00117
-5.09396
-4.75326
8.70835
1.69936
2.36265
5.19879
-3.32749
2.24286
2.58861
5.68324
3.1824
4.24645
6.23185
4.8667
-1.27828
-1.72028
4.56286
-4.82507
-1.65518
-2.58375
-4.18485
-1.70997
4.73551
5.95853
3.05146
-7.54465
1.8415
-4.35699
2.01741
4.53304
-3.79251
-4.64493
-3.20683
-2.83467
2.75805
-6.57555
-1.94042
2.26837
-1.59671
-2.49992
-3.29602
-7.54013
5.744
2.65444
-3.82134
2.2734
2.11767
3.68305
-1.24795
-4.13492
-7.1904
1.1244
-1.51705
-3.01152
-2.25051
-4.13658
-3.15666
7.60495
-1.03092
4.91577
-4.25809
3.68119
6.51912
8.82248
3.57682
7.21263
-3.68677
3.91666
-5.05849
-4.68131
3.55109
5.99048
-1.77398
3.66659
2.08549
-6.18026
-2.86167
3.17618
-2.82555
-1.98584
2.21591
3.61409
2.31354
1.73658
1.31957
1.16294
-3.16655
3.27245
2.63589
4.70004
4.71602
2.97472
-2.04384
2.60328
3.89146
5.4281
6.34308
-6.40852
5.16342
4.56187
-2.73392
4.65011
5.04958
5.42494
5.65034
3.87343
3.32609
-2.32828
-2.37069
4.98102
-5.47698
8.72171
-0.552859
-4.56212
-11.418
-2.68593
-4.63655
4.95423
7.49737
3.693
6.50615
-4.21794
3.72134
-5.29758
1.69181
9.83111
0.547745
-3.00883
4.96601
6.86812
-1.35175
-4.59235
0.781328
1.42049
0.148563
-2.53903
-3.68739
10.3131
2.50361
3.59744
5.17991
-5.4524
-2.00786
-1.68858
2.33914
4.31791
3.51676
-3.31779
-3.19079
0.787433
-3.08927
-3.85875
-5.85023
3.81873
-3.97459
-0.819985
7.16266
-2.88765
4.05726
-0.972331
3.28559
4.92937
4.68694
4.55391
1.77066
7.47669
-1.57522
-2.87408
5.31001
2.0831
3.80653
3.15407
2.37813
10.5199
3.55052
2.3608
-6.69723
2.3432
8.84336
5.84661
2.02369
5.04834
-2.20729
5.01285
3.01829
1.67473
6.07492
-4.99127
-2.06931
-2.0372
3.15496
-2.87307
-2.7132
-3.4828
-2.60864
1.3725
1.41267
3.47362
-2.32358
-3.1978
-4.49427
-1.81393
6.90548
-0.804198
-1.33132
-5.00972
3.30662
-1.02028
3.95586
5.19129
3.4512
2.13378
-2.31321
-1.66364
4.33417
-0.697817
-2.57652
-3.9056
1.46832
3.02631
3.90768
3.53233
1.15385
4.91159
-2.23086
6.06295
-1.55629
-5.32507
2.67239
-3.56441
3.89792
6.18212
1.85039
3.34585
-5.8681
1.85511
-3.9146
-5.48263
-4.50009
-3.16372
5.23048
4.24043
5.67239
-4.47744
-3.23622
-7.07056
-5.04534
-2.15842
-5.23474
3.76746
-3.25712
-1.26528
4.58118
1.57492
3.02721
2.71951
4.20138
5.85628
6.17096
4.50681
10.7038
0.658249
2.81533
1.90083
-3.40295
1.15719
-2.93406
2.84485
3.32889
3.30219
-6.90078
6.73121
-1.32171
1.84816
3.88227
5.33895
5.81873
1.62336
-7.86257
1.68678
6.46213
4.45086
-1.69981
2.98866
3.27612
-6.94126
2.93999
-2.27439
-1.63541
-2.91283
3.04771
-1.74254
-1.01696
-4.57719
0.878918
-1.26712
-2.46757
-4.61057
-1.67791
-3.72897
3.34017
-7.40875
-1.48602
5.52069
2.50855
-1.45173
-7.57225
-3.9308
3.47942
-5.97955
-3.81665
-3.15174
3.03644
0.946406
0.96836
2.75278
3.1677
-6.65383
2.7629
-5.00431
1.53937
-2.95796
-2.61389
-4.33074
5.31956
-5.83749
-4.4712
-7.86436
3.21959
6.6135
1.49858
-3.36678
-2.15732
3.31412
4.4568
2.73121
4.1526
4.26452
2.54596
1.69203
-4.29849
2.3183
-7.18663
-2.70104
1.97154
2.45012
2.76208
-3.03639
-1.96441
-4.19976
-2.45098
-4.43339
8.55231
2.60004
-6.7257
-2.29581
-1.47692
7.89124
-3.41026
-1.20991
2.3422
-6.01388
-9.73324
-5.81137
2.30609
6.38014
-3.08498
-6.58586
-4.60085
5.85235
0.952053
-1.80098
2.69861
-0.835723
4.47974
-4.38174
3.85413
-0.834251
1.72368
7.28761
3.40498
-4.29996
-5.66097
-2.08728
-4.22785
1.52789
6.79423
3.1892
9.959
3.63175
1.60105
-2.51673
3.14364
-2.05308
-4.03196
-3.346
-1.62138
5.41641
2.73157
8.10966
-3.77022
-4.57795
-6.75664
2.69857
-7.49495
1.62222
1.6573
2.1612
-8.1564
5.16745
-3.78667
-1.86958
-4.20893
5.02427
2.56969
3.01921
-3.89774
-5.14246
2.19201
6.02947
-2.96569
-1.31304
2.2633
-3.50794
6.87654
3.15806
2.98679
-4.13652
3.09489
4.5836
2.99534
1.83411
-5.03081
3.22685
1.96163
4.72272
-7.69577
-4.95573
-1.75604
0.999501
2.93232
2.22755
6.07958
3.77272
-1.12563
-3.25148
-4.61138
-2.35486
-3.60635
-1.44626
1.9771
3.31491
9.26047
6.3782
1.79507
-5.35122
-1.84424
-1.51008
4.56768
3.91745
1.96597
5.74528
-4.18519
4.1152
6.37264
4.11028
-2.7958
-4.05528
-2.48004
5.49885
1.90662
5.34157
3.60867
0.628991
-8.97282
-3.30669
4.17817
2.43991
6.47928
4.01796
-3.71976
-1.81213
-3.62531
-2.0841
-2.52508
-1.6103
-6.70354
-6.45837
-2.57809
-6.37999
-6.81023
2.18933
-6.4893
-2.33502
-6.65063
-3.03496
2.75218
2.67667
-5.72011
5.39818
-4.03202
-1.89541
-4.61887
-3.276
5.47503
1.57048
-11.6424
-3.58748
3.99105
-2.56129
4.0196
4.05703
1.33268
-3.72187
3.05032
-5.72546
1.81629
9.87768
2.00655
-4.14159
5.49724
5.57265
-5.87918
-4.87199
4.30796
2.43478
-5.62916
10.1861
-5.41108
5.81422
5.57753
5.4002
5.43673
2.53926
-2.41072
4.19387
2.09041
4.48354
-4.231
-5.41546
6.47992
2.67229
2.98532
3.57401
-2.81762
-5.75107
1.07754
-3.17242
-2.25501
-5.55266
-8.52315
2.42208
-2.87655
-4.01276
-2.7986
-4.84813
-4.92549
3.52759
6.52424
-4.04203
2.87
2.5216
-1.76903
2.38305
3.96314
-1.5178
4.04763
-1.91201
-3.63516
-16.2956
-4.63739
-3.77117
2.02713
5.12253
-6.35781
-1.27652
-1.46326
-2.29909
-3.16735
4.78074
-1.68915
3.70762
-1.26387
4.81942
6.06177
10.1668
1.21877
3.11077
4.69951
-5.94502
-3.36707
-1.39372
-2.15656
-2.08999
-4.80143
4.10107
-3.74182
2.08193
2.82785
-1.46737
-1.67184
-3.68179
-4.20356
-4.97359
-4.03732
-3.50527
-1.14304
-2.18813
6.8576
5.08565
5.68631
2.54312
-0.808765
-3.21836
5.30449
-2.74944
-1.36078
-2.75547
7.28528
-5.5251
-5.75832
1.88981
-2.48115
2.74179
-4.17482
-3.74345
-3.88587
-2.77314
-2.29754
5.6829
1.74625
-2.15576
-1.52756
-2.13821
-4.02974
-8.04423
-2.37382
2.67289
-2.87991
2.5018
1.56857
-2.69646
-3.33451
-8.86322
4.19932
1.04797
-4.26643
1.83607
-3.30741
5.69274
1.72396
-2.49249
-4.37571
6.62143
-5.20268
-4.06272
-4.02236
-8.44794
-4.3507
2.96177
1.05945
-4.57716
-3.85508
3.14458
4.50325
2.4244
-3.66541
-3.77533
0.614564
3.12742
-2.95205
-3.1211
1.88132
-1.85919
-3.69807
4.62295
5.7768
-3.92419
2.97971
3.41526
-3.94568
-1.69215
-5.06906
0.760384
-4.00603
-2.01488
-3.25519
1.55174
3.68073
-5.83762
-6.44076
-4.46627
4.78514
-3.62312
-2.79845
-3.18672
2.58221
3.50022
2.68473
-1.95062
7.22627
5.9958
2.68373
-4.27152
-3.64511
4.54733
5.75504
4.12141
2.45553
3.01519
5.13216
4.53469
-1.66733
-7.87526
-5.79047
-5.172
-4.11221
-4.84573
-0.84018
-2.23118
-2.79852
1.70432
1.77245
2.11397
1.93799
1.52525
-4.716
-2.83002
-5.07105
-2.06869
-1.73003
1.70471
-2.14993
-3.26934
2.31536
-3.62299
0.722475
1.26728
-0.87897
-3.81945
-2.87156
7.52571
1.11695
-8.81926
-1.928
-4.17049
2.13266
2.08836
-4.28195
-7.26986
-4.66472
-2.5168
-6.47815
9.2456
1.97667
-2.11609
-5.15499
-1.58914
2.62139
-1.77251
3.05352
-4.01801
3.21698
-5.968
1.82729
-3.28444
3.38156
-3.592
-1.26719
-1.55272
1.73358
5.7859
1.82309
-6.68255
1.0967
6.2955
-8.18408
2.83469
5.05851
1.67658
4.53078
-4.97133
-9.46304
-2.35266
5.98223
-2.96246
-2.46929
-4.32933
0.609173
4.12182
3.52888
-2.53746
-4.14024
-2.11525
-1.49425
4.5715
2.44893
-5.66881
1.03197
-4.14795
-3.87908
1.46942
-2.53165
3.97929
2.98262
4.26833
-3.58329
-3.14813
2.61556
-3.29059
3.09899
-0.954643
-2.5409
2.441
3.83981
1.08601
2.88459
-6.24914
-3.1806
1.78518
1.40255
2.32649
-5.26933
-4.87041
-3.12868
-5.14221
0.864523
-2.68056
-3.45042
-2.99645
3.54772
1.3054
2.14257
-4.574
-6.26165
2.29945
5.82758
3.84356
4.62349
-3.22527
-1.94693
6.93831
7.89578
3.63205
4.94824
4.31408
-5.52282
-5.41043
-0.747251
3.91343
-3.40019
4.18804
