-0.204978
0.126411
1.39363
-0.111927
0.331102
-1.73112
0.0563343
0.304583
1.70617
0.6375
-1.23155
-0.8298
0.0410413
-1.31924
-0.0923651
-1.31299
0.218708
0.460753
-0.8279
-1.94486
-0.47748
1.32102
-0.455362
2.12414
-4.28262
0.485062
1.06051
1.3981
1.37992
0.0830398
-0.874887
-0.151911
0.580378
-0.665427
0.426604
-0.600318
-0.605695
-1.39674
1.08736
-0.346335
0.519472
-0.518734
-0.69566
-0.678767
0.135863
0.055385
-0.226608
1.59077
-0.238992
1.02518
0.121715
-1.06049
-1.14801
-0.240607
0.438442
0.694942
-0.374732
-0.563702
1.08623
1.92458
0.00124704
-0.598413
-1.32191
0.247726
0.183742
0.900663
0.00657661
-0.415701
-2.99135
-0.272693
0.392929
-0.159152
0.0416077
-0.888667
0.513664
0.0480707
1.65702
3.89199
-1.01301
-0.0736682
-0.0136629
-0.224679
0.199749
0.675687
0.363013
0.123532
0.643708
0.26637
0.566395
0.997197
-0.112414
1.08618
0.419983
-0.640762
-0.283009
1.0055
-0.196095
1.81922
-0.947936
-1.76619
0.38505
0.246691
-0.387368
1.03375
-1.51239
0.425072
-0.641993
-0.790038
-0.778294
0.0245284
-0.0446096
0.1827
-1.13215
1.40978
0.579488
0.0811827
0.0362457
1.06781
0.0054561
1.91653
0.510367
-0.201304
0.0346766
0.355309
-0.152905
-0.41966
0.220747
0.128432
0.720734
0.584762
-0.589933
1.39754
-1.16667
0.638601
-0.190599
-0.0369712
0.982556
0.836233
-0.751722
-1.71328
-0.831807
0.498948
-0.050741
-0.627534
3.37215
-0.599848
-0.326245
-1.5436
-0.0364615
-1.30256
0.304355
-0.124571
0.479846
0.239389
1.38749
-0.621407
-0.410978
0.0496455
1.83489
-1.10855
-0.875324
1.30821
-0.390968
-0.825916
-0.330181
-0.891853
-1.02741
-1.36445
-0.54004
0.425096
-1.25864
-0.70214
0.198483
0.561293
1.02284
0.00119767
0.198905
-0.169379
-0.117156
-0.0556073
-2.04569
0.248742
0.898598
-0.151862
-0.509618
0.829467
0.734604
0.125817
-0.827092
-0.243354
1.64597
-0.867797
-0.757778
-0.981599
0.14391
0.964275
-0.0751307
1.72446
-0.161585
-2.34888
0.0686918
-0.738471
0.404237
-0.0346131
0.293768
0.27045
1.42338
-0.124756
-0.72319
-0.268693
0.761215
1.29601
0.728084
-0.0508003
-1.41468
1.63498
1.39203
0.797573
-1.56523
-0.00619673
-1.23521
-0.470208
-1.14011
0.189267
-0.469913
0.510422
0.052963
-0.377286
1.09341
-0.0728241
0.320043
-1.93568
-1.42175
-0.185848
-0.540958
-0.220919
-0.430109
0.329625
0.628704
0.80025
-0.788954
-0.240175
-0.759784
-0.519506
1.71392
0.0378842
0.42848
-0.0979084
-1.64009
0.208051
-2.0578
-1.84702
0.239457
0.682837
0.246925
1.24074
-0.753551
-0.464067
1.51969
0.326367
-0.209132
-0.205806
0.409013
0.00744098
-0.0337588
1.24103
1.03661
0.0814497
1.20391
-0.298489
-0.497192
0.644955
-1.25737
1.38464
-1.6417
0.683166
0.538746
0.492657
-0.245822
0.455662
-0.64801
-0.108732
0.149174
0.903119
-0.87035
-0.715833
-1.45969
-0.816837
-0.628018
0.348493
1.10513
0.859122
2.25424
-1.61164
-0.552281
-0.200651
0.440368
-1.10214
0.00448699
0.863396
1.27112
-0.62275
-0.559512
-0.0776405
0.00957424
-1.05474
0.353059
-0.84993
0.915447
0.113111
0.474839
1.15865
-0.264324
-0.345826
-2.05077
0.0300325
-0.221043
0.494696
0.260878
0.32052
-1.09637
-1.38654
-1.43863
-0.917149
0.659736
-0.112536
-0.918499
0.107198
-0.397865
-2.15695
-2.87121
0.258624
-0.46888
0.155268
-0.189113
-0.634127
-0.147317
0.657091
0.271781
0.641049
0.519062
0.901388
-0.21329
2.28474
0.224035
-0.360612
-1.20216
-0.542862
0.00794796
-0.12699
-0.562958
-1.16345
1.43842
-1.5121
-1.03948
1.82488
-0.92433
1.14253
-0.370819
-0.152866
-0.77639
0.0572201
-0.285525
-0.609821
-0.0708109
-0.0116435
-2.05507
-0.824449
2.10281
1.12643
1.34218
0.905157
0.0607379
0.557613
0.68421
-2.87701
-0.208826
-1.86183
-0.586831
-0.148879
-0.234794
1.68918
-0.0121385
-1.16351
-0.77131
0.277382
0.0690294
-2.77775
-0.185146
-0.979997
-1.36853
-0.113398
-1.6502
-2.13659
-0.375296
0.155065
-0.683797
-0.676356
-0.777143
0.468322
0.306173
-0.246569
-0.0359533
-1.13187
-2.24459
-0.315386
1.53492
0.625526
0.0434508
-1.9385
-0.456278
0.0242849
3.02431
-0.872767
-1.65639
0.285227
0.357735
-0.232924
0.300988
-0.0919291
-0.543918
0.549113
-0.496484
-0.779006
0.394309
1.82039
1.00877
0.855636
0.259514
-0.595305
-0.884134
-0.253317
-0.0355508
-0.294443
1.22735
2.5002
-0.264054
-0.0911448
-1.42697
0.627193
-0.178744
-0.318341
0.631616
-0.4435
-0.900035
-3.7307
-0.671579
-1.46719
0.161256
1.41511
0.686538
0.353004
-1.65281
-0.275274
-0.100869
1.35455
1.26398
0.0241101
1.61665
0.126447
-0.097059
-1.93797
-0.550682
0.812215
-1.00249
-0.354592
0.0158814
-0.481667
-0.0736449
-0.375332
-0.446199
-0.629745
0.426648
0.826604
0.471664
-1.0751
0.361849
0.798537
-1.39597
-0.519358
-0.179427
-0.187191
0.487923
-0.03524
1.87248
-0.535057
-1.33788
-0.377258
-0.229164
-2.13071
-0.104562
0.27975
-0.65018
0.228859
-0.272041
-2.06291
0.597704
0.288653
-0.70136
0.716614
-0.700444
-0.354887
-0.215934
0.57259
0.0373491
-0.68258
0.552922
0.425994
0.951434
-0.7719
1.28081
0.90288
0.678193
-1.15368
-1.20603
0.557444
-0.710834
0.0823633
-0.0707872
0.44291
-0.704704
-0.616804
0.166738
-1.43099
-1.59245
1.07455
1.12731
1.36774
-0.374584
-0.352751
-0.357529
-0.0838429
3.45365
-3.64192
-0.657175
0.401669
-0.138317
-0.42334
0.458063
0.431258
-0.687025
-0.029599
0.0627564
0.333508
-0.151985
-0.454233
0.729061
-0.777644
-0.381484
1.09342
0.446214
1.0419
-0.162247
0.0478542
-0.410294
-1.53417
0.731914
-2.84715
0.632587
-0.333755
0.732799
0.0468793
-0.809382
1.39298
-0.295905
1.15427
0.124171
-0.184686
-0.402669
0.539312
2.12741
-0.0030659
-0.122175
-0.284412
0.768161
-0.263879
-0.478732
-0.287604
0.858284
-1.56874
-0.294114
1.39734
0.429526
-1.47727
0.51427
0.525277
0.791706
-0.264577
-0.335689
1.16006
-0.230225
-1.07848
0.443471
-1.5401
0.735147
-0.652424
-0.272536
-3.35332
0.685733
-0.157784
0.542778
0.485036
-0.0206719
-2.03423
-1.7625
1.62982
-1.41403
-3.19026
1.09651
0.375084
0.685744
0.905503
-0.827198
-1.26576
1.12998
1.46224
1.3901
0.750965
0.159878
-0.0729186
-0.337865
-0.346531
-0.187007
-0.0291138
-0.170036
0.342012
-0.87589
-0.289517
0.0830583
0.59353
-0.292237
-0.299584
1.00705
-0.287024
-0.379844
0.0836618
-0.779043
0.382146
0.662269
0.478449
-0.277402
1.4181
0.239012
2.10046
3.01671
1.18711
-0.11682
-0.604461
0.0782895
0.175879
0.864623
0.374897
0.641689
-0.967048
0.465152
0.10492
-0.892155
-0.383129
0.708024
-1.94601
-0.152977
-1.0521
-2.63163
-0.416465
-0.532977
0.935462
1.1185
0.528461
-1.77632
-2.00619
-1.6687
0.140491
1.27323
-1.68668
0.137167
-0.431265
0.380803
-0.12545
1.6683
-0.0490153
2.18663
0.212349
-0.093937
0.375047
-0.162638
-0.804931
-0.25267
0.245627
-0.126495
0.80712
-0.633064
-0.0783444
-0.448017
1.13575
-0.134042
1.23618
0.945306
0.591472
0.049082
0.796204
0.295209
1.05325
-0.16969
-1.12078
0.47154
-2.81201
-1.27588
1.48454
0.145001
1.45782
-0.47236
0.417538
0.0643058
1.69422
-1.19737
-1.54972
1.34
-1.23204
-1.58415
0.68122
-0.213448
0.215417
0.193443
-2.14841
0.549389
-0.255393
-0.211688
0.622588
-0.102994
-0.239559
0.452281
0.882996
0.339524
1.12346
1.87868
0.0198054
-0.739277
-0.195675
-0.521746
0.88592
0.343001
-0.226263
0.0646123
1.25598
0.770163
0.173312
-1.07741
-0.830294
0.456135
0.302666
0.165029
-0.698499
-0.545203
-0.229134
-3.2819
-0.084094
-0.335632
-1.49153
-0.614407
-0.0728374
3.49819
-0.329311
-1.57483
0.152897
0.121831
1.03462
1.08929
1.08993
-0.30248
0.510793
0.219415
0.477562
-0.201897
0.406992
-0.203069
-0.859034
-0.416336
-0.92684
0.796242
-0.112962
0.74956
-1.47663
2.53657
0.223586
-0.04045
0.480265
-0.81222
1.01701
0.401079
0.522421
1.19747
1.02899
-0.497537
-0.25626
-0.22001
0.693009
0.316467
-1.47077
-0.542269
0.181318
0.800879
0.468797
0.197337
-3.02648e-05
1.29485
-0.597339
-1.91584
-0.120576
-0.604839
0.172759
-0.239177
0.636994
-0.238119
0.240469
-0.602893
0.693625
-2.29987
0.0947079
-1.00862
0.666843
1.88197
0.120574
-0.181785
0.958588
-1.10742
-1.70064
-0.759129
-1.20187
-0.0657873
0.875669
0.683386
0.239155
-1.24003
2.40039
1.16326
-0.6152
-0.374441
0.573427
-0.386392
-0.29958
2.11826
2.76874
1.07941
-0.189318
0.194906
-0.256948
0.50987
0.816876
-1.58625
0.0677884
1.78231
0.410901
0.852308
0.0892134
1.54855
1.11488
-1.31231
-0.839402
-1.03994
-0.305693
-0.489642
0.21122
0.0132967
-0.197849
-0.106198
-0.70954
1.34969
-3.15627
-0.0289923
0.254195
0.491404
-1.03734
-0.500818
0.878788
0.272442
0.0913146
-1.59072
-0.0517825
2.25848
0.714226
1.36449
1.00604
1.45675
1.05264
-0.746474
0.487945
-2.25328
-0.0777138
-0.373674
-1.54963
0.0277583
0.37092
1.58947
2.30702
-0.220821
-0.501721
0.214664
-1.92392
-3.06819
0.358687
-0.771055
-1.47596
-1.73437
-0.735938
1.74032
0.153156
0.609363
0.393918
0.291705
1.13426
0.820427
-0.984747
-0.00550921
2.44015
0.0258835
0.272365
1.76591
0.310463
-0.460222
0.694397
-0.700227
0.104993
0.112191
-0.0863956
0.606286
2.00273
-2.77434
-1.31766
0.208397
-0.311844
1.29059
-0.841877
0.313652
-1.82549
1.64043
-0.898441
-0.86174
1.30964
-0.584516
1.46454
1.03921
-1.13743
0.228627
-0.605647
-0.329968
0.255375
-0.455438
-0.123321
0.0540341
0.153979
-1.82591
1.09121
1.46331
0.258924
-0.980599
-1.64939
1.08451
-0.400562
-0.555602
-0.0164503
-0.13938
-0.455748
0.678313
-1.38888
1.03526
-0.645099
-0.857004
-2.3166
0.560868
-0.929656
-0.328949
-0.277772
-0.770331
0.867704
-1.08432
1.10423
-1.20097
0.0980871
1.84427
-0.172774
-0.76571
-1.11506
0.604631
-0.0200624
0.404626
0.401741
-0.0384959
1.56365
0.0136469
1.78396
-1.498
-0.839727
-0.281694
-0.0678197
0.780159
-0.637338
0.194444
-0.336458
1.46765
-1.40729
-1.21249
1.23435
-0.597346
0.21278
-0.0520008
-0.42755
-1.20992
-0.644403
0.157879
0.0573398
-1.34437
-1.12698
-1.87489
0.233407
-1.19888
1.37249
-0.141724
1.11711
0.253788
-0.839066
-2.05197
0.575029
0.767741
-0.863474
0.884038
-0.719127
-0.184332
0.092143
-0.0174806
0.298696
-0.198416
-1.91397
-0.579582
0.300599
-0.368974
0.93163
-1.97368
0.728732
1.78494
0.199139
0.453723
-0.450448
-0.127958
0.557491
1.37084
-0.374897
-0.310751
-1.44677
-0.27289
0.52868
-1.21274
0.341308
0.133453
0.492117
-0.144587
0.63076
0.901839
-0.0897502
2.84686
-0.0998486
1.76021
-0.63874
-0.70731
-0.964397
0.238668
0.0148701
-0.0310498
0.0189336
-0.518788
-0.290862
-0.619634
0.332009
-0.033299
-0.536903
0.100717
0.266691
0.378387
0.0349554
-1.65911
1.78454
-2.48194
0.195977
-1.3446
0.492315
0.83658
0.724767
-0.395268
-0.685156
-0.87561
-0.592424
-0.340475
0.260531
-1.49169
0.617372
-0.501982
-0.55062
-0.0113566
-1.24144
-0.273852
1.2036
0.372401
1.67575
0.00907311
-1.70461
-0.517316
1.55832
0.474214
-1.19575
0.618931
-0.692718
-2.3559
0.94177
-0.150487
0.98533
2.71964
0.254684
0.524507
1.61079
0.674192
0.00766456
0.205823
-0.12664
-2.00211
-0.392958
-0.228235
0.355204
1.42543
1.5345
0.890424
0.807824
2.36383
0.274539
-1.1995
3.08758
-0.785186
-0.650677
-2.24341
-0.669374
0.796606
0.732241
-0.267162
-2.35134
-0.714636
0.585851
-1.08028
0.999088
-0.395074
0.0868649
-0.141737
-1.26815
-0.115519
0.0937359
-0.440318
-0.91374
0.263366
-0.755227
-0.793005
0.852834
-0.0690935
0.221065
1.38533
-0.601251
-0.974753
0.264967
1.75176
0.500194
-1.05856
-0.499399
-0.505478
-0.756553
-1.44624
-2.69512
-0.81251
1.02178
2.02961
1.33526
-0.0122477
0.110564
-1.09099
-3.67326
-0.374386
0.766971
0.849018
1.56666
-0.862378
0.327413
-1.27068
-1.63277
0.103866
-1.05162
0.856026
-1.54755
0.649831
0.314053
1.95907
0.0280255
0.620769
0.906984
-1.42536
-1.63629
0.275034
0.650461
0.20722
-0.188912
0.826754
0.431138
-1.00642
-0.63865
1.48588
0.0989785
0.268403
0.271024
1.19486
-0.170047
-0.380675
1.04346
0.0398524
0.101871
-1.15986
0.41014
-0.617943
0.113444
0.99085
0.383046
1.06189
0.294337
-0.370841
-0.771538
0.254216
-2.00019
-1.04149
1.46686
-0.668299
0.266152
0.362619
-0.54967
0.312823
0.0409916
0.849711
-0.83561
0.540238
-0.102015
-1.01164
-0.811016
0.220629
-0.256651
-0.637381
0.485267
-0.452753
-1.90681
-0.187705
-1.1743
-1.36308
-0.676451
-0.469695
-0.328512
2.39829
-1.06829
0.699715
-1.27218
0.133962
-0.0703648
0.0962334
0.337509
-1.49375
0.318025
0.872979
-0.222154
-0.0656399
0.811053
0.12241
-0.214147
3.01014
0.329714
0.935212
-1.94661
-0.246577
-0.529527
0.683782
-0.328217
0.0926587
-0.321868
0.397253
-1.95213
0.635146
0.630171
1.00126
-0.731551
0.665218
-0.951485
-1.16073
0.0204565
-0.66017
-0.0474376
-0.435133
-1.05049
0.0581833
-0.577296
0.420586
0.367112
-2.2447
-0.835855
0.0642331
-1.07368
1.23892
-0.685376
-0.393166
-0.53888
-0.248087
-1.36316
0.28885
0.261726
-0.49845
-1.66019
1.619
-1.28846
-1.06679
-0.337708
-2.03733
0.770662
1.17279
0.54825
-2.08159
-0.0990547
-0.974086
-0.271025
0.0361205
-0.5811
0.914524
-1.62965
0.49905
0.441131
1.49734
0.16777
-0.213003
2.18451
-2.4985
2.14053
-0.221088
0.0575427
-0.141369
-1.05199
-1.00309
1.78037
-1.80305
0.904256
-0.131106
-0.408919
-0.21796
-0.189149
1.55579
-0.397008
-0.23028
-0.39876
0.623663
0.421547
0.600246
-0.0869213
0.919434
0.158833
2.46761
-0.00265983
-0.157234
0.306289
2.47253
0.72278
-0.0966027
-0.530785
-0.210901
-0.445291
1.32891
-0.13157
1.10139
3.57767
-0.0623164
0.52104
0.16172
-0.86264
0.289748
0.443601
-0.64013
-1.14501
-0.545306
-0.649236
-0.749279
-0.797634
0.0495501
-0.772816
-0.908797
0.2585
1.01372
-2.3372
0.589192
-0.153191
1.19801
-0.0168323
0.935562
0.446029
0.73612
-2.01161
2.08236
0.429575
1.4688
2.66436
0.929976
-0.153706
-1.25582
-0.490797
-1.0699
0.393162
0.731208
-0.0578844
-0.106814
0.180432
1.88464
-0.215633
2.77634
3.21596
0.490331
0.697264
1.52364
-0.355263
-1.4781
-0.606056
-0.0566669
-0.123679
-0.332934
-0.0649302
0.386232
0.484524
0.496677
-0.14187
-0.623428
-0.660318
0.432806
-0.358681
1.40605
-0.751851
0.0919565
0.755962
0.523539
1.56537
0.995306
-0.970677
0.109452
-0.000967885
-0.596819
0.488438
0.306799
-0.25696
-0.98809
-2.35895
1.43141
-8.66119e-05
1.95053
-0.403907
0.709282
-0.734594
0.0230914
-0.0904318
-1.53447
0.959891
-0.250201
1.09851
-0.914022
0.348627
-2.35318
1.20273
0.874368
-0.578409
-1.82695
-0.946844
0.00998188
0.0554405
-0.754305
-1.13909
-0.307719
-0.248596
-0.271982
-0.157508
0.427672
-0.745287
-1.57871
-1.57495
-0.767998
-0.0867654
-0.420224
0.47869
0.667034
0.278379
-0.34827
0.704064
-0.824013
0.608759
-0.400779
0.300803
0.0621477
0.563694
-0.563642
0.379804
0.222846
0.25272
-0.526402
0.366628
-1.52369
-1.17895
-2.10592
0.604454
0.430205
-0.907107
2.49342
1.95617
1.9748
0.0499159
0.6506
-0.727504
1.68923
-1.09469
0.662387
1.06025
-0.0138343
1.73141
1.14942
-0.208234
0.33268
-2.15121
2.51516
-0.413449
-1.51682
0.146208
0.594592
-1.18876
0.194084
1.12195
-0.431618
0.797137
-0.328385
-0.599191
0.139297
-0.767367
0.105843
-0.665013
1.68326
-0.384769
-0.458442
0.0534867
1.22595
-2.52361
-1.49297
-1.8511
2.08817
-0.786372
1.66379
-0.0668437
-0.000806564
-1.92432
-0.682519
0.766191
-0.519859
-0.499947
2.35724
0.499517
0.455305
0.449325
0.96137
-0.419751
-0.7923
0.00215698
2.27348
0.515182
-0.616799
-0.689735
0.813865
1.34807
-0.280888
2.18287
-0.257198
-0.207104
0.730359
1.02338
0.163278
0.967365
0.341403
0.415244
0.179245
-0.665806
-1.1766
-0.551354
-2.26382
0.117336
0.149394
0.523556
-1.35256
0.105169
-1.39282
0.0415239
-0.449793
0.0274494
-0.376032
-0.105015
-0.467018
-0.338651
-0.267768
-0.580345
-0.537927
-0.47883
0.941048
0.553545
0.188469
1.84385
-0.143085
1.93301
-0.563573
0.293268
1.51505
-0.538776
-0.290225
-0.411541
1.05485
-0.0487689
-1.83095
-1.90361
-0.012307
-0.86905
-0.672875
0.0842561
-1.55991
-2.05829
0.800184
0.484153
-0.447186
0.0474964
-1.7714
0.126167
-0.286497
-0.17953
0.553572
-0.245549
1.05391
0.0015232
0.0746199
-0.0587771
0.927556
-0.173782
-0.0125664
0.18214
0.227125
1.81704
-0.0294191
0.428673
-1.11347
-0.361263
1.01541
0.573487
-1.12695
-0.0980377
-0.211272
2.09665
-0.718366
0.839641
1.10514
-0.344375
0.136828
-0.550593
-0.421912
0.944618
-1.33446
0.251954
-0.144278
1.26599
0.0226648
0.668464
-0.36008
-2.79796
-0.388093
0.895527
0.218284
0.492685
2.11755
0.51905
-0.398041
-1.47739
2.38571
-0.627236
-1.06991
0.174456
-0.0601404
-0.273588
-0.131333
0.682908
-0.57217
-0.422048
0.284859
-0.923192
-0.00317308
0.375969
0.990546
0.169699
-0.614258
0.12709
0.456631
0.284582
-0.146223
0.448269
-2.46948
-1.25842
0.825406
0.644757
0.521433
-0.0676115
-0.937664
-0.464793
-0.846494
0.413667
-2.18849
0.169724
0.320218
-0.73245
0.836953
-1.23401
-0.763266
-0.613649
-0.0588348
-0.0996349
1.2098
0.417101
1.62333
0.609906
0.325312
-0.78502
0.629179
0.482868
-1.22789
-0.0456074
1.47444
-0.472702
0.767987
0.715667
0.989392
-0.401561
-0.330143
0.507258
-0.486103
0.774766
-0.733993
-0.746757
-0.413184
-0.69213
0.0603347
-1.94732
-0.112987
0.78294
2.1723
-0.600822
-0.255664
-0.67576
-0.915686
-0.0449397
-0.418511
1.00925
-1.76093
-0.0100544
0.388463
-1.2892
0.583607
0.937132
-0.0950426
-0.0731582
0.602758
0.374542
0.166714
0.459078
-0.246286
0.508862
-1.61539
-0.250355
-0.100559
0.157303
-1.97777
1.78209
-0.566876
0.0894458
1.60662
-0.176637
1.29857
0.334129
-1.02598
-1.10273
0.683273
-0.154163
-0.779725
-3.28018
0.395932
-1.05761
0.618117
2.25168
0.502346
-0.0804372
1.02264
-1.47169
0.733512
-0.428481
0.940218
0.092229
-1.86454
-3.18209
1.24011
-1.08435
-2.20174
-1.66005
-0.941847
0.095892
-1.06733
0.731233
1.2937
-0.195896
-0.592748
0.16741
-0.400024
0.638304
1.60673
1.26634
-1.68169
-3.11504
-0.564011
-0.0209909
0.0350711
-0.412824
0.721425
0.244373
-0.688834
-0.240475
0.679052
0.759004
-0.324554
-0.236004
1.03876
0.107967
-0.757557
0.13032
0.31387
0.504166
0.72582
0.474383
0.468806
0.0284232
1.34643
1.04043
0.406581
0.0509254
0.550952
-0.656863
-1.66235
0.959317
0.0978358
0.807055
-1.86859
-0.529464
-0.281027
-0.0346768
0.170384
1.0909
-0.0749744
-1.81092
-0.228852
-1.15642
0.1013
1.33282
0.12442
-1.13256
-0.72809
1.32216
-0.213604
1.76621
0.156429
0.0696249
0.720311
-0.893787
-1.11226
-0.220852
0.335265
-0.418633
0.263773
0.838837
0.0876547
-0.291034
-0.861825
0.25884
0.759863
-0.868867
1.27062
2.2684
-0.326437
-0.448634
-1.23396
-0.760467
1.57524
-0.828685
1.17571
0.375046
0.43202
0.383976
-0.392747
0.142343
0.992779
-0.211155
-0.219146
0.150225
2.73595
0.403825
1.27148
0.6728
0.267999
0.774616
1.46253
1.3582
0.453414
-2.81409
0.216463
-0.383701
0.791534
-0.636529
-0.986543
-1.92227
-0.925869
-1.82936
-0.817852
2.9211
-0.22074
-0.417009
0.853355
0.735038
-0.406021
-1.2835
-0.186337
0.184172
-0.379924
-0.0886104
0.333171
1.21837
-1.18682
-0.317269
0.268214
-0.121344
-1.603
-0.148563
-0.240421
-0.0801309
-0.0940888
-0.483647
-0.03303
-1.62032
1.16492
-0.291859
-0.137048
0.842777
-0.46151
-2.81556
0.933531
2.58777
-0.437631
-1.05363
-0.887792
1.10278
0.286221
0.63834
-0.415554
-1.23595
0.585906
-1.82837
-0.0946206
0.582269
1.34413
0.717769
0.573086
-3.17951
0.395046
-0.200342
0.14193
-0.448407
-0.971999
-0.0432882
-0.234007
-0.802227
0.445846
-0.0328176
0.0041919
-0.293555
-0.156619
-0.334883
1.09117
0.11699
-0.411288
0.156653
1.13878
0.00388965
0.202451
-1.38424
-0.152994
0.318754
-0.840708
1.06824
-1.89329
-0.399611
-0.172911
-1.99387
0.594953
-0.404719
-0.236189
-0.389195
0.503044
0.346541
1.19309
-2.07256
-0.631476
1.81763
1.5454
0.304512
-0.434685
0.0629829
0.239052
1.52869
-2.90296
-0.89927
-0.740621
0.283968
-0.648929
0.0521789
1.12279
0.318567
-1.01225
-0.344333
-2.08496
0.905629
-0.285621
-0.812582
-0.581633
0.358574
-0.567481
-1.30531
-0.325777
-1.24154
-1.15129
0.226537
-0.867348
0.112289
0.195292
-0.523421
1.09185
0.00170182
2.03452
0.306636
0.129567
-1.39907
-0.105003
2.65456
-0.147873
-0.249849
-1.50274
1.37986
-0.815733
-0.319609
-1.71349
0.720169
-0.533297
0.426723
-0.741996
-0.135933
-1.59915
-1.87474
-0.416253
-1.02694
0.171842
-0.226712
0.016202
1.3076
-1.20135
-1.36365
3.24564
-1.20136
0.136346
-0.443372
0.391956
0.110858
1.25504
-0.578385
-0.307785
0.641531
0.594941
-0.860355
-0.269623
1.54159
-1.35143
0.64982
-1.65977
1.08372
-0.916413
-0.571407
-0.643387
-0.103272
0.654663
0.170475
-0.925137
-2.59064
0.663223
-0.287818
-0.111839
0.00892572
-0.600055
-0.129991
0.873086
1.25462
1.32847
-0.171956
0.141442
0.115642
-0.741524
-1.56546
-0.157354
0.782563
-0.339334
0.289599
0.0370378
-0.710481
0.695097
-0.378183
-0.125167
-0.374618
-0.37636
-1.21579
-0.494332
0.0624924
-0.261464
0.486436
0.740732
-0.269238
-0.388234
0.512155
0.948178
-0.632381
3.36052
-0.112749
-1.08408
1.29133
0.10878
-0.151383
2.60123
2.37537
1.00502
-1.22195
1.0131
-0.656384
0.860864
1.66946
1.14043
-0.0266601
-0.141755
3.08736
0.944357
-0.095402
-1.10129
-2.33634
-0.400075
0.0778758
0.34892
0.274413
-1.55262
-0.0396754
-0.998085
-0.627265
-0.142101
0.784321
1.05924
-0.460947
-0.117187
0.172209
-0.203228
0.549922
-0.775752
1.79897
-0.47476
-0.734847
0.650124
0.154344
1.71132
-0.0433323
0.339349
-0.301103
-0.476043
-0.180803
-0.898718
-2.54491
0.722667
-0.496573
0.547618
0.544605
0.349654
-0.84493
0.105197
-0.401996
1.24527
1.15004
3.42822
1.90433
-0.315818
2.37592
-2.41624
-0.203265
0.350172
0.220499
0.130459
-0.259584
-0.337243
-0.559344
-0.648352
0.161019
0.142419
0.290976
2.16824
0.473264
1.32934
-1.05084
0.646312
0.901425
0.16718
-1.20234
0.037587
-0.723595
-2.07557
-0.0179915
-0.997666
-0.156333
1.91858
0.626957
-1.72676
0.945957
0.565837
-0.430655
-0.0300186
-0.488173
0.320752
0.540205
0.588938
2.24239
0.187197
-1.17504
-1.19719
0.124452
-0.648831
0.208455
0.050295
-0.208871
0.1827
-0.976543
-0.183669
0.325813
-1.38854
-0.928066
0.246275
-0.0369685
-0.792501
-0.233293
0.297057
-1.32625
-1.49225
-0.601276
-2.12924
-1.02034
1.37085
-0.360714
-0.0418255
0.0905859
-0.0622752
-0.119044
0.917607
-0.178731
0.527018
2.60502
-0.0170155
-1.95839
-0.164242
1.13636
0.997544
-0.0801116
-0.419998
0.413983
0.980743
-0.456935
0.173841
-0.830519
-0.231438
0.0246373
0.352696
0.876183
2.74334
0.498025
1.24336
-1.16463
0.325391
0.0505087
0.170172
1.48137
-1.74575
-0.40464
0.414662
0.305889
-1.41182
1.32422
0.172922
1.06999
1.11835
-1.34195
0.191486
0.639678
-1.23281
-0.628789
-0.244565
1.27394
1.87569
0.63034
0.190153
0.890133
0.483978
0.327529
-0.965906
-0.517781
0.0946073
-2.06658
1.46144
-0.211898
-0.0787156
0.211804
-0.51329
-0.682196
1.01556
0.159807
0.828106
1.74292
0.733145
-0.163008
-0.38096
-0.136172
-0.366703
-0.140388
1.46823
0.240322
0.194948
0.237977
0.952633
0.671708
-1.22767
-0.312527
-0.736765
-0.169126
0.848894
0.614956
-0.295544
0.398192
0.121482
-0.726055
0.555695
0.141798
-0.742858
-0.596101
0.0662287
0.747919
0.948175
1.52698
0.783475
-0.352429
0.0279876
-1.63255
0.907018
-0.76353
-0.263713
-0.215585
-1.33245
0.0871688
-0.997716
0.0355075
0.53527
0.0117983
-0.0647609
-0.226341
0.10843
-2.30181
-0.177588
-0.599214
0.729939
0.177504
-1.86354
-1.2726
-0.986319
0.0630585
1.45759
0.236827
-0.560316
-1.08283
-1.13232
-0.766486
0.598274
0.676918
-0.254062
-1.69812
-1.52358
0.570416
-0.321004
0.588841
-0.236639
1.09804
-0.337464
-0.0977317
1.0181
0.0226912
0.0994743
0.14544
1.29347
-1.18156
0.3006
-0.247229
0.117255
0.778301
-0.296944
1.14444
-0.961606
1.29875
0.129114
1.70507
1.72953
-0.563214
-0.385858
0.328624
-0.233301
0.774667
1.76611
0.423358
1.11358
0.452781
-0.208572
-2.00721
-0.702975
-0.184696
-0.855965
-0.885545
0.303288
0.220427
-0.395992
-0.007381
-0.416566
0.866573
0.104487
1.08153
0.289532
-0.787263
1.25982
0.139277
-2.68023
-0.0959355
0.284912
-0.0472371
-0.132387
-0.849829
-0.860625
-1.20494
-0.248582
-0.271436
0.974394
0.280365
0.625028
-0.0400848
-0.385334
1.69458
-0.0861289
1.12408
1.59523
0.861462
-0.888801
-0.28714
-1.00655
1.64985
0.394069
-1.78657
0.868192
-0.758873
-0.297512
-0.17309
-0.829256
0.383949
-0.809943
0.595703
-1.96401
-0.819845
0.0201729
-0.101081
-0.730932
0.373409
0.228879
-0.472588
1.41732
1.60213
0.107715
0.278202
1.37627
1.13701
-0.51921
0.392742
-0.88415
0.134202
0.192583
-0.429034
0.226535
0.258914
0.190566
-0.435105
-0.200143
1.20018
-0.13324
0.401614
-0.440833
1.17024
0.675142
0.952419
-0.857524
2.29148
-0.690152
-0.144789
0.0886967
-0.155553
0.969987
-0.376411
-1.11378
-0.0594747
-0.229185
0.0190044
2.04115
-0.937999
0.213914
-0.35167
1.64917
1.20259
-0.725996
-1.41082
0.649541
-0.813358
-0.0779322
0.955297
0.913268
0.100244
0.462139
0.718617
1.58269
-0.989375
0.610476
-0.794773
-0.33543
-0.624548
-0.144684
0.552226
-2.83623
-2.42769
1.19718
-0.147196
-1.4069
-0.305055
0.661124
-1.00519
-0.386708
-0.240831
-0.318947
0.408553
-0.099901
1.24733
0.987887
-0.286725
2.32041
0.407529
0.445823
-1.26186
0.883993
1.17028
2.02016
-0.737868
-0.841548
1.39441
-0.606444
-0.109428
0.57235
-0.0372366
1.15615
0.545766
-0.0988648
1.48175
1.54281
0.262318
0.567235
2.20874
-0.431018
1.32446
0.40122
-0.486206
0.390046
0.931626
-0.405824
1.40259
0.320003
0.879905
1.26126
-1.95739
1.30705
1.03276
-0.689643
2.51582
-0.479097
0.85812
0.620983
0.634908
-0.548422
-1.14525
-1.41074
1.28249
-0.567729
0.134994
1.59626
1.10339
1.02019
-1.38125
-1.75918
0.242252
0.511362
-0.641309
0.451432
0.263756
0.632717
0.322468
1.00042
-1.76149
0.0319162
-2.20025
-1.17077
0.882787
0.533972
-0.6508
-2.57331
0.551181
0.200421
-0.615733
0.17042
0.313476
-0.624531
-0.32328
-0.874407
0.301129
-0.864623
0.260927
-0.0927147
0.747046
2.58978
-0.61455
0.943384
-1.11964
1.07445
0.0582035
-0.128371
0.71952
0.831123
0.00459209
-1.03556
0.857418
1.07752
1.02612
0.477517
-0.779292
-1.74218
-0.973885
-0.743182
-0.0659573
-0.62689
-0.187809
-0.212648
2.09501
-0.511432
-1.18869
-0.877974
0.0325864
0.476715
-0.552027
-0.649924
0.096593
-2.25048
-0.652821
-0.627329
0.617823
-1.89972
0.734751
-0.408886
-0.535965
-0.522673
1.44449
1.29923
1.46812
0.449746
-0.298903
0.791177
0.551168
-0.642208
-0.0384125
-0.407912
-0.22992
0.233944
-1.40286
-0.0653717
-0.907609
0.617089
-0.160075
-1.15567
0.780708
-0.133696
0.176466
-1.05975
0.60947
-0.112883
-0.128777
2.3042
-0.379485
-0.847692
1.46707
0.257254
0.395718
0.43189
-1.09135
0.66158
0.117268
0.753136
-0.398525
2.59695
-0.372806
-0.914101
0.651008
0.191573
-0.233073
-4.34792
-0.458416
-1.25898
-0.214492
-0.164697
0.441101
-0.533649
0.337719
-0.855348
-1.302
-0.460357
-0.540385
0.0239684
0.786487
-0.894981
0.768543
-2.0536
-0.221785
0.223923
1.00512
-0.249792
-1.47877
0.210122
1.21439
-0.170154
0.817866
0.0311308
-0.355652
-0.758158
0.221024
-1.57688
1.1342
0.619022
-0.00581219
0.0539221
0.400384
0.537319
0.806259
-1.00094
0.165348
-1.47875
0.469886
-0.266977
0.0518663
-0.793122
-0.246164
-0.0545087
0.306756
-0.920578
-0.736453
-1.81393
-0.391049
0.847365
0.756717
0.481936
-0.184502
0.448471
-0.271313
-0.66854
-0.0735942
0.298473
-1.50848
1.51285
-0.601556
2.51127
0.196222
-0.267429
-0.347348
-0.162779
0.919704
-0.355391
1.12419
-1.0196
-0.822151
-1.54168
-0.161775
-1.15209
-2.19689
0.658643
2.37237
-0.975633
-0.468463
-1.06494
0.609901
-0.387528
1.06459
-0.923396
-0.193179
-0.0451206
1.93862
-0.0783405
-0.729789
-0.581788
0.0158893
-0.63649
1.17023
-0.412638
-0.742762
0.478421
0.0634842
0.100325
-0.552351
0.588769
1.21128
-1.25418
-0.265079
0.243812
-1.27769
-0.00898375
-0.803988
-0.566212
0.418987
0.0633323
2.70463
-0.138488
0.167398
-0.84984
-0.0959109
-0.267795
0.914854
-0.35241
-1.73261
0.24346
-0.330707
0.00594168
-0.0402974
-4.90579
0.773614
0.236076
0.632963
-0.631615
-0.396175
0.409694
-0.187262
-0.937811
-1.86338
0.462319
-0.974722
0.447109
1.60786
-0.620778
-0.0481793
1.22123
-0.378391
0.553929
-0.203276
-0.0764744
-2.48166
0.13794
-0.430035
2.70211
1.49666
0.25871
-0.465481
0.362361
0.291528
0.158377
1.59515
0.48991
-0.448035
-0.186447
0.799912
-0.757651
-1.3045
-1.19894
-1.50636
0.279747
-0.00160176
0.318304
-0.13621
1.64935
1.738
-0.421708
-0.978256
-0.816656
-1.04946
-0.13975
0.773379
-0.884865
0.24854
-1.15506
1.04269
-0.00222466
-0.029741
-0.0762617
-0.777648
0.14971
-0.619914
0.297721
-0.441705
1.13828
-0.956443
-1.59373
0.28235
-0.597746
-1.34778
0.839048
0.028031
1.19471
1.16114
0.0794415
0.517568
0.0610816
0.528899
0.206747
0.181049
-0.263828
-1.44957
-0.0401067
-1.26812
1.98371
-0.311304
0.265919
-0.526565
0.624954
0.332694
0.823105
0.379157
-0.00325026
-0.1831
-0.963629
-0.239601
1.21014
-0.126505
-0.503997
-1.18612
-1.00517
0.179176
0.337745
-2.18617
0.413184
-0.598349
-0.197086
-0.725295
-0.396301
0.787432
-0.846287
0.795486
0.86494
-0.460795
0.361054
-0.922922
-0.82139
-0.0459506
1.30743
-0.143084
-1.51046
0.156826
-1.20101
1.93144
-0.53042
0.446585
1.81658
0.830125
0.611712
-0.387233
-0.28352
0.655238
-0.11528
-0.0573263
0.194447
-0.544642
0.338619
-0.382418
1.48577
0.318446
-0.613408
0.208995
-0.490196
-0.111223
0.909872
0.853566
0.260035
0.207549
1.58177
0.774162
-1.34777
-0.0998663
0.317311
-0.304413
-0.591002
-0.477678
-1.58886
2.19789
-0.436502
1.0341
0.0456565
1.59187
-0.605317
0.445736
-0.178372
-1.06188
-0.0418917
-0.353574
-1.40608
-0.651267
0.126355
0.713172
-0.68123
1.45302
1.38351
-0.361132
-0.390538
-0.598178
-0.451027
0.473029
-1.23308
-2.53787
-0.524908
0.830905
1.24782
0.215206
-0.2278
-1.42788
-0.748063
1.31228
0.22266
2.03918
0.00720331
1.1308
-0.524834
-1.23493
-0.950329
0.985108
0.379615
-0.968991
0.342256
0.72444
-0.213833
0.905504
-0.956994
-1.09442
0.000638927
-0.671987
-0.00680136
-0.615663
0.808308
0.381421
0.416356
0.178922
-0.66767
-1.0315
0.14159
0.338059
1.24646
-1.33666
-0.71479
-0.924109
-2.02118
-0.0436271
1.78306
-2.20079
0.394203
-0.201408
-2.42107
0.221873
-0.346021
0.559273
0.27179
1.243
-0.351531
-2.38702
0.605364
-1.36038
-1.43534
1.09463
-0.670255
1.19279
0.715863
0.938851
-0.581947
-1.03625
0.877515
0.407108
-0.865058
0.596346
-2.15565
0.143167
0.789825
-0.325974
1.20395
-0.979986
1.50869
0.187859
1.35251
-0.0420414
-1.57219
2.19344
2.23541
-0.498282
1.09613
-0.972426
-0.256045
-0.620711
-0.519588
0.544168
0.190297
0.184213
-0.134727
0.0834534
1.10426
-1.37341
-0.556447
-1.82719
0.619677
0.707313
-1.15723
0.903662
-1.07006
0.394002
-0.279225
-0.597032
-0.719747
2.58194
0.0275755
-1.46493
0.574376
-0.53324
0.720212
0.692514
0.372663
-0.0656258
0.717539
-0.355513
-0.117817
0.234807
0.267219
-0.495025
-0.102914
0.494502
0.0169065
-0.34878
1.3149
-0.416443
-0.674866
1.12513
-0.974317
-1.88948
1.39332
-0.437325
-0.193516
1.00655
1.93267
-1.09165
-0.712642
0.149288
0.626929
2.05187
-0.120297
1.27751
-0.517856
-0.620216
-1.23575
-0.317319
0.612899
-1.38748
-0.730052
-0.950964
-0.65945
-1.10592
1.03449
-0.772885
-1.88481
-0.76088
-0.903635
0.153415
1.6727
0.0474097
0.506775
-0.0271001
0.708792
-1.57388
0.339434
-0.864279
-1.93564
-1.05841
-0.318802
-0.982334
-0.502543
0.835716
0.514003
1.01953
-0.0327319
-0.102964
-0.285431
0.426865
-1.28472
-0.271241
1.5599
0.848221
-0.287231
-0.135892
-0.207661
1.41834
-1.69316
0.804346
0.660975
-0.57955
0.159607
0.52219
0.942094
2.61265
1.77833
1.47777
0.872204
0.115617
-1.16879
0.634625
0.295754
-0.967924
2.58324
-0.641673
-2.06227
-0.392284
0.283965
-2.86836
-0.856957
0.595367
0.661533
0.931758
0.0239076
0.030198
1.51652
1.39493
-0.266801
0.0651278
0.317649
0.560078
-1.03526
-0.683894
-0.458685
-2.24665
0.392351
-0.64937
-0.85596
0.31751
0.0233364
-0.412278
-0.287117
-0.289652
-0.711816
0.211315
0.173519
0.301993
-0.771448
0.0871828
-0.0538963
0.616923
-0.27486
-0.823804
0.521683
0.181182
-0.87235
0.121632
-0.126622
0.452842
0.655758
0.570436
-0.0479869
-0.195692
-0.231442
1.06718
-0.351075
-1.24541
3.12599
0.766701
0.101758
-0.697579
0.565543
0.859111
-0.239076
0.0894039
-1.25769
0.613164
-0.970757
-0.0987775
0.379496
0.024569
0.00169821
-2.62801
0.911371
0.553119
-0.221018
2.07347
0.025304
0.507807
0.305598
0.574526
-0.836168
0.299157
0.735102
-0.0444318
-0.00202995
-0.509102
0.622014
3.23943
-1.1384
-0.0940653
0.197085
0.932244
-0.148253
-0.792145
-1.54422
-0.727834
0.704954
0.667351
1.12499
-0.106212
0.647148
1.35565
1.08569
-0.47269
-0.828012
2.78281
1.55481
-1.38052
-0.368931
1.4691
-1.0951
-0.485111
1.24625
-0.221832
-0.611502
1.20569
-1.63642
-0.622045
1.75248
-0.478541
-1.17521
-2.62618
0.49665
-0.286259
-1.13046
-0.506551
-0.381185
-0.0893207
0.0016217
0.175598
0.761011
0.538588
0.792029
0.584808
0.0700997
-0.982631
0.0311973
-0.335622
1.16643
1.07299
1.78279
-0.579619
-0.694982
0.475306
-1.16281
-1.39775
0.23178
-0.127227
-0.613741
-1.69005
-0.592771
0.11793
-0.243149
-0.363189
0.883776
0.321332
-0.688768
-0.0093777
0.569005
-0.213572
-1.35313
-0.215311
0.573835
0.620942
-0.210717
-0.297511
0.324277
-0.267023
-1.13619
-0.0258713
-0.0178457
-0.158603
-0.132393
0.136888
-0.946418
0.0199423
-1.1836
-1.3672
0.266856
0.438832
0.325483
1.5191
1.64662
0.632805
-1.17722
-0.422695
0.840026
-2.03403
-0.368066
-0.109033
0.641638
0.339444
-0.46423
-1.35334
-0.015031
-0.683518
0.758273
-1.3509
-0.629771
-0.225366
-3.43432
0.545065
-0.946831
0.0478761
-0.725719
-0.956331
0.100824
0.834816
-0.458927
-2.18582
-0.393432
1.57225
-0.438827
0.764828
-0.488867
2.39513
-0.181132
0.760319
6.24697
-0.0784964
-0.545147
-0.254917
0.791339
-0.914174
1.42133
-0.51443
-0.92974
0.799197
3.32409
-0.517021
-0.473038
-0.159546
-0.594426
0.58968
-0.897605
-0.656808
-0.561477
0.573652
-1.28843
0.102691
-0.043195
-0.174878
-0.908536
0.148872
-0.0326121
-0.0211593
0.331092
0.775891
0.847743
-0.959052
-1.95277
0.763947
0.382382
-2.29536
-0.0316031
-1.14201
2.30773
4.73716
0.0575988
-0.371704
-0.392153
0.0771595
-1.31041
-0.0646761
-1.01936
1.01561
0.743844
0.00812185
0.11257
-1.43501
-0.48387
0.775311
1.32899
-0.764658
2.7611
-0.944373
-0.17161
0.315204
-0.376718
-0.651999
-0.270095
-0.606845
0.151933
0.0746312
-1.03419
-1.65249
0.32049
1.23193
-0.776431
1.22573
-0.63488
-0.536535
0.945305
-0.202143
0.394462
-0.326367
-1.90613
-1.1594
1.27403
0.216972
-0.480801
-0.201039
-0.904012
-0.0529991
0.958779
1.20844
-0.996731
-0.538932
-0.0278635
-0.152058
-3.07589
-0.421102
-0.169566
1.60039
-0.0838291
-0.976946
-1.95196
-0.404417
-0.867918
-0.905847
-0.587908
1.19772
1.02893
2.51455
-0.159188
-0.406756
-0.0317383
1.01163
-0.998371
2.11588
1.44514
0.461557
0.708394
-1.68227
-0.914513
0.233687
0.0567742
1.22607
-0.0800422
1.88821
1.22298
-0.323491
0.511605
0.75791
0.13145
0.169542
-2.23525
0.368235
0.156822
-0.086485
-1.11569
1.78756
0.669875
-1.11494
-0.489504
0.389435
-0.00144243
0.260361
-0.0759554
1.86669
0.482569
-0.485948
0.00644131
1.41131
-0.312007
-0.625606
-1.02801
0.563035
0.87126
-1.25502
0.243016
1.40565
-0.356588
-0.737989
0.702374
0.276855
-0.422894
-0.60959
-0.679347
0.219585
-0.367866
1.37395
1.24759
1.25948
0.809558
-0.684578
-1.25784
-0.318817
0.987094
-0.805626
0.463145
-0.861327
2.60003
-0.0279378
-0.0635525
1.68374
-0.898866
-0.780374
-0.0764587
2.19602
-0.421212
0.942662
1.43583
3.41799
-1.30765
0.0281358
1.50665
-0.583249
1.43059
-0.368675
0.782086
0.126715
1.38798
0.601817
-0.134287
-2.53045
-2.88974
0.285994
0.782002
-0.942938
-0.762411
-0.301909
0.903111
1.73953
-0.940988
0.65076
1.01814
1.44457
-0.218229
-0.162442
1.01233
0.106043
1.30286
0.353661
-0.204062
0.66379
0.169142
0.362337
-0.196482
0.387691
0.00521271
0.0385773
-0.187127
-1.04994
0.906743
-0.371901
1.69013
-0.670415
-2.46344
-1.26031
-0.447704
2.41878
0.793067
-0.604288
0.436399
-1.7935
0.387678
-0.262888
2.17679
0.170331
-0.377926
-0.81974
-0.169111
0.117766
1.83517
0.630099
-0.0764057
0.438469
0.830195
0.511474
0.839717
-0.250591
-2.90637
0.117088
-0.416492
0.924906
-0.613292
1.10157
-1.35792
-0.246437
0.779364
0.30533
-1.15595
-0.495212
0.0691486
-1.28712
-1.04834
-1.67216
-0.0632193
0.748962
-0.656961
-1.50338
0.814402
0.391309
0.230579
2.07746
0.466108
1.93864
-0.613348
0.409971
0.0292432
-0.18903
0.861492
0.826096
0.454086
-0.590422
-1.17647
1.3572
-0.185442
-0.112686
-2.73798
1.07124
-0.894749
-0.167549
-0.598764
0.832584
-0.0341979
0.0948118
-1.03157
-1.03485
-0.439826
-0.0195895
0.205741
0.208128
-0.597899
0.287165
-1.58964
-1.84035
-0.897046
0.300782
0.576624
-0.69853
-0.851847
0.81126
-1.16472
1.93664
-0.281749
0.141506
0.995986
-0.87282
1.38651
0.024337
0.0546631
0.478728
0.374469
0.531356
1.56643
-0.360729
0.249238
0.597892
1.07337
-0.106018
0.487681
0.110569
1.14832
-0.233513
0.401815
-1.47367
0.957207
2.12925
-0.0837093
-0.120369
-0.152877
-0.64198
0.358865
0.286826
-0.213342
0.215067
-2.32062
0.823247
-0.843982
-0.264159
0.0593593
-0.600501
1.23879
1.01997
3.31803
-0.167609
-0.0114821
0.912507
-1.28486
1.28009
-0.942865
-0.579216
0.972606
0.991806
-1.12216
-1.65391
2.34868
-0.336721
0.431788
-1.3656
0.147015
1.04175
-0.149953
-0.118155
-0.107344
0.572358
-1.07805
0.301882
-0.209529
-1.0527
-0.0904455
0.553703
-0.306662
1.5307
-0.2237
1.16337
0.417799
-1.41637
1.20902
-0.992155
0.0878221
0.0514205
-0.741744
1.59281
0.566515
-2.04051
0.0929017
-1.76481
-0.134944
-0.0448485
-0.889006
-0.144011
-0.230977
0.369126
-0.247994
-0.121193
-0.433686
-0.11459
-1.30036
-0.101023
-0.604254
0.570468
-1.1246
0.325296
-0.408867
-0.959151
0.331755
1.34969
-0.62242
-1.39201
0.134058
2.00555
0.960552
-0.395434
0.351469
0.316536
-0.633187
-1.09133
-2.6144
-0.398153
0.233879
-0.26591
0.531937
-0.507819
1.05369
1.32188
-1.72615
2.17638
-0.661803
1.40069
0.275265
-0.55767
-0.11903
1.94905
-1.83086
-1.39394
-0.026094
-2.87701
1.26445
0.444543
-0.339515
-0.879955
0.179285
-1.36217
-0.388832
0.368421
0.647174
0.307493
0.20347
-0.148922
-2.49787
-1.19327
-0.0691461
-0.239104
0.914273
0.845292
0.0446999
0.205102
1.30629
0.220437
0.554782
0.584012
1.11397
-1.71971
0.141667
-1.30067
-0.13886
-0.838773
0.155486
0.479822
0.542908
-0.581604
0.175439
-1.42511
1.446
-0.32179
-0.714025
-0.593996
-0.269154
-1.06361
-0.192194
-0.0333178
1.79035
-0.0280863
-0.207946
0.30405
-0.755581
-2.23959
-0.703701
-0.745397
-2.16546
-1.44932
0.294732
3.09508
-0.430402
-0.691936
0.184702
0.402772
-0.14866
0.116978
-1.26524
-0.231442
1.14675
0.0345514
0.203067
-0.685074
-0.449194
-0.376721
0.854246
-2.06708
0.910837
-0.274712
0.137563
0.263002
-0.796688
0.3701
-0.692614
-1.37807
-0.306879
1.14648
-0.677689
-0.426657
1.43554
3.33035
-0.166296
-0.583233
-1.51526
0.464766
2.54892
0.0676504
0.454953
-0.215492
0.886643
-0.367959
0.776776
0.0252873
-0.573745
-0.536352
1.0515
1.76428
0.674393
-1.1936
0.284369
-0.0347127
0.417319
-0.568483
0.505462
-0.279635
-0.707524
1.33965
0.26457
-0.0492037
-1.09767
1.18564
1.54983
0.0368502
1.45109
-3.69175
0.163281
0.942572
0.326247
0.8065
-0.578053
0.303075
-0.257816
0.801422
0.23447
1.50977
-0.346471
-0.194472
0.960577
1.26735
0.319887
2.06039
1.98599
-0.475785
-0.459278
0.873965
-0.481288
-0.886411
0.057744
-0.574497
0.321691
-0.557222
-1.14275
-0.23556
0.0381702
-0.466792
-0.200298
-0.369799
0.212472
-0.179988
-0.142091
-0.072521
0.325922
0.585789
0.0574042
-0.68814
-0.863671
-0.67362
-0.251523
0.305588
-1.13386
-1.36501
0.688348
1.67037
0.468061
0.216483
-0.14822
-0.731533
-1.26519
-1.8952
0.0872809
-1.698
1.14548
-0.664072
0.245851
-2.01754
-1.94975
-0.905609
0.0346585
-0.883722
0.296771
1.3687
0.46381
3.87111
-0.826899
-0.297974
0.0419811
-0.071227
1.12796
0.739425
0.207158
0.822353
0.929323
0.68062
-1.00456
1.53122
1.96635
0.939776
1.14072
0.419628
-0.108888
-0.0931759
-1.49568
0.040268
-0.495119
-0.0257391
0.0930003
-0.868462
0.332032
2.1832
1.2186
-0.345667
0.216312
-0.246379
1.02753
-0.806763
0.762504
-0.635326
2.01677
-0.314014
1.5064
-0.284442
1.95975
-0.92787
-0.164755
3.16192
-0.0236152
-0.240971
-3.67994
0.222545
1.33184
0.32927
0.339554
0.0388326
-0.713356
-0.312665
-0.472489
-0.534707
0.599749
0.00885922
2.03327
1.02249
-0.83454
-0.34779
0.523963
-0.982168
1.12455
-0.288772
0.779648
-0.478613
0.618305
0.0280314
1.89136
-0.711181
1.55608
0.517489
-1.70367
-0.944351
-1.17303
-0.816677
1.4833
0.284338
-2.08181
-0.46013
0.232722
1.48223
-0.289107
0.688587
0.0821263
-1.66748
0.0422779
0.166725
0.178147
0.823573
2.17549
-0.360943
0.552914
-0.320949
-1.05033
0.0572668
-0.259332
0.633772
1.06047
0.216374
2.00818
0.862941
-0.806492
2.52063
-0.91723
1.19951
-0.586091
-0.125013
2.18846
0.229651
2.01812
0.138409
-0.135214
-0.754342
1.41223
-1.01083
-1.63613
0.88044
0.457047
-0.465136
0.86676
0.915776
-0.789274
1.1786
0.468478
1.08273
0.767428
1.28423
-0.00557434
-0.0545144
0.953005
-1.11741
0.085538
0.777623
-2.30418
-0.137987
-0.438221
-0.590288
-0.633442
0.821404
-0.878504
0.466707
-0.108241
1.08513
0.125337
-0.651485
-0.408423
2.91786
-0.100384
-0.346444
1.1751
-0.674629
0.255964
0.471061
-0.0529441
-0.093947
0.279879
-0.738417
1.13982
0.485253
0.794178
0.379998
-0.594745
-1.21645
0.819272
1.54616
0.419446
0.420365
-0.760588
-0.269191
-1.00359
0.750473
0.909163
-1.3065
-0.407355
-0.130572
1.26225
-0.725196
2.96177
0.177847
0.296415
-0.209461
-0.802611
0.586918
0.448736
0.909883
0.402277
-0.124222
0.970368
0.308533
1.34723
0.638338
0.234818
1.03589
0.285225
-0.513356
0.231147
0.128184
0.0920887
-0.113049
0.783478
2.25365
0.298506
1.28661
-0.640845
0.730359
0.130308
-2.67854
-1.20342
0.71822
0.0856524
-0.486127
-1.6004
-0.402699
0.106695
0.618266
-1.54219
-0.621322
0.144208
0.549219
-0.397592
-0.948399
0.860234
-0.113404
-1.00235
0.554068
0.162253
0.849002
0.654579
-0.314164
0.330259
-0.225144
-0.168246
-0.0359616
0.35476
0.663037
-1.2946
0.177521
-1.0275
3.00217
0.943531
-0.365611
0.0843727
-0.627867
0.0825822
0.358322
-0.211395
-0.0295513
0.182952
-1.17964
0.120431
-0.185082
-1.08173
-0.681723
-2.34805
0.585542
2.16119
0.862211
0.549624
1.07543
-0.936185
-0.726479
-0.0258741
0.521083
0.390076
-0.124265
0.694285
-0.44587
0.478694
0.271402
-1.08086
-0.256335
-2.36299
0.727044
-0.336586
-0.479588
0.860617
-0.24078
-2.03514
1.90297
-0.519069
-1.26192
-1.03353
-1.14619
-0.849322
-0.903483
1.78307
-0.0283405
-0.725977
-0.728241
1.67148
0.299101
0.822694
0.152955
0.432977
-0.273448
0.0526099
-0.0685318
-1.04446
-1.41999
-0.208202
0.959046
0.696662
-0.487467
1.00388
-0.513387
-1.29621
-0.262702
-0.392223
-0.100232
-1.09747
-1.38264
-0.213141
0.225751
-1.30738
0.257754
0.241848
-0.793775
0.694763
0.580806
-0.121311
-0.717876
-1.30079
0.82221
0.940091
-2.63242
-0.20185
0.151773
-0.27891
0.796066
0.279751
1.15329
0.0504377
0.220027
1.78572
2.45729
-0.584065
0.386184
-0.28328
-0.170927
-0.182145
0.427128
0.0282105
2.52745
0.796043
1.67143
-1.16348
-0.42432
0.800076
-0.222557
-0.469898
0.489607
-0.0969944
0.471244
0.313029
0.0897998
-0.798891
0.68518
1.55797
-0.100065
0.894285
-1.13471
1.3957
0.351354
0.662776
-2.04187
-0.354348
0.469464
-0.482618
0.823777
0.530124
0.224286
-1.00944
-1.21603
0.749031
1.38475
-0.975055
-0.437701
-0.432147
0.019632
-0.596208
0.0992363
0.333032
-0.550702
1.82827
-0.164444
0.181501
-0.409208
1.63156
0.168122
-1.17623
0.393258
-0.135008
0.250091
0.894783
-1.11192
0.305868
-0.447892
-0.499177
-1.78621
-1.86286
-0.395707
-1.71862
0.66051
-1.13913
1.4204
0.431925
-0.387136
2.07008
0.272847
-0.518234
-0.924028
1.43696
0.608699
-0.283058
1.10278
-0.394522
-0.0461499
-0.203139
0.112988
0.0100925
0.0699807
0.775736
-1.50916
-0.87286
0.639564
0.683647
-1.1326
-0.961584
-0.208031
-1.18454
-0.275704
0.0624603
0.322751
-0.419985
0.170124
-1.05531
-0.625871
-1.76719
-0.828113
1.48022
-1.19348
-0.62105
-0.394514
1.03051
0.577449
-0.228669
0.0447544
-0.0435185
-0.012394
1.73731
-0.460773
-1.71863
-0.574747
-3.07288
-1.81966
0.959583
0.760253
0.433636
0.138901
-0.198948
0.657874
-0.238819
-0.624957
0.189562
0.501255
0.476526
0.0776742
-0.875453
0.315212
-0.397382
-1.11083
0.385861
2.32504
0.0267294
0.80366
-1.88528
-0.242218
-1.86266
0.0201081
-0.319591
0.305537
0.157737
1.09661
-1.10901
1.50267
-0.934647
0.265862
0.061915
-0.56714
0.548729
0.733311
0.0475096
0.0605548
-0.396273
-0.30472
0.141552
-0.247878
-1.59238
0.472004
0.797295
-2.67013
0.870912
2.49249
-0.37517
-1.50889
0.305271
-0.233376
0.578853
-2.4205
0.885684
0.407083
-0.517415
0.107411
-0.0397581
1.29609
-0.736484
-1.50065
0.512892
-0.458973
0.458004
-1.10405
0.343187
1.12971
-0.731637
1.4798
-0.0191737
1.14018
0.337806
2.57216
0.743307
0.0494529
-0.653048
0.667808
2.2155
-0.988115
-0.0969982
0.449373
0.776075
0.213697
-2.35489
0.758131
0.340874
1.28309
-0.972395
1.05082
1.36318
0.657413
0.307294
-1.09807
-0.547989
-0.0505975
0.455996
-0.276138
-0.200003
-0.767724
-1.60889
-0.71832
-0.00315367
0.141467
5.66876
0.921577
0.397224
-0.40206
-0.999939
-0.902307
0.445265
-0.812607
-0.00996586
0.257262
-1.11085
0.191242
-1.02258
-0.719271
-0.726894
0.371735
-0.173963
1.66827
0.668681
-0.552949
1.55847
-0.181443
-0.474526
1.19117
-0.430439
0.290507
-0.0596009
0.977767
-0.369181
-0.501157
1.02098
1.34613
1.08564
-0.0882974
-0.00408926
-0.169403
0.217444
-0.78312
-0.884907
0.625332
0.175918
0.205904
0.68488
-0.762907
0.431705
0.284306
0.561472
-0.224187
-0.291714
-1.77199
-0.468866
-0.441988
-0.761236
-0.303824
-0.0383305
-2.48999
-0.602118
0.860339
1.22569
-4.90273
0.151663
-0.948007
0.660005
-0.168308
-1.29962
-0.821735
-1.52098
1.79363
0.463982
-1.43618
-1.16729
0.564983
-0.414088
0.408173
-0.899381
-1.44588
-2.73973
0.371551
-0.610912
2.40716
-0.247604
-0.100617
-0.139528
1.25001
0.210043
0.789555
-1.30306
-0.787108
0.377296
0.645375
-0.493278
-0.0598539
-0.259238
-0.503522
-0.129087
0.419175
0.504324
0.778067
-1.98225
0.527555
1.10123
-0.689315
0.769316
-0.398531
-0.76292
-2.19028
0.0455696
0.732692
0.4633
0.399999
0.366586
0.824398
2.01978
-0.452328
-0.350575
0.290947
0.314795
0.669154
-0.480744
-1.8369
0.432452
-0.770699
-3.91336
2.97256
-0.188851
-0.527545
-0.749844
-1.69759
0.951062
-0.850651
0.252552
-0.775738
-0.525274
-1.51825
0.397886
-1.03681
0.285555
0.082849
-0.823578
0.0690857
-0.942598
0.2875
-0.39522
-1.90004
0.583822
-0.383182
0.134242
-0.259349
-0.550855
2.01916
1.08212
-0.0564964
-0.0838186
1.11775
0.171679
-0.516834
-0.449114
-0.40941
-0.185627
-0.624667
1.35638
-0.25413
0.35673
1.54789
-1.09076
0.615258
0.522719
1.02947
-0.0184347
-1.54559
0.812618
0.905229
0.530858
-1.12583
0.625856
-0.189131
0.802236
-0.157544
-0.434771
-0.660733
0.437264
0.556909
0.185625
-0.250167
-0.828611
-0.112447
-1.58478
-0.0263864
-0.298888
0.969189
0.222494
-0.127849
-1.49167
3.06733
-2.09458
-0.282538
-1.02737
0.712733
0.646561
-0.466417
-0.825646
0.954415
0.00898047
-1.00824
-0.199424
-0.823953
0.656269
-0.882837
-3.26246
-0.509776
1.02933
0.522599
-0.532482
0.77084
-1.91115
0.023043
-0.63143
-0.708435
-0.753847
-0.27494
1.43773
-0.666887
-0.116713
-0.0286057
-0.194823
-1.8573
-0.896448
1.38816
-2.34144
1.23227
-0.283271
-1.04889
-1.15396
1.09434
0.249037
0.771796
1.36366
0.669223
-0.0848296
-0.853021
-1.36068
-1.03407
-0.389279
1.02268
0.0323509
-1.84575
0.22733
1.2831
-0.259133
-0.445281
0.562396
1.87131
-1.36402
0.166128
-0.0370559
-1.6145
0.0697433
-1.53381
-0.755992
-0.167205
-0.742568
-0.61779
0.0515319
-0.168035
0.5504
0.672482
0.512549
-0.482494
-0.71995
-0.973756
-0.128756
0.748052
-2.65413
-1.4969
-0.486637
-0.375935
-0.675065
-0.502823
0.277326
-0.642897
-0.226093
0.0119097
0.443912
-0.226608
-1.39242
-0.432673
1.63903
-0.784221
0.914863
1.58571
0.0571733
-0.769226
1.02892
0.0596891
0.707888
0.981054
-0.294815
0.0147991
-0.812359
1.36901
-0.182857
-1.15049
-0.601901
-0.26647
1.55475
1.02292
-0.459803
0.258843
0.683045
0.166497
1.31163
1.3707
0.848273
2.04201
1.56995
-0.336448
0.832684
-0.654283
1.64963
0.541095
0.569004
-0.190499
-0.391959
-1.96477
-1.43095
-3.38
-0.00926922
-0.188746
-1.12071
-0.76549
-0.396804
-0.555095
-0.949005
-0.341115
-0.521114
-0.137265
-0.327785
-0.552851
-0.73151
-0.654682
0.236959
-0.119395
-0.569724
1.11763
-0.335392
-0.572897
0.250482
0.615893
0.796609
1.43629
-0.510348
0.117962
-0.0272934
0.253924
1.56457
0.971573
3.5438
-0.617342
1.96811
0.325345
-0.958279
0.230976
-1.02327
-0.195765
0.166238
-1.84606
0.698143
-1.76542
-1.40547
-0.131232
-0.639349
-0.954635
2.1848
-0.984501
0.78134
0.601664
0.202967
0.632016
-0.253844
0.324635
0.0772272
-0.89492
0.665745
0.212442
1.72399
0.154503
0.252254
0.316905
-0.68827
-0.160444
-1.00392
2.8477
-0.0873983
-0.174787
-1.34815
1.98884
0.973041
0.441155
0.23566
0.834267
-0.546113
1.4877
-0.248504
-2.04415
0.178445
0.0290993
1.30633
-0.508861
-0.291165
-0.0562039
-1.01689
-0.397546
-0.00888995
0.928788
0.283891
0.169363
0.510578
-0.56693
-0.858511
-0.43922
0.399075
0.894179
0.796613
-0.15733
-0.451125
0.630486
-1.18547
-0.235533
0.0449873
0.58918
0.530171
0.170127
0.211515
0.713385
-0.661708
-1.32812
-0.309133
0.0898368
-0.272274
0.328077
0.686381
0.703947
-1.91293
0.630412
0.0823604
-0.0257997
-0.182918
2.16166
-0.145142
-1.14586
0.981697
-0.0628458
-1.03907
-0.317178
1.98033
0.620779
-1.53544
0.50449
-0.0600244
-0.732956
1.15219
0.23371
2.05999
-0.219487
0.516175
-0.319241
0.427165
-0.716745
-0.306929
0.458993
1.10788
-0.403434
-0.434007
-1.44338
-0.279167
0.126648
0.15424
0.283253
0.910922
-0.0719356
-1.43755
1.20534
-0.170791
0.361492
-0.233279
1.49301
0.792924
-0.103206
-0.640251
-2.76424
1.8194
0.718942
-0.157161
-0.357894
0.228631
0.326443
0.890336
-0.705893
0.808304
1.97405
-0.254898
-1.00617
1.51349
-1.3351
-1.14473
-0.0669769
-1.22806
0.00320259
-0.41088
-0.0842279
-0.318751
-0.232508
1.15189
1.28181
1.01807
0.206011
0.783313
-2.41525
0.350594
1.42978
-1.55555
0.0978047
0.121764
-0.418494
-0.322739
0.673195
0.209116
-1.16775
1.26635
-1.14505
-0.296031
-1.64563
-2.42176
-1.5263
-0.821757
0.995595
0.228516
0.0682959
0.144617
0.852807
-0.184562
-0.160586
1.56235
0.261275
-0.25002
-0.452669
-0.969541
0.00491835
0.278808
0.575594
-0.747631
0.28254
0.678455
-0.486909
-0.707614
-0.768689
0.504107
-0.540432
1.98708
4.41924
-0.133055
-0.126187
-0.0785703
-0.3603
-0.346807
-0.271362
-0.208078
1.03656
-0.0893694
0.464224
0.280079
-1.70624
-0.636818
-0.810788
-0.425723
0.594533
0.485957
0.148429
0.0493751
-0.10699
-1.80295
-0.91238
-0.765853
-0.998118
2.1801
-0.148409
0.281552
0.712423
-0.706905
0.433976
-0.0681822
-1.13601
0.163594
-0.110865
-0.0296393
0.254065
0.510047
-0.101965
-0.338646
0.0587564
-1.18934
0.650534
-0.0781787
0.180009
0.062933
0.554189
-1.38595
-0.371994
-0.0739613
1.04279
1.41835
0.00753268
-0.0742711
0.377906
-0.0847435
-1.5487
-0.782788
-2.6743
-0.486618
0.589001
-1.11092
-0.913706
1.41535
-1.14386
-0.704984
-0.0809728
-0.339846
1.20919
-0.948598
-0.232312
-0.539999
0.0772961
1.22422
1.63297
-0.627424
0.101855
0.22054
-0.166925
-0.113727
-2.5342
1.1801
0.757441
-0.762908
0.166035
-1.60546
-0.358695
-1.23775
-0.860304
-0.312709
-2.18552
-0.242867
0.848807
0.033933
-0.231631
-1.24245
1.82872
1.09386
-0.729442
-2.45969
0.109181
0.427776
-0.0719712
-0.54791
1.3655
0.0725596
-0.254658
0.968968
-1.27767
-0.848992
-0.430494
0.12667
0.67048
1.47259
-0.0202919
0.192137
-1.42566
-0.560685
-1.2321
-0.242279
-0.893443
2.307
-0.423829
1.59676
0.203445
0.47666
0.764205
0.99895
0.253403
-2.42457
-1.00961
0.00732122
1.08261
-0.264815
-1.34768
0.835278
-0.327758
0.506888
-1.0003
-0.562622
-1.31445
0.182143
-0.382362
1.46177
-0.0814696
-0.723363
-1.86508
0.608407
-1.9669
-0.100997
2.07574
-1.46089
0.656997
-2.1904
-0.575946
-0.0634857
-0.661094
0.652067
0.358078
2.97683
-0.558905
1.24859
0.166717
-1.35773
0.0219107
1.90304
0.00593001
-0.00813651
0.256421
1.47853
0.49365
0.278227
-0.392344
0.640745
0.394474
0.75062
-0.328437
2.45722
0.689656
0.419456
-0.0533278
0.489821
-6.27221
0.747275
0.512889
0.00290858
-1.18479
-0.845272
-1.80142
-0.0950726
0.428773
-0.910436
-0.707078
-0.696661
0.313001
-0.971178
0.243751
0.780391
-0.8402
-0.113662
1.35998
0.381585
-0.564782
1.07755
0.127781
-0.143942
-0.370132
-1.13255
0.258641
1.02098
-1.17511
-1.2009
-0.269725
-2.65625
-0.186963
0.114718
1.12537
-0.0494443
-0.292615
-1.11561
-0.58302
1.87935
-2.40226
0.342204
-0.092044
0.142609
-0.00273111
1.95775
0.124165
1.53115
0.133567
-0.216866
1.88996
1.093
2.34274
-0.471096
-0.64403
-0.187292
-0.0872181
0.439342
0.0313325
-0.184991
-0.0492378
0.445102
0.148623
0.509028
0.995971
-1.14336
0.130843
-1.05297
-0.417043
0.250833
0.647427
-0.395255
0.307728
-0.770014
-0.675252
-0.294085
0.318987
-0.69823
-1.25591
-0.0554502
1.03065
1.45665
0.0285777
-0.821399
0.199783
0.15939
1.47953
-2.12848
0.0236843
-1.14319
0.333587
0.848243
-0.496156
-0.226398
-0.0350189
-0.067529
-0.161413
0.00497763
-0.109484
0.71994
-0.973099
0.282658
0.684132
-0.00889785
2.41513
-0.506977
-0.101448
-0.118115
0.225559
1.32491
-1.17857
0.763731
0.872551
-0.365711
-1.93747
-2.77794
-0.269985
-0.620029
-1.21948
1.38283
0.114496
0.249348
-2.12326
0.891792
-0.907616
0.14899
-1.16559
0.948917
0.607226
1.59887
-0.591097
1.17318
0.111105
0.892255
-0.170849
1.24675
0.933748
-0.754625
0.227399
-1.57685
-0.341275
-1.14633
0.971552
-1.2353
0.149746
0.582132
0.057131
-0.923098
-0.451033
-0.153603
1.32065
-0.627934
-0.336349
0.366201
-0.0278496
-0.290759
0.533587
-0.216504
-0.0764718
-0.139281
-0.119352
-0.414177
0.997035
-0.404471
-0.500241
0.244078
-0.192157
-1.42695
-1.30441
-0.0580627
-0.1995
1.69961
-1.47706
-0.248783
-0.0080369
1.10629
0.57974
0.1285
0.544326
-0.740438
-1.096
-2.35474
-1.15248
0.523242
-0.0824747
-0.880904
3.51095
0.441272
-1.37459
-1.37982
0.845437
-0.112237
-1.05881
0.598912
-0.8951
-0.0499534
0.317058
-2.41714
-2.25025
0.166035
1.35113
-1.1288
-0.367889
-0.745021
-0.569605
0.54325
0.475597
-1.14762
-1.42034
0.120855
0.308763
-1.53234
-0.0607951
1.27305
-1.0287
0.59801
-0.234785
-0.694687
-0.132068
0.774584
0.0522605
1.23026
0.216764
-0.504104
2.71938
-0.00298101
1.28113
-0.432006
0.0639248
-5.23547e-05
0.434915
-1.34617
1.47985
0.899343
-0.294342
-0.151717
-0.554377
0.845469
0.380541
-0.105941
-1.39959
-1.9965
-1.03063
-1.86791
-0.870588
-0.951098
-0.76043
1.60323
-0.250838
1.06094
0.301058
0.924976
0.669839
0.451575
-0.491334
0.718326
0.125826
1.26711
0.491272
-1.69888
-0.423697
-0.0713259
1.06962
1.60661
-0.0447813
-1.13952
-0.499429
0.184432
0.299356
0.670551
-1.11648
0.642316
1.75401
-0.393513
1.18637
-0.515035
0.196553
0.0568839
0.696481
-0.112856
-2.83584
0.284149
0.915073
2.19599
0.0394115
-0.97442
0.705091
-0.288045
0.546386
1.35647
-1.76347
2.51052
0.019246
-1.59506
-1.45451
1.42663
1.99178
0.00648385
-2.05832
-0.431369
-1.79012
0.403179
0.416845
-0.654239
0.06367
0.658576
-0.0831402
-0.722412
0.734597
1.68337
0.2648
-0.284988
-1.39149
0.195322
0.0112835
-1.31255
-0.226707
0.890739
0.1299
3.51519
0.466065
-0.520549
-0.592688
-0.851313
2.56568
0.99543
0.146003
0.824163
0.0656275
0.583746
1.41901
-0.0981329
-1.99694
1.43904
-1.20245
0.512749
1.63941
-0.325065
-0.280547
-0.543668
-1.05657
-0.295152
-0.457664
0.44022
-0.626268
0.0988801
-0.0360063
0.482874
0.273612
0.618541
-0.589428
1.33885
-1.28253
-1.65818
-0.358004
0.104125
0.568398
-0.202629
1.15136
-0.867762
-0.521522
0.277808
-0.141834
-0.155594
-0.0192576
0.356332
1.09473
-0.276623
-0.181355
0.29978
0.0669056
0.571941
0.52121
0.29659
-2.20866
-0.784961
-0.00441909
-0.576289
0.694856
-0.787559
0.106233
1.24163
-0.0837778
0.85512
-0.089594
0.277046
0.484293
0.630524
-0.511997
-0.217915
-0.770294
-0.270694
-0.894482
0.295484
0.189009
1.40218
-0.601316
0.57483
1.62472
0.171008
-0.307959
-0.317599
2.0395
0.788911
-0.285165
-0.720146
0.610584
1.55103
0.657603
0.79911
-0.210513
0.213515
-0.0822395
-0.666338
-2.10331
0.486532
-0.198312
-0.308388
-0.0838065
0.248392
0.920165
-3.02382
-0.220675
-0.013339
0.806378
-0.763036
-0.714999
-0.260582
-1.19548
0.327445
-0.495196
-1.2622
0.734435
2.45325
2.05946
0.213736
0.0907944
-1.24964
0.0219713
1.15981
-2.09634
-0.440145
-1.56462
1.47655
0.149322
0.317751
-0.0756807
-0.0640377
0.738728
-1.10698
-0.526837
-0.759218
0.753292
-1.48941
-0.0508206
-1.7951
0.81668
0.53492
0.576222
-3.94131
0.139372
0.114001
0.461436
-0.368913
0.153258
1.12155
-0.517108
-0.183567
0.49413
-0.234141
0.0456646
0.246865
0.229306
0.0720854
0.0397368
0.00774678
0.926876
0.635411
-1.75717
-0.731691
0.958955
-0.643044
-0.440431
-1.02028
1.55027
-1.43575
1.21977
1.34656
1.71368
0.0681538
0.826027
0.884854
-0.0740352
-0.264404
-0.256389
0.786009
-0.581276
-0.856173
0.418663
-0.0759603
-1.40452
-1.21544
-0.00365416
-0.0744769
-0.595256
2.0932
0.135601
-0.373314
0.384933
0.0602914
0.183338
1.37126
-1.88594
-1.35972
0.178243
-2.57234
0.279727
1.59423
-1.22379
0.453511
-1.00959
-0.710195
0.0505193
-1.11285
0.0257948
-0.104882
-0.86123
1.35508
0.899093
-0.490603
-1.41583
-1.42168
-0.604416
0.273564
0.850371
-0.478914
0.747568
-0.360472
0.192057
-0.724762
-0.131946
0.367992
2.97527
0.00888217
-1.44626
-0.787294
1.65815
0.390537
-0.398433
-0.402671
-0.318549
-0.76109
1.11859
-0.182639
1.46695
-0.0756928
0.890807
-1.31797
0.435454
1.47136
0.401053
-1.30441
0.538958
0.104651
0.975425
-0.110255
0.531335
1.86286
-0.156466
-0.261214
-0.217729
-1.46946
0.782406
-0.867667
-0.721867
-0.568806
-0.612392
0.0908512
0.693305
-1.47057
0.0800933
-0.632775
-0.593975
0.563463
-0.457158
0.179068
-0.92441
0.485913
0.989857
-0.555169
-0.0477758
-1.45734
0.22767
0.948552
-0.0539845
1.09146
-0.889679
-1.00518
-1.10617
-0.88562
0.807407
0.95849
0.617349
-0.321752
0.0780731
-1.17506
1.01049
-1.39589
0.00891795
0.0454268
-0.411542
0.173348
0.0338692
0.0340333
-0.905406
-0.00797524
-0.0881939
0.141393
0.489467
0.648629
0.00636213
0.706905
-0.104788
-1.05017
-0.484896
0.497472
0.777616
0.845905
0.0800219
-0.367884
0.136533
0.119583
0.117465
0.456511
0.455248
0.1317
0.447117
-0.785803
2.14365
-0.242514
0.969426
-0.491872
-0.866343
0.682351
-1.8585
-0.229509
0.454374
-0.113874
0.920786
-0.264851
-0.519852
0.368526
1.87547
-0.0990716
3.07048
-1.24099
0.507505
0.132507
-0.506931
0.68151
0.264334
0.188734
2.31413
0.0968937
0.350483
0.086451
-0.126834
0.090273
1.07235
-1.25213
0.997815
-0.966506
1.5125
1.49451
-1.35278
-0.226609
-1.31899
0.306348
-0.663134
-0.0876291
-0.0610208
-1.44255
0.860815
0.156047
0.324428
-0.0256468
0.519339
-1.05869
0.0113478
1.61882
0.0959209
0.79214
-1.0937
0.346356
1.83761
-0.368404
0.486053
1.82174
0.192414
0.907714
-0.12719
0.266095
0.304074
-0.339203
0.101652
0.27623
0.0983083
-0.337595
-1.91973
0.432957
1.96291
0.549296
0.250346
-0.156037
-0.788116
-0.0122953
1.40993
-0.420109
0.465103
-0.605589
0.297157
-1.8915
1.44455
-2.44182
-0.267567
-0.846424
0.699732
0.52683
-0.692312
-0.129872
-1.3864
-1.14098
-0.426731
2.37611
0.13173
-0.311451
-0.780595
1.90866
-0.47247
0.107782
-0.718463
-0.432666
-0.560671
1.45184
0.170116
0.929976
0.0933693
0.136927
-1.62084
1.37256
-0.189185
2.34779
-2.32463
-0.452327
0.579281
0.0855797
-0.168833
-0.717426
-0.00660382
-0.352214
0.0708065
-0.734156
0.29695
-1.29415
0.343531
-1.1936
0.214284
-0.603206
-0.555623
-0.796004
0.477261
0.356173
0.663836
0.0747943
-0.679396
0.0906922
-0.150204
-0.621796
1.78715
0.112879
1.12634
0.710479
-0.424146
0.424483
-0.701256
0.102057
0.186048
-0.0995896
-0.407709
-0.742539
-1.2353
-0.420961
0.650742
0.383719
-0.0688582
-1.53189
0.43377
-2.46053
-0.10154
-0.17589
-0.0598135
0.844618
0.276738
-0.842752
-0.0664727
-0.38888
3.06451
1.36327
0.853806
0.359436
-0.102689
1.39048
-3.81495
3.00156
-0.085345
-1.10615
-1.7112
-0.434258
-0.132501
0.259395
-0.850246
-1.04437
-0.828209
-1.31577
-0.169541
-0.659589
-0.35035
-0.985552
-0.101153
-0.394307
-1.37539
0.0474251
0.113104
1.63475
1.17783
-0.920153
-0.286176
-0.347119
-0.554109
0.489182
0.833698
0.384783
0.507629
-1.21516
0.545803
1.59805
0.283706
0.221517
-0.280277
-0.386084
-0.55857
-0.690604
0.140994
-0.283778
-0.514886
-1.1494
-1.28151
0.0798425
0.488646
0.950734
0.810876
-0.555103
0.347878
-0.272451
-0.793451
1.02135
-1.14815
-0.311402
-1.33036
-0.784449
-0.189731
0.262754
-0.0714007
0.134352
-1.00309
0.572774
1.37561
1.73699
-0.540352
-1.03665
-1.24393
0.634231
1.00211
-1.34099
-0.319741
-0.647746
-1.51628
-1.61806
-0.173534
-0.906836
-0.288609
0.653583
-0.436229
-0.179672
2.95291
1.21732
2.19153
0.720583
0.184356
-0.394607
-0.461634
0.313347
0.493165
0.289923
-0.591037
0.0244337
0.0886528
0.248025
-0.199781
0.921542
0.166526
0.792368
0.585526
-0.932372
0.562706
-1.37552
-0.389105
-0.746394
-0.812335
0.483862
-0.048398
0.230248
-0.288291
-0.205195
0.549694
0.191472
-0.279396
-0.284594
0.490517
0.602144
-1.71265
0.210712
-0.064495
0.181022
-0.0539766
-0.51075
-0.207343
-0.222219
-1.42235
-0.63544
0.213309
1.30211
-0.494679
1.12288
-0.488773
-0.013293
-0.52767
0.756321
-0.0132284
0.00366409
0.618463
0.0698428
-0.442554
-0.0326051
0.520561
-0.241276
0.624085
-1.58214
0.641991
-0.655101
0.361867
-1.98852
0.220499
-1.13903
-0.461354
-1.23732
-0.321221
0.998785
0.244089
0.0292519
1.39013
0.306957
0.121126
-0.361052
-0.034061
1.67418
1.22901
-0.819635
0.281783
1.21139
0.2659
-0.978367
-0.281635
0.39831
-0.357345
1.27968
-0.879505
-0.410476
-0.979376
-0.139045
1.28283
-0.243324
1.33995
-1.41669
-0.155105
-1.44921
0.0237811
-0.123952
-0.155258
1.19015
0.179516
-3.14157
0.395823
0.961827
-2.45921
-0.330635
0.258665
-0.689672
0.115632
-0.341637
1.628
-0.385999
-0.463991
-0.449925
0.300181
0.600563
-0.778905
1.66081
0.145378
1.04059
0.461842
-0.824917
-1.45266
0.747188
0.144071
0.099961
-0.224253
2.28966
-1.53614
-0.210721
-0.610179
0.621849
0.00691745
-0.552779
0.460943
-1.08115
-0.571725
0.804296
0.0890458
0.862879
0.109367
0.514187
-0.17516
-3.07037
-1.21267
2.12747
0.0710597
0.94579
-0.075695
0.426334
-1.21799
-0.567396
0.126465
-0.242823
0.00919316
-0.403956
0.0913342
0.069786
1.54131
0.83792
-1.58555
0.705585
-1.79332
0.256668
-0.913423
0.573078
-0.879261
0.0479347
-0.299665
-0.132243
0.356638
0.0214993
-1.59303
0.278483
-0.4036
-0.42752
-0.498594
-0.821252
-1.69881
0.598363
0.190027
-1.57037
0.508223
-1.80111
-0.00103845
-0.697604
2.06073
0.282434
0.101837
0.0382077
0.135359
-0.424297
-0.517677
0.519208
-0.0142356
1.10628
-0.460097
0.507471
-0.691861
-0.208345
0.496676
-0.961544
0.0437925
1.03532
0.373208
-0.87496
-0.0801274
-0.117061
1.35942
-0.00467664
-0.206982
-0.253013
0.980007
-0.516333
2.10766
0.929777
0.298598
-0.551911
0.470863
-0.158623
0.744696
0.00806557
0.322272
0.248114
-0.136783
-0.848609
1.06086
-0.106094
-1.73987
-1.47691
-0.107154
-0.0601372
0.222899
1.80738
0.454519
-0.221661
0.461451
-0.766471
-0.79546
-1.71228
-0.593711
-0.17108
0.39841
-1.37761
-2.40063
0.483386
-1.99221
0.176026
-1.03504
-0.313504
1.12674
0.526601
-0.378057
-1.62486
-0.159513
-1.15659
-0.112378
1.55284
0.0675339
-2.21546
-0.419083
0.373373
1.22965
-0.211368
0.0317424
-1.46061
1.68163
-0.786017
-0.86386
-0.189226
0.332794
-0.378416
-1.31183
0.99125
0.411949
-0.897005
-0.291539
0.548617
-0.260631
0.359999
0.247048
1.35483
0.180811
0.813556
8.73792e-05
-1.53534
0.616019
2.84332
-0.580826
-0.212847
-3.08654
1.19058
0.408699
-0.923823
0.630423
0.0863009
-0.469837
-1.566
-0.336679
0.0169657
0.378203
0.0201947
-0.259785
2.89111
0.335601
-0.586592
1.23331
-0.423936
-1.07058
-0.319297
0.337422
-0.425247
-0.679692
-0.38189
1.73007
-0.00816572
-0.638484
0.511633
-1.98579
-1.80856
-0.105638
0.661169
-2.26202
-0.650408
-1.09367
0.0393496
-2.98723
0.0901147
-3.39562
0.56429
-0.507255
-0.180124
0.153619
-0.876403
2.10773
-0.413618
-0.292749
-0.180056
-0.650563
-1.02893
-0.939574
-0.858331
-0.658692
0.969314
2.11569
0.265053
-1.06669
-0.350789
0.235266
-0.0706618
1.08499
0.648243
-0.443357
0.237105
-1.62157
0.628491
-0.513213
-0.345902
-0.671913
-0.302313
0.267632
-0.0902116
-0.67288
0.686637
1.42152
1.05046
0.262528
-0.673817
-2.20432
-0.724452
0.0372282
0.0692524
-0.0370123
-0.761051
-1.44902
0.577539
0.0485375
1.6399
-1.19691
-0.00361514
-0.0673886
0.0601498
-0.42067
-1.01853
0.152751
-0.164599
0.384494
0.244688
1.42929
1.57627
0.87744
-0.690511
-0.142994
0.500025
-0.0125543
0.0633283
-0.139976
-0.0407798
0.0521448
-0.55748
-1.05345
0.0285809
1.49264
-1.71016
-0.411451
0.21808
0.636333
2.03499
0.436593
-0.456054
1.20019
-0.545925
-0.830087
-0.786515
-0.708971
2.07858
1.31538
-0.396001
0.867178
-0.173544
1.65478
1.03693
0.160275
0.512183
0.529096
1.75387
-0.881807
0.958054
-0.483009
1.69203
0.384376
-0.35474
-0.290823
-0.347142
0.0755252
-1.24056
-1.72915
-1.14438
0.407807
0.00665401
1.04161
1.4098
-1.37773
-0.144119
-0.66335
-0.10624
-0.0995349
2.17794
2.21307
0.871955
-0.218418
0.142985
-0.111091
-0.0839545
-0.122887
0.0186839
0.109475
-1.35845
0.495141
0.174005
-0.559496
-1.70763
-1.38836
0.0247338
-0.0317076
0.15504
2.10722
0.153565
0.377562
1.70285
0.450475
0.00261387
-0.782076
-0.798949
1.58412
1.87987
0.933567
-0.606982
1.51133
0.686989
1.87931
-0.426199
-0.218266
-0.706405
-1.03602
-0.0960357
-0.0149398
0.205873
-0.017217
-0.187363
-0.577305
0.056203
-1.52405
2.0105
0.536976
-1.09475
-0.401435
0.971666
1.70414
-1.29408
-2.61107
-1.95038
0.243845
-0.0192745
0.772966
-0.449317
1.65716
1.1648
-0.812314
-0.00718871
-0.0118628
-0.982144
0.442576
-0.024847
1.62215
-0.262819
-0.583167
-0.626735
-0.140951
0.646619
0.34315
-0.209353
-0.675563
0.242504
1.34662
-1.56819
1.54515
-1.25415
0.151668
-1.66009
-0.180792
-0.404249
0.864482
0.18085
1.52106
-1.46812
0.687904
-0.757029
-2.11765
0.135999
0.36846
-1.29732
-0.27393
-0.0817442
-2.76311
0.228775
0.687377
1.41937
0.207044
0.0679718
-1.07641
2.38079
-0.807772
0.0466265
1.10341
0.296369
-0.411126
-0.507437
0.116312
0.340764
-0.733977
0.0141833
-0.599589
1.24072
-0.0722755
0.659529
-0.159331
2.60101
-1.01174
1.97031
0.376188
0.67189
2.86628
0.042039
0.619832
1.17762
-0.945485
0.704463
-1.39421
-0.230309
-0.881604
-0.593368
0.814746
-0.816691
-1.46492
-0.839333
-0.599802
-0.198715
-1.2079
-1.49624
-0.131162
0.013399
-1.48888
1.11899
0.252333
1.33257
0.365709
2.61737
-0.00112645
0.200972
-1.29774
1.55193
-0.695828
0.0092382
0.287041
0.111453
-0.361522
-0.589624
0.156022
-0.539942
-0.230384
0.928174
0.363347
-0.982932
-1.27682
0.0441277
0.331884
0.616551
0.342901
-0.397166
0.294296
0.109922
-0.990746
1.08475
0.492253
-0.320513
-0.592673
2.56262
1.15104
0.417748
-0.0173772
-0.399677
-0.633873
2.41902
1.46887
0.94578
1.15321
0.494717
0.177261
-0.0708965
0.819482
0.547912
0.637733
0.806302
1.15896
0.0507649
-0.438027
-1.52849
0.371759
0.347026
-1.55747
3.13838
1.31026
-0.336637
1.95375
-0.285069
-0.446542
-0.272047
0.51458
-0.153272
0.0932267
0.168288
-0.290711
-0.42211
-0.72351
-0.4309
0.00821381
-0.395153
2.02931
-1.34865
1.53901
1.2378
-0.727634
0.0593737
0.242705
0.196841
-0.79939
-0.33957
0.356372
0.160059
-0.0345141
-0.407361
1.0546
-1.51705
0.430354
0.0804973
1.1426
-0.350331
-0.0622042
-0.0193857
0.313286
1.47768
-1.51976
0.104396
0.0025489
-0.741994
-1.50494
2.63996
-0.862156
3.8792
0.852134
0.376941
-0.052909
1.50357
1.20013
-0.489536
-0.667471
-0.622489
-0.830462
2.11404
-0.45836
0.26072
-1.99743
0.673813
-0.738123
-0.294868
0.522112
-1.46075
-0.189602
-0.0698804
-0.0100151
-0.473152
-0.24711
-1.22143
-0.704898
0.895057
0.964729
-0.350163
0.0679102
0.595989
0.972306
0.192223
-1.45949
-0.556978
0.876375
-0.14039
0.158856
-0.0624335
-0.300424
2.57686
-2.13223
-1.60396
0.856335
0.732692
0.39938
1.3391
-0.701299
-1.1213
0.118991
-0.126977
-0.864114
0.365164
1.50253
-0.480126
0.17598
1.31406
-0.842468
0.365966
-0.51617
-0.425435
-0.277117
-0.250064
0.966818
-0.820531
-0.0704327
-0.68979
0.0365454
0.516268
-1.51841
-0.980869
0.781803
1.30979
0.266182
-0.46638
-0.27856
-0.00509008
-0.615563
-0.518563
-0.0507901
0.69492
0.330192
0.459336
1.19132
-1.76462
0.487354
1.50669
-0.499317
-0.124921
0.377025
-0.364342
0.0857442
1.32125
-0.287246
1.16096
-0.0582223
0.958826
-0.0963802
0.17642
0.414674
-0.780712
-1.18135
-0.500911
-0.36799
-0.330706
-0.569347
0.665845
0.0295978
2.21846
0.0263049
-0.416446
-1.05766
0.949361
-0.700071
-0.533563
1.50995
-0.428806
0.444889
0.269197
-1.66648
-1.86269
0.141876
-0.42694
-0.862507
0.22954
-0.0258921
1.22974
0.670458
-1.57506
0.0659248
-2.61658
-0.982302
1.33883
-1.03229
0.266776
0.179085
0.0202098
1.96511
0.305718
-1.57322
0.600195
0.228154
0.1344
-0.0575644
-0.706405
-0.355505
1.49566
0.669549
0.868121
0.492929
0.450709
0.964605
0.592424
-0.276423
-2.23125
-0.766207
0.472985
0.217047
-0.184771
0.733578
-0.878495
0.0153156
0.846417
-0.0066864
0.324301
-1.17496
0.506875
-0.0302203
-2.20024
-1.09968
-1.67646
1.79856
1.36983
0.103954
-0.410944
0.563623
-1.19835
-0.589538
0.989086
-0.328649
-1.06427
1.73688
-0.171187
2.02999
-1.56633
-0.587209
-2.23236
0.78833
-0.503498
0.55084
-0.313327
1.39691
-0.605394
2.95114
-1.24947
1.08485
1.34228
-0.501082
-0.420213
0.200532
-0.482841
0.799515
-0.880083
-1.2581
2.6797
1.49673
0.624993
0.520038
-0.151348
-0.467878
4.27648
0.510959
0.489668
-0.614975
0.643862
0.114952
-0.0787
0.130846
-0.157416
1.20834
-0.0911115
0.158672
0.283169
-0.022421
-0.97783
1.35909
-0.248963
-0.353182
-1.06922
-0.503775
0.292238
0.519059
-0.404052
0.899653
-0.514207
0.607095
0.310806
0.58557
0.401558
0.539941
-0.494865
0.664268
0.0327127
0.933084
-0.279916
0.723569
0.0990342
-0.305579
1.44304
-1.71772
-0.0195799
-0.258301
0.358743
-0.109626
-0.004965
-0.785463
-1.02972
-0.546449
-0.182009
-0.9882
0.720815
0.750391
-0.925467
0.0536003
0.317913
0.121754
-0.204479
0.479232
-1.14642
-2.23381
1.06175
0.0875558
1.64594
-1.00682
-1.84954
-1.39002
0.137862
0.877154
0.382697
0.00320412
1.54194
-0.25747
0.131248
0.150024
-0.146314
1.05018
-0.188633
1.09339
-2.7665
1.48207
0.20757
-0.714491
-0.879598
-2.14139
0.0417304
-0.434275
1.66
-0.776275
-0.683388
-0.79016
1.54288
0.954565
0.417033
2.10687
-0.985499
0.480557
0.414099
0.227413
-0.719449
-0.300639
-0.190067
-0.388136
-0.800568
1.14442
1.23399
0.141096
0.499455
-0.279058
0.326105
0.117167
-0.00725297
-0.234101
0.623864
-0.0562512
-1.07464
0.995794
-0.707761
-1.70783
0.95289
-2.46436
0.382396
0.208766
-1.76012
0.0056818
0.0966556
-0.0644377
0.0240367
-0.236814
0.0628945
-1.29898
1.02295
1.96804
-1.25785
-1.13929
0.566112
-0.152766
0.599477
-1.53756
2.29221
0.334863
0.36183
2.01936
-0.502314
0.464486
0.0634781
-0.113241
0.236954
-2.02819
0.685384
-0.258251
-2.66623
-0.147999
-0.835998
-0.977333
-1.05748
-0.392488
1.79819
0.622574
0.321382
2.01685
-0.58122
2.00566
0.103882
-1.10825
0.208955
-1.14273
1.96841
-0.742604
0.438899
-0.388329
0.570855
-0.0402534
-1.02909
0.497642
0.297329
0.169539
-2.65272
0.528007
0.713964
0.866325
-0.793936
1.0631
-0.818182
0.630873
0.39174
0.306065
-0.824308
-0.0198408
-0.847082
-0.285498
-0.319252
-1.98504
-0.314881
0.540491
-0.794698
1.53193
-0.465812
-0.574701
-1.20534
0.852377
-0.204443
0.274659
-1.77439
-0.587403
-0.372019
0.692589
0.110107
0.393759
-2.28442
0.397546
0.0480709
0.143385
-1.48644
0.204705
0.395015
0.264237
1.69228
-1.77223
0.175004
-0.3749
-0.0971246
-0.618067
0.349038
0.963535
-1.7021
-1.55294
0.874443
-1.66404
2.25319
0.28699
-0.554141
-1.18216
0.18735
0.15739
1.14079
0.576502
-0.697472
-1.42599
-0.50752
-3.2525
1.06753
-1.41232
0.216069
-0.648801
-0.372579
-0.0930615
-0.441966
-1.3153
-0.576338
1.78764
-0.919215
1.52191
0.268778
-1.06979
0.751022
1.0124
0.357116
1.76145
-0.44722
0.615591
0.932803
-0.2596
-0.753978
0.641385
0.224761
-0.692633
1.46423
2.26089
0.729354
-0.597813
2.45517
0.954552
0.204565
-1.36716
0.219762
-1.06158
-0.387159
-0.97991
-0.163315
0.407764
0.18456
1.13301
-0.118308
-1.22641
-0.743209
0.500583
-0.483253
-0.335735
-0.169264
1.51759
0.489393
0.633921
-0.834451
-0.023362
0.700099
-0.409854
-1.49738
-0.84219
-0.61143
-1.29446
0.365708
0.198686
0.342731
0.216709
-3.54504
0.32684
0.159466
0.294019
-0.683299
1.52631
0.304626
-0.0939922
-0.396355
-2.18558
-0.0215835
0.843163
-1.20577
0.0265233
0.0289237
0.188957
1.0237
-0.478148
-1.8086
0.861189
-1.4828
0.12793
-0.27579
-0.322413
0.0850127
1.15225
0.596307
0.182046
1.21369
1.44701
0.983588
0.0323249
-0.658619
-0.503506
-0.64171
-0.443561
-0.00634421
0.0901079
0.490208
-0.0674221
0.618265
0.749737
-0.454058
-1.8909
0.0776693
-1.3554
0.433567
0.462337
-1.25295
-0.561636
-0.148009
-0.733381
0.528182
0.860992
1.08521
0.607676
-0.125905
-0.562203
-1.88195
-0.185068
-0.345711
0.0545217
-0.65748
0.0945553
1.24259
-0.408206
0.334461
-0.636243
0.704982
-0.569623
0.144265
-0.502467
-0.218435
0.309825
-0.762541
-1.4531
0.810319
0.944319
-0.541849
1.69017
0.42732
-3.34473
-0.846517
0.57069
0.0238736
-0.106272
0.155808
0.272742
0.406435
0.758543
0.421818
0.220448
-1.53899
0.500748
-0.38943
0.641783
0.445697
-0.517774
-0.562929
-0.223401
1.1339
0.377179
0.625499
0.841248
0.328642
-0.214039
-0.443491
-0.9178
0.423893
-1.07685
0.0246858
-1.03322
0.956107
0.463682
0.285549
-1.29585
0.209455
0.442353
0.181709
1.01973
-0.777719
-1.21717
-0.800502
-0.898428
-0.549878
-1.93551
1.03726
-0.941865
1.68973
-1.05859
0.0892325
1.07073
2.51007
0.903362
-1.12551
1.92729
-0.70326
-0.570521
0.348575
-0.592691
0.211113
0.029973
-1.00739
0.818899
-1.77787
-0.761904
-0.00598397
0.711657
-1.19604
1.89574
-0.260795
-0.449104
0.324161
0.482057
-0.386593
-0.232912
0.525493
-0.443999
-0.290947
0.348112
-1.47131
0.983989
2.55153
0.94389
0.0821194
-2.10648
1.99326
-0.58872
0.248819
0.109316
-0.474776
2.41062
-1.08032
-1.05106
-0.209458
-0.122497
0.010425
-1.35052
1.11422
0.395998
0.281554
-1.12856
-0.00137342
-1.28038
-0.239462
-2.06338
0.0664056
1.58638
0.963422
0.246093
-0.130719
0.069367
-1.45018
-0.996335
-0.489103
-0.8109
1.17266
-0.469749
-0.448912
-0.451207
-0.232077
1.04768
-1.43745
-0.62888
0.385097
-0.155754
1.10459
0.0205601
-0.935813
0.62225
0.262011
0.582382
1.17677
0.666077
0.168702
-0.25602
-0.00319499
0.111582
0.943579
0.873904
-1.25043
1.43863
-1.24168
1.30433
0.27089
-0.319474
0.644033
-1.30022
1.98593
-1.81142
0.436314
0.45276
1.55699
1.08499
0.386863
0.801165
1.39751
-0.977378
1.13587
-1.90306
-0.343908
-0.262501
-0.288038
0.660714
-0.983109
-0.668098
-0.223947
0.8667
2.09215
-0.879883
-0.673421
1.54225
0.253336
0.998521
0.488435
1.88989
1.50858
2.29272
0.4492
0.100197
0.718278
-1.88203
1.46813
1.28591
0.96978
0.278988
-0.0726999
-3.55981
-0.781875
0.152451
0.514704
-0.0865474
-0.472844
1.70293
-1.28421
0.920102
-0.229623
0.665722
0.374626
-0.607021
0.771572
0.839609
-0.108592
-0.551378
1.48064
-0.378208
-0.5648
0.827393
2.05706
0.673287
-1.25566
-1.57849
-0.982356
0.499483
-1.32327
1.21583
-0.492005
-0.693893
-0.777606
0.844267
0.22548
1.4607
0.0245401
1.79772
-0.170231
0.62545
0.272176
0.622871
0.83067
0.171431
-0.116976
0.773217
-0.592743
-0.525598
-0.552098
-0.771948
-1.29407
0.356339
0.533212
-0.641434
-0.834169
0.44852
1.31022
-0.589114
-0.31408
0.394316
0.721024
-1.02571
1.30159
0.0950949
1.36873
-0.535113
0.384517
1.33437
0.0221071
1.30153
1.30627
0.330923
-1.23764
0.561424
-2.86414
-0.345509
2.26536
1.64816
1.54387
-0.339334
2.16839
-0.0245338
-0.127526
-1.75015
-1.31751
-1.03001
0.579314
-0.343535
0.88916
0.350449
0.516127
0.91774
0.542831
-1.9432
-0.708349
0.805369
1.32966
0.418078
-1.15654
-0.239214
-0.384795
-0.110971
0.4744
0.340915
0.277343
-1.47057
0.572365
-0.761815
0.156692
0.469859
0.656179
-0.264254
1.67904
0.837809
-0.00575974
1.53331
0.572636
-1.45332
0.502252
1.9914
0.287993
-0.0348466
-1.06933
2.42549
1.29822
0.178377
1.05498
-0.497184
0.174711
1.68963
0.231194
-0.163808
-0.147018
0.597721
0.830019
-0.355122
0.411733
0.505749
-0.568425
-0.109543
2.04804
0.0581225
-0.644269
-0.0909704
-0.520316
0.499527
-0.320523
-0.614914
-0.750557
0.596671
1.00897
1.20857
-0.934205
-0.344639
-0.212917
-0.159784
-2.30488
1.23616
-1.40845
-0.0702913
0.686154
0.447488
-0.517317
0.733893
2.0376
0.252965
-0.260753
-0.0889779
0.233138
-0.668528
-0.474095
0.806528
-0.16432
0.818519
0.00821287
-0.492334
0.424107
-0.0349633
-0.321152
-1.57103
-2.73348
0.692804
0.303572
-0.0245228
0.605041
0.6472
-1.42839
-0.782744
-0.332164
-0.652241
0.0319687
1.59554
1.16857
0.446297
-0.98924
-0.320421
-0.299724
-2.85836
1.77
-0.57179
1.08368
-0.495188
-0.902752
1.72848
-0.139004
0.490471
1.73103
-0.275434
0.440938
0.449289
-0.257397
-1.08867
0.433103
0.0051077
-0.739996
-0.498821
0.00498184
-0.316771
-0.450868
-0.306243
-0.338091
0.179874
-0.99561
1.78819
-1.50813
-0.116279
-2.57058
0.145459
0.719149
0.153639
0.550298
-0.192346
-1.91641
0.185003
-0.358973
-1.0321
0.281163
0.409028
-1.53512
0.321711
-4.32415
2.24722
1.33969
-0.0590284
-0.866281
1.16006
-0.895792
-0.859216
1.02872
-0.206735
0.00323294
0.948949
-0.54907
0.460245
-0.174525
-0.657883
-0.523381
0.313228
0.397851
-0.0534398
-2.67437
-0.319297
-7.59035
-1.30957
-0.495943
-0.541031
-0.18174
-0.966174
-1.15494
-1.448
1.19262
-0.108378
0.460949
-0.391505
-0.138159
-0.643676
0.278395
0.784766
0.199944
0.433238
0.677824
0.426313
0.223907
-1.25984
0.00785334
0.769243
1.39879
-0.0113906
0.20454
1.99576
-0.589518
2.5004
-1.11203
-0.186721
-0.061749
-1.43453
1.56538
0.415899
-1.48054
-0.475812
-0.576166
0.784716
-1.80417
-0.207488
0.886912
-0.0570359
-1.75551
-0.221921
1.65385
-1.794
-0.384033
0.0579266
1.37465
1.34373
0.92266
-0.732835
-1.61425
0.710878
0.570189
-0.599814
-0.317007
0.146233
-0.512931
1.00498
0.0194519
-1.38578
1.03
0.688144
0.347983
0.142829
-1.85998
-0.433494
0.134378
-1.3165
-0.809881
-0.297841
-0.136228
1.92469
-1.37981
0.658528
-0.488297
1.66246
0.741447
-0.170421
-0.332139
0.285984
-1.12895
0.526637
0.798988
2.15789
0.788568
1.30114
-1.83896
-0.555046
-1.0862
1.82515
0.295946
0.900133
-0.0874501
0.661926
2.2692
0.214307
-0.00548701
-0.0347928
0.897312
-0.0958442
-0.258568
-1.2005
0.673603
0.52988
-1.93818
-0.454363
0.577174
-1.20607
-0.614664
-0.799974
0.0898092
-1.03872
0.770889
-0.0890047
-0.0610351
-1.1993
0.520914
0.484753
-0.546764
-0.894909
-0.182289
-0.502142
-0.0258295
-0.107814
0.442292
-3.42649
-0.554755
0.112589
-0.177282
-0.90819
-2.31588
-1.47754
-0.0313781
-2.15289
-0.139972
-0.554447
2.27382
-1.4624
-1.51139
1.08777
-0.0319664
-0.214658
0.820802
0.66435
-0.15708
0.0404196
-1.02001
-1.51444
0.943736
-2.44669
0.268907
-0.0220546
0.324996
-0.549861
-0.224659
-1.30081
-0.327783
-0.494173
-0.418869
-1.80036
-1.2813
-1.16953
-0.614283
0.109505
0.67849
-1.12448
0.457882
1.51175
-0.877651
-0.682374
-0.643273
-0.112013
0.516044
-0.0553755
-0.64053
1.14061
0.89421
0.123501
-0.0120688
0.421344
0.867625
-0.631085
1.62714
-0.11127
-0.18131
0.44278
-1.88764
1.56843
0.274213
0.0614725
0.396516
-0.0289688
-1.11809
-0.394629
-0.0803144
1.33035
-1.66651
-0.919807
0.932866
0.078559
0.959261
0.0980503
-0.63951
0.0629995
0.121072
0.140717
-0.438632
-0.948062
-1.2907
-0.148894
0.308611
-1.19305
-0.550576
-2.28308
0.0985409
0.453031
1.10073
-0.648261
-1.09585
-1.43155
1.48901
0.872679
-2.33411
-0.752017
0.179969
0.0682009
0.87692
-0.0615846
-0.407666
-5.25771
-0.47775
0.290997
1.06107
0.183781
-0.321883
-0.67258
-0.747105
0.410034
-0.658765
1.77071
0.190075
0.523107
0.773949
-0.903885
1.3241
-0.119049
-0.638457
0.300487
-0.156001
-0.871669
-0.831857
0.388642
0.0901539
-0.262959
-1.52604
-1.03801
-0.0800209
-0.86505
-0.000660911
0.109516
0.527847
-0.923716
0.391032
-0.180531
0.641374
-0.303642
-1.05573
0.365442
-0.654844
0.242444
1.43436
0.0421087
0.194482
-0.00975848
-1.11186
0.893761
-2.18568
-0.449688
-2.1357
0.263167
0.357459
-0.662849
-0.372623
-1.01717
0.156548
0.0246778
1.09423
-0.854941
-0.150572
-1.00265
0.261584
-1.00001
0.679141
0.114161
0.553818
-1.38839
0.281046
-1.23882
0.226485
-1.14923
-0.0412277
-1.20958
1.14775
-0.903624
0.1838
1.9391
0.711635
1.96356
-0.073313
0.236807
-0.133372
-0.178444
-0.704031
-0.733146
-1.01077
-0.129926
0.77987
0.899404
0.269517
1.59956
-0.219936
-0.249119
1.31884
0.160311
-0.554044
0.90963
0.00270581
1.015
0.103177
-0.128176
0.436342
0.762453
-1.4854
-0.612627
0.204834
-0.525231
0.114199
-0.0083546
0.8374
-0.461181
-0.342128
0.0320342
-0.175771
1.55641
-0.147746
1.10766
-1.44629
0.894807
-0.348589
-1.83709
0.00845791
-1.06639
-0.0999826
-0.187909
0.765316
-0.289305
-0.307245
0.313039
-0.669322
1.40261
-0.720932
-0.102315
-1.789
-0.719349
2.16077
0.295798
0.349084
-0.447857
0.42568
0.591874
1.83752
-0.0436915
-0.0227906
1.13103
-0.551083
0.460696
4.43258
-0.465929
1.63771
-0.407827
-0.862302
-0.21179
0.253659
0.00484959
-0.927063
1.77167
0.171991
-1.32301
-0.593449
0.464951
-1.27152
-1.87851
1.40136
-0.117351
-0.698386
-1.08778
-0.611778
-0.565684
-0.282779
-0.463353
1.01139
0.607624
1.24494
-0.0395448
1.34717
-1.35562
1.66552
-0.775578
-0.0233796
-1.29263
1.79137
0.365554
1.05985
0.259338
0.299664
-0.229467
2.14706
1.0104
-0.703239
-1.04112
0.0891358
1.86823
0.100816
-0.432657
-0.841428
-1.02451
-0.123555
0.395807
0.778907
0.148946
1.62448
-0.734582
1.31693
1.82632
0.807168
-0.408397
0.504331
-0.0681134
0.467604
1.54302
-1.34874
0.328805
-0.216093
0.13258
0.213743
-0.105365
-0.0821864
0.690492
1.33518
-1.14069
0.101122
-0.897077
-0.35219
1.23818
-0.468328
-0.0684685
0.0949032
-0.818688
-2.01115
-1.25297
0.622567
-0.801722
-1.29253
-0.0204122
0.456174
-0.880933
1.46239
-0.165631
-0.337234
0.492775
-0.917437
-0.319647
0.134601
-0.475616
-2.31078
-1.36616
1.30896
-0.228555
-2.17726
-0.0461712
-0.645588
-0.0202239
-0.191815
0.398119
-0.902286
0.706579
-0.113212
0.303073
-1.04733
-1.17988
-0.0640332
1.98834
-0.0527144
1.13882
1.67455
1.10202
0.256052
0.243094
-0.00857377
1.68107
1.1401
0.427208
0.0787402
0.169997
-0.102955
-0.921125
0.115673
1.49586
0.377147
0.48433
-0.156417
0.208513
0.855501
-0.753929
-0.574548
4.98571
-0.425537
-1.34683
1.28868
0.680734
-3.90368
-2.38149
-1.13156
0.882185
-0.124505
-0.157109
-2.2802
-0.992815
-1.93037
1.01761
-0.0734433
-2.70709
0.135762
0.413187
1.31929
0.461012
1.19498
0.778795
1.3071
1.01964
0.670297
0.141997
0.737916
1.05899
0.621704
0.642427
1.95561
-0.265186
0.436469
0.742945
0.888334
0.902196
-0.376356
0.188582
0.00767507
-1.63342
1.60163
-0.556044
-1.31369
1.59808
0.821578
-0.165245
-0.17709
-1.54227
-2.26374
-0.212014
-0.302846
-0.131498
-2.10733
-1.00401
0.081594
0.6768
0.131646
2.36276
-1.26551
0.361204
0.354981
1.18923
0.0329765
0.186475
0.337183
-0.697672
1.64894
0.58675
0.0175061
0.32197
0.240994
0.498314
0.146297
-2.21636
-0.772479
-1.21084
-0.202183
-1.27518
-0.269738
-0.0611002
-1.42535
1.80003
-1.08375
-0.604936
0.115898
-0.276714
0.986089
-0.608445
-0.0332252
-0.129193
0.615332
-0.358549
0.285046
0.571826
0.551227
-0.32495
1.26784
1.15031
-1.92343
0.466479
0.382542
-0.140069
-0.905539
1.61789
0.655276
-0.334055
-0.28906
-2.41096
-0.197047
-0.754977
1.08914
-0.214
1.51976
-0.903408
-0.333465
0.196247
-0.201052
-0.466742
-0.0378541
0.106029
1.11749
0.633542
0.212682
1.64662
0.764173
0.361991
-0.248985
-0.269877
-0.066245
-0.999801
-0.399991
1.15211
-0.67265
-1.73539
0.593243
0.560503
0.589871
-0.184852
-0.118622
-0.429426
0.648629
-0.176271
1.87129
-0.933604
-2.69423
0.700272
1.61183
0.625666
-0.795574
0.403574
-0.809848
-0.338848
-0.014832
-0.803663
-0.800318
-0.0208425
0.212833
0.198205
-0.574407
2.1503
-1.15507
-3.1812
-1.16664
-0.874604
0.024411
-0.253187
0.0175137
-0.663478
-0.671237
-0.0736918
-0.30496
0.950135
0.514609
0.683921
-0.165602
-0.151043
-0.314695
1.64244
1.33432
0.635889
-0.127503
0.466131
0.564722
0.117329
-0.0373112
2.42179
-0.797081
-1.43741
-0.424957
0.258394
-1.52289
-1.03031
0.374116
3.02571
0.408887
-1.76522
0.237026
0.0352122
-0.091604
0.242381
-1.20049
-0.438346
0.098334
-0.96269
-0.662205
-0.467136
-0.723515
0.95915
-1.46197
1.97112
-0.47609
-0.0140589
-0.336063
1.70741
0.519734
2.82871
-0.619219
-0.554906
-0.799732
1.83001
-0.321342
0.215031
-0.618609
-2.51557
-0.17888
-0.184066
-0.854841
1.42586
-0.272912
-0.411409
1.08181
-0.499547
0.5351
0.441507
0.431711
0.14462
-0.110006
1.92536
0.0625184
0.406922
0.138362
-0.891516
0.613823
-3.35022
0.794356
-2.35036
0.270075
-0.0861845
-0.169164
-0.964263
-0.764907
-1.43164
-0.785126
0.0891753
0.0181495
0.594125
-0.0291331
0.130044
-0.274515
-2.07847
0.219926
-0.329397
0.525076
0.0635545
0.623174
-0.00530131
0.461128
0.355269
-0.230849
0.236309
-0.368473
0.500629
0.291061
-0.516298
-0.323625
-0.952291
-0.0287447
0.185716
-1.34224
-0.557439
-1.31894
0.0513008
-0.966046
0.668752
-0.442993
-0.333355
-0.0325638
0.665432
-0.955456
-1.55746
-0.229347
-0.14718
0.175692
0.302216
0.533895
-0.520571
1.70628
-1.3832
-1.38623
-0.0585497
0.900893
0.124949
0.285272
-0.646989
0.344677
0.450046
1.1435
0.071648
-2.4539
1.11441
-0.107479
1.01254
0.353234
0.478736
0.212422
-0.941897
0.452596
-1.65606
-1.6162
0.780896
0.010989
-1.21874
0.353336
0.0715625
0.377398
1.82125
-1.44286
-1.59869
1.3075
0.697046
-0.560766
-1.89673
0.781018
-0.399823
0.282473
1.95204
0.472338
-1.57334
0.98784
0.0897831
-0.255376
0.299901
-1.16953
-0.12885
-0.293742
1.00776
0.186717
0.0118378
1.58343
-0.0288291
-1.47268
0.230625
0.788806
-1.72659
0.260343
0.243223
0.865077
1.60826
-0.487515
-0.616541
-2.88587
-1.9524
0.703489
0.183733
0.739203
0.833776
0.460211
0.195705
0.332622
0.384374
-0.737352
0.709766
0.265648
-3.62841
0.262639
0.0244778
0.300097
0.134023
-0.939487
0.447058
0.831891
0.566243
-2.76835
0.384926
-1.3898
0.104007
-1.22033
0.0689857
-0.0447261
0.167056
-1.01517
-1.43581
-1.07507
-0.759919
-0.595338
1.43279
-0.309603
-0.791344
0.211505
0.388538
0.288797
0.42722
0.700336
-0.595572
-0.587023
0.0680539
-0.213433
0.165561
0.166927
0.0567126
1.92898
0.778653
1.42216
-0.704776
0.371117
-0.251664
-0.516246
1.23899
-0.0643733
0.0572553
-0.670563
1.60752
-1.91867
-1.62736
1.84086
0.865352
-0.26983
-0.574517
-0.768781
1.70033
-0.950803
-1.62561
0.29062
0.441963
0.334494
1.25424
0.991809
-0.583397
-0.31083
0.806607
1.22174
0.133692
2.05619
0.29699
0.182617
-1.48593
-0.360792
1.82117
-0.354482
-1.72445
-0.00994
-0.487833
-0.353268
0.97966
-0.0444131
1.61608
-3.0972
2.50033
0.48634
-0.824569
-1.47695
-0.931196
0.0828092
1.0486
1.0322
0.0163601
1.66467
0.345958
-0.915847
-0.452454
-0.454482
-1.21562
-0.151149
-1.86091
0.135365
-0.370867
0.0883085
0.719041
0.284517
0.094297
0.268042
-0.12672
0.924037
0.577112
0.703965
-0.44443
0.699159
1.07636
1.01853
0.869185
0.818288
0.868003
1.54624
0.0637426
-0.751496
1.02987
0.251849
0.771002
0.216077
-0.504845
1.58881
0.658247
-0.324102
0.593543
-0.011215
0.236841
0.00731848
-0.195276
0.888653
-1.28395
0.353228
-0.621122
0.0972496
-0.372552
0.473421
0.575798
-1.73716
0.392495
-0.970494
1.62844
0.271519
-0.18254
-0.58952
-1.97541
0.805323
0.236627
-0.573069
-0.708384
-0.800946
0.189138
0.629606
1.24597
0.459172
-0.45677
1.01583
0.631707
0.0656513
-1.12698
-1.48364
1.17691
0.306852
-0.505931
-1.23511
0.434616
-0.2337
1.14641
-1.48482
0.91155
-0.325048
0.428619
0.303832
-0.762736
1.64559
-2.05094
-0.458721
-0.208045
0.186472
-4.32894
0.433507
-0.220329
0.123031
1.43906
-0.562198
-0.267667
-0.224639
0.548497
-1.0133
0.677185
-0.707468
0.94527
0.548352
0.559102
-0.114739
-0.238872
-0.455577
0.82752
1.65872
0.494522
-0.419863
-0.0907503
-0.82202
0.255073
0.0297394
0.14936
1.22513
-1.42841
0.0436647
-1.31845
0.467645
1.13673
0.979159
0.330471
-0.536141
-3.31903
-2.15747
0.43754
0.114192
0.323232
0.374574
-1.33549
-0.903959
-0.58279
-0.392417
-0.190137
1.40837
-0.561482
-3.10905
0.60512
1.0466
0.74387
-0.119591
0.194606
-0.292785
0.180568
-0.895466
0.36724
1.69991
0.928378
-1.80066
0.458087
0.235765
0.340739
-0.115207
0.605094
0.600359
-0.0436087
-0.389506
1.04365
-0.914793
-0.399672
1.81464
-0.226386
-0.345978
1.39873
-0.494002
-0.612332
0.0629684
1.11162
0.268061
0.783598
-0.788334
0.042785
0.340663
-0.418735
-0.645036
-1.44751
0.474017
1.94523
1.39989
-3.29759
0.172405
0.433478
3.40643
0.94954
-1.3935
0.0793417
0.80509
-0.322314
0.53401
-1.9574
1.83621
-0.6285
-0.162347
0.517207
-0.375669
0.0952025
4.23567
0.0112057
0.150975
0.0351169
-1.67399
-0.829115
0.266079
0.695464
0.346661
0.331283
0.169819
-0.504759
0.209656
0.820032
0.660184
0.447912
-0.368733
1.5454
0.967317
-1.21282
-0.483101
-0.522889
-0.714207
0.828574
1.20404
-0.709625
1.49299
-0.599757
-0.74737
2.68142
1.46687
0.948549
-0.540372
0.173012
1.46627
1.36748
-2.54455
2.23381
-0.265658
-2.10739
-0.205272
1.46967
0.024023
0.802203
-1.18422
-0.280918
0.116276
-0.82125
0.637648
0.321983
0.19954
0.283844
-1.87013
-1.13758
0.0276965
1.688
1.76069
1.14036
0.171941
0.240708
-1.06127
0.257079
0.891736
0.151633
-0.794392
-0.170458
-0.394715
1.06451
0.867293
-0.0709855
0.0345839
-0.272148
-0.760824
-0.446606
-0.0745114
-1.87844
-0.56704
1.76202
-0.397549
0.19054
-1.79041
-0.184979
0.0861928
-1.93095
0.288421
-0.10792
0.657914
0.80978
0.841435
-1.43863
0.918347
-0.60331
-0.219285
1.37894
0.067589
-0.669121
0.050661
0.685227
-1.01531
0.37849
-0.0743948
-0.826426
-1.07425
-0.182766
0.993136
-0.785098
0.13623
-0.0632659
0.144543
0.260584
0.449976
1.72152
-2.41894
-1.76514
0.265188
0.68552
-2.07905
1.76089
0.982421
0.389738
0.762679
-0.181196
-0.688932
0.473574
-0.140428
-0.538929
1.92585
-0.596356
1.74046
1.14935
3.07829
-1.33134
-1.59211
-0.273967
0.814686
0.153731
-0.011502
0.545508
-2.05187
-0.16754
-0.1683
1.02575
0.0401714
-1.64058
0.0487686
-0.717358
0.473816
-0.33073
0.904557
0.813913
0.944213
-0.526873
-0.68933
0.171956
-0.364342
-1.95443
1.36852
-0.0110371
-0.35086
1.26434
-0.512749
1.53577
0.918076
-0.388531
-0.0186438
-0.372813
-0.552357
0.179582
0.261161
-1.30334
0.132849
-0.289634
0.614444
-1.44664
1.22007
-1.58458
1.14862
0.0544863
1.85099
0.292746
0.680897
-0.376856
-0.516771
2.24115
-0.0893139
0.217987
0.577882
1.13717
0.788355
-1.07791
0.265576
-0.698812
0.218812
1.39663
2.18678
-0.754831
0.0826277
-0.0663199
-0.186319
0.601091
0.139693
-1.82636
-2.09666
-0.316804
1.48414
-0.0620881
0.461
2.48933
0.128922
0.364895
-0.357577
-0.0619097
-0.48341
-0.461904
0.753808
0.189362
-0.72
2.35171
0.29842
-0.426089
0.251274
0.394703
2.83217
1.42671
-0.307659
1.01444
1.82991
-0.680618
-0.0820454
0.666104
2.11004
-0.613701
-0.609158
0.0458733
0.526309
-0.0664605
-0.301179
-0.536261
-0.491688
0.947907
0.429177
0.0779748
0.126922
1.29034
0.332369
-0.498084
0.368416
-0.937276
1.82632
-1.34178
0.198213
-0.116584
1.00233
-0.0816231
0.0258538
0.241207
0.66164
-0.296327
-2.07577
0.268761
1.09014
-0.926116
-1.53481
-1.2003
-1.6139
-0.255617
0.572799
0.90496
0.690993
0.00765676
0.600633
0.650538
-2.92035
-0.139211
-0.534193
-0.268852
-0.746001
-0.856314
-0.262192
0.242272
-0.628905
-0.391247
-2.6226
-1.44672
0.320807
1.0784
-0.350285
-0.411372
-1.04314
2.00666
0.111572
-1.75039
-0.826463
0.672537
0.239146
0.147908
-0.238099
-0.326136
-0.954451
2.35958
0.290427
0.318289
0.106147
0.143467
0.313952
-0.222331
-0.477396
1.33839
-0.442145
0.578649
0.337144
-0.594418
-0.60014
-1.58004
0.10458
0.0448902
0.857033
0.103196
-0.702606
-0.530028
2.58167
-0.940443
1.86199
1.26072
-0.630453
0.233936
-0.54369
-1.3715
-3.52677
-1.56928
0.904062
0.420501
0.855622
0.0490482
-1.01393
0.386383
-0.307655
-0.0880514
-0.140472
1.13405
0.8558
0.396871
-0.936836
-0.285091
-1.08982
0.425071
-0.0654933
0.387241
-0.0909068
1.00229
-0.553889
-0.462301
-0.177635
-0.0712316
-0.931922
0.796576
-0.430326
0.661545
0.271837
1.46417
-0.282417
0.402101
-0.0896279
-0.125449
1.81005
0.579741
0.805753
-1.4656
-0.149065
0.463152
-0.795685
0.521024
-1.3459
-0.0260867
-0.57344
-0.632286
-0.492638
-0.124019
-0.255057
-0.512214
0.384369
-1.05018
-1.61692
1.07169
1.49304
-0.0965298
0.161445
-0.583676
0.254908
-0.723614
0.314454
-0.962577
-0.00606227
-0.44667
-0.291503
1.18779
1.03926
0.713734
1.48634
-1.27627
-0.551347
0.577554
-0.235714
0.138167
-0.0288368
0.196536
-0.0490595
-1.14465
-1.71639
-0.662075
1.37132
-1.86985
0.146367
-0.992083
0.646106
0.478573
-2.40746
-0.327582
-0.113389
1.22075
1.00633
-0.839004
0.0895031
-0.164118
0.127616
0.0843914
1.60092
0.172783
0.45036
-0.0838832
-1.21318
1.83331
0.257902
-0.00179937
0.742557
-0.348291
0.13655
-1.12917
0.858474
0.437728
-0.653922
0.128413
0.0831686
-0.166942
1.23439
0.13767
1.81206
-2.34515
-0.658114
-0.705964
1.48463
-0.316285
-0.389055
0.181956
1.41023
0.0419528
-0.737169
0.140448
-0.106381
0.355625
0.0275883
0.196194
-0.179243
-0.248727
-0.36872
0.00412007
-1.79464
-0.0137194
-0.749653
0.954472
-2.53366
0.0324433
-0.00879131
-0.354459
0.504756
-0.266753
0.430792
-0.870509
-0.756884
0.300688
0.0553223
1.49795
-0.371539
-0.409629
-1.21702
0.466527
0.741162
0.752905
-3.07427
-0.00498577
-0.81567
-0.385319
-0.116406
-0.264761
-2.50321
0.931624
1.39695
-0.36245
0.30544
0.501436
0.681453
-0.53821
0.936492
0.113182
-0.355253
1.27653
-1.14601
-0.401521
1.66188
0.278391
-0.773658
1.61783
-1.03402
-0.22954
0.422831
0.633814
1.96978
-0.518267
0.137063
0.848196
-0.499131
-0.422706
1.96734
1.25293
-2.10644
-1.80637
-0.940428
-1.86133
-2.78499
1.34874
-0.365063
-0.0241705
-0.448542
-0.954744
-1.42967
-0.167065
-1.06638
-0.635538
-0.0224379
0.381197
0.0463402
1.03899
0.338234
0.462522
-0.670945
-1.15248
-0.0414866
-0.0593875
0.430309
-0.708635
-0.387717
0.386583
-1.0087
-0.472108
0.732287
-1.07144
-0.925763
-0.121857
-1.1503
-0.243827
1.49626
-0.386456
-0.351374
0.432756
0.80405
-1.13684
-1.28351
1.25524
0.784516
0.956858
-0.44602
-0.381385
-1.19066
-0.145941
-0.21782
-0.487695
0.779616
-0.450404
-0.317618
0.0854546
0.358938
-0.761167
0.84825
0.7649
2.02088
-0.0972806
-1.22413
-0.156194
0.0198471
-0.503232
-1.50251
-1.53602
-0.127211
-0.179281
0.270652
-0.0107213
0.196155
-0.260775
-0.265914
0.852432
1.21738
0.506117
0.160946
0.579401
-0.470655
0.245492
-0.312326
-2.1257
2.08441
1.59156
0.336967
-1.33887
-0.929006
-0.577645
-1.11934
0.311304
-3.56607
0.233689
1.12474
-0.621816
0.420004
0.928934
-0.357365
0.371212
-0.461012
0.433052
0.374542
-0.376037
-0.299677
-0.410266
-1.39055
1.3559
-1.56532
0.890022
0.497723
-0.0182501
-0.642572
0.222778
-0.242026
0.75451
0.190046
-0.544201
0.282972
1.26177
0.545258
0.497219
0.665851
-1.30661
-0.052824
1.0701
-0.187219
-0.772241
0.111021
0.725651
0.469408
2.04556
1.08864
-0.38985
0.662644
-0.173658
1.54011
0.245703
0.265829
-0.55274
0.432695
-0.443823
2.1204
-1.60407
-0.915143
3.85721
-0.261561
0.369697
-0.0874444
-0.641257
-1.67613
0.875442
0.0904446
-0.0209717
-0.447236
0.73412
-0.833483
-0.174499
0.946706
-0.0612536
0.204646
-0.398599
-0.771849
-0.188999
-0.030025
-1.44925
-0.594855
-0.647237
1.51738
-0.0663797
-0.285781
-2.45612
1.35782
-1.23098
0.73952
0.439735
-0.486761
0.348116
0.996131
-1.5246
-0.30133
-1.09086
-0.154718
0.455989
1.33821
-0.253757
0.826361
-0.147116
-0.600492
0.529785
0.36303
-0.222108
-0.929202
0.178817
0.162118
0.881089
3.58556
0.616818
1.53167
-0.463134
0.267909
-0.336707
-1.85237
0.1005
0.190652
-1.49529
0.550451
-0.919375
-0.244519
0.275355
0.908229
1.08786
0.69296
-0.264635
-0.858812
0.0470852
0.00656797
0.478814
0.0915627
-0.330803
2.59097
-1.30828
-1.05642
1.14976
-0.0174712
0.622858
0.998276
-0.0842437
1.58036
-0.725362
0.121192
0.887013
0.281059
-0.829559
1.50096
-0.339529
0.346484
0.795237
-0.784234
-1.30392
0.796507
-1.31657
